% f evaluations | g evaluations | best noise-free fitness - Fopt (-2.525000000000e+01) + sum g_i+ | measured fitness | best measured fitness or single-digit g-values | x1 | x2...
1 0 +4.929094336e+01 +2.404094336e+01 +2.404094336e+01 +0.0000e+00 +0.0000e+00 +0.0000e+00 +0.0000e+00 +0.0000e+00 +0.0000e+00 +0.0000e+00 +0.0000e+00 +0.0000e+00 +0.0000e+00
4 0 +3.761373089e+01 +1.236373089e+01 +1.236373089e+01 +3.4431e+00 -1.8743e+00 +8.3478e-03 -1.8184e-01 +2.2180e+00 +3.9641e+00 -3.9828e+00 -4.4278e-02 +2.2596e+00 -3.8380e+00
11 0 +3.229210305e+01 +7.042103055e+00 +7.042103055e+00 +1.3722e+00 -1.0526e+00 +1.3063e+00 +1.5101e+00 +3.1437e+00 +9.3272e-01 -2.1679e+00 -1.2606e+00 +1.5170e+00 -4.0944e+00
17 0 +2.764922758e+01 +2.399227576e+00 +2.399227576e+00 +2.6357e+00 +1.4118e+00 -1.1823e+00 -2.1768e+00 +3.5552e-01 +1.2758e+00 -5.8721e+00 +4.4284e-02 +1.9108e+00 -2.3156e+00
20 0 +2.734245440e+01 +2.092454396e+00 +2.092454396e+00 +1.9094e+00 +1.0611e+00 +8.2465e-01 +1.9190e+00 +2.7897e+00 -7.4721e-01 -3.3503e+00 -1.7116e+00 +1.5047e+00 -3.7410e+00
22 0 +2.245599003e+01 -2.794009972e+00 -2.794009972e+00 +2.1071e+00 -1.0985e+00 +6.7465e-01 -3.2284e+00 +2.7079e+00 +2.9149e-01 -4.6450e+00 -4.0565e+00 +1.3383e+00 -3.8534e+00
23 0 +1.753903605e+01 -7.710963953e+00 -7.710963953e+00 +1.5863e+00 -1.6757e+00 -3.2818e+00 -1.3784e+00 +3.0033e+00 -1.6735e+00 -1.7072e+00 -1.7485e+00 +1.1000e+00 -3.5834e+00
96 0 +1.610848970e+01 -9.141510298e+00 -9.141510298e+00 +2.9016e+00 +9.2299e-01 -4.4234e-01 -8.0856e-01 +3.8569e+00 +7.8543e-01 -3.0783e+00 -7.2226e-01 +4.5256e-02 +2.4031e-01
98 0 +5.590923271e+00 -1.965907673e+01 -1.965907673e+01 +3.9731e+00 +9.3677e-01 -1.9643e-01 -2.2630e+00 +2.4457e+00 +1.2337e-01 -2.4605e+00 -5.6600e-01 +1.0428e+00 -1.4689e+00
