% f evaluations | g evaluations | best noise-free fitness - Fopt (-2.525000000000e+01) + sum g_i+ | measured fitness | best measured fitness or single-digit g-values | x1 | x2...
1 0 +7.197402816e+01 +4.672402816e+01 +4.672402816e+01 +0.0000e+00 +0.0000e+00 +0.0000e+00 +0.0000e+00 +0.0000e+00 +0.0000e+00 +0.0000e+00 +0.0000e+00 +0.0000e+00 +0.0000e+00 +0.0000e+00 +0.0000e+00 +0.0000e+00 +0.0000e+00 +0.0000e+00 +0.0000e+00 +0.0000e+00 +0.0000e+00 +0.0000e+00 +0.0000e+00
35 0 +6.319706269e+01 +3.794706269e+01 +3.794706269e+01 +1.9777e+00 +1.5153e+00 -2.4424e+00 -2.8859e+00 +3.8456e+00 +7.8869e-01 -3.3300e+00 -6.1627e-01 +1.0177e+00 -3.0538e-01 -1.1240e+00 +2.0057e+00 +2.1712e+00 -4.8083e-02 +7.4832e-01 +1.6960e+00 -1.6061e+00 -2.1236e+00 +2.7213e+00 -2.1463e+00
53 0 +5.524274152e+01 +2.999274152e+01 +2.999274152e+01 +4.3316e+00 +1.2460e-01 -3.8683e+00 +1.6047e-02 +4.5359e+00 -5.8961e-02 -1.9281e+00 -1.7907e-01 +9.1678e-01 -6.0668e+00 -1.2102e+00 +2.7975e+00 -2.6254e+00 +1.5142e+00 +8.5288e-01 -1.8097e-01 -2.6028e+00 -2.6376e+00 +3.7176e-01 -1.8259e+00
142 0 +4.727936728e+01 +2.202936728e+01 +2.202936728e+01 +3.4720e+00 +4.4679e-01 -2.5289e-01 -3.6185e+00 +4.5314e+00 -7.9949e-01 -2.1558e+00 -3.7164e+00 +4.0937e+00 -4.0389e+00 +1.8845e+00 +8.5196e-01 -5.3929e+00 +1.5253e+00 +4.1096e+00 -1.2057e+00 -3.2493e+00 -2.6949e+00 +9.7746e-01 +1.9448e-01
149 0 +4.644342848e+01 +2.119342848e+01 +2.119342848e+01 +3.6243e+00 +7.2681e-01 -2.6374e+00 -1.4025e+00 +4.8484e+00 +4.5691e-01 -5.7013e-01 -3.1645e+00 +1.1816e+00 -6.5591e+00 +1.8340e+00 +3.3839e-01 -4.1859e+00 +3.2120e+00 +1.8157e+00 -1.6564e+00 -8.8007e-01 -2.6125e+00 +1.3250e+00 -4.0972e-01
152 0 +3.267986943e+01 +7.429869428e+00 +7.429869428e+00 +2.4937e+00 +1.3561e+00 -1.7791e+00 -2.0194e+00 +3.7836e+00 -6.8442e-01 -1.9173e+00 -3.2897e+00 +2.6893e+00 -3.3102e+00 +2.9408e+00 +1.6102e+00 -3.9066e+00 +2.1991e+00 +2.4463e+00 -1.5353e+00 -2.2564e+00 -2.1787e+00 +1.4631e+00 -4.3846e+00
181 0 +3.050881984e+01 +5.258819838e+00 +5.258819838e+00 +2.8947e+00 +4.0220e-02 -1.7191e+00 -1.2554e+00 +2.4956e+00 +8.6009e-01 -8.9456e-01 -3.3930e+00 +2.7512e+00 -3.6317e+00 +4.0094e+00 +3.9515e-01 -2.6176e+00 +2.7327e+00 +1.0881e+00 +1.4380e+00 -2.2583e+00 -1.7813e+00 -1.3410e+00 -2.4311e+00
184 0 +2.909836831e+01 +3.848368307e+00 +3.848368307e+00 +2.4719e+00 +2.2759e+00 -1.9860e+00 -3.7568e+00 +2.8477e+00 -1.9254e-01 -5.0100e-01 -1.5173e+00 +8.6048e-01 -4.2635e+00 +1.2935e+00 +2.4980e+00 -2.6513e+00 +1.7422e+00 +1.5232e+00 +3.1249e-01 -1.7841e+00 -9.1095e-01 -2.1014e+00 -2.0757e+00
201 0 +2.707614493e+01 +1.826144927e+00 +1.826144927e+00 +2.9444e+00 +1.0229e+00 -2.3502e+00 -2.9555e+00 +3.6075e+00 +2.3226e+00 -1.9075e+00 -9.4708e-01 +1.6183e-01 -4.1505e+00 +1.8800e+00 +1.3804e+00 -3.6714e+00 +1.4109e+00 +3.0093e+00 -1.1666e+00 -2.3584e+00 -2.0672e+00 -1.2152e+00 -2.3817e+00
