% f evaluations | g evaluations | best noise-free fitness - Fopt (7.135000000000e+01) + sum g_i+ | measured fitness | best measured fitness or single-digit g-values | x1 | x2...
1 0 +7.357246449e+01 +1.449224645e+02 +1.449224645e+02 +0.0000e+00 +0.0000e+00 +0.0000e+00 +0.0000e+00 +0.0000e+00 +0.0000e+00 +0.0000e+00 +0.0000e+00 +0.0000e+00 +0.0000e+00 +0.0000e+00 +0.0000e+00 +0.0000e+00 +0.0000e+00 +0.0000e+00 +0.0000e+00 +0.0000e+00 +0.0000e+00 +0.0000e+00 +0.0000e+00
5 0 +6.788989519e+01 +1.392398952e+02 +1.392398952e+02 +1.5748e-01 -5.0270e-01 +1.4296e+00 -2.4079e+00 -1.9601e-02 +1.2396e+00 +2.2619e+00 -3.0190e+00 -1.9759e+00 -2.6142e+00 -7.7142e-01 +2.1878e+00 +5.8246e-01 +1.3368e+00 -1.0955e+00 -9.3721e-01 +6.0687e-01 -5.7336e-01 +1.8098e+00 +9.1767e-02
6 0 +6.104520134e+01 +1.323952013e+02 +1.323952013e+02 +1.4571e+00 +1.2744e+00 +3.0429e-01 +1.0609e+00 +2.4851e-01 +6.1737e-01 +5.8185e+00 -1.3041e-01 -1.9127e-01 -1.5021e-01 -8.3258e-01 +1.6949e+00 -8.0051e-01 +2.6046e+00 +3.8612e-01 +1.1343e+00 -1.5159e+00 +1.4574e-01 -3.7129e+00 -1.7338e+00
8 0 +5.251833495e+01 +1.238683349e+02 +1.238683349e+02 -2.1184e+00 -3.0870e-01 +3.1251e+00 +2.9730e+00 -5.6028e-01 -4.2796e-01 -3.0222e+00 -8.2651e-01 +7.4077e-01 -5.6328e-01 +4.7206e+00 +2.2105e+00 -8.3344e-03 -1.9322e+00 -4.2977e-01 +4.3271e+00 -1.2924e+00 -1.7739e-01 +1.4651e+00 -1.6104e-01
9 0 +4.159677503e+01 +1.129467750e+02 +1.129467750e+02 -1.3288e+00 -2.1734e+00 +8.7684e-01 +1.8014e+00 -1.2559e+00 -1.2299e+00 +2.8280e-01 -2.2531e-01 -1.1130e+00 +1.4639e+00 -3.4645e+00 +1.1049e+00 +5.4895e-01 +1.4152e-01 -9.8237e-01 -1.5995e+00 -2.1682e+00 -2.8285e-02 +3.0946e-01 -9.2013e-01
32 0 +3.461845804e+01 +1.059684580e+02 +1.059684580e+02 -2.8778e+00 -1.8918e+00 +1.2784e+00 -8.9579e-01 +2.8729e-01 -5.8741e+00 -2.9200e+00 -1.2693e+00 +4.5376e-02 +1.4268e-01 +3.8193e+00 -7.5107e-01 +3.6672e-01 -4.5108e-01 +3.3466e+00 -4.5356e-02 -4.0869e-01 +2.3554e+00 +4.8476e-02 -2.4120e+00
% f evaluations | g evaluations | best noise-free fitness - Fopt (-3.552200000000e+02) + sum g_i+ | measured fitness | best measured fitness or single-digit g-values | x1 | x2...
1 0 +6.508868155e+01 -2.901313185e+02 -2.901313185e+02 +0.0000e+00 +0.0000e+00 +0.0000e+00 +0.0000e+00 +0.0000e+00 +0.0000e+00 +0.0000e+00 +0.0000e+00 +0.0000e+00 +0.0000e+00 +0.0000e+00 +0.0000e+00 +0.0000e+00 +0.0000e+00 +0.0000e+00 +0.0000e+00 +0.0000e+00 +0.0000e+00 +0.0000e+00 +0.0000e+00
2 0 +6.373266096e+01 -2.914873390e+02 -2.914873390e+02 -1.5990e+00 -2.0564e+00 +9.7766e-01 +1.4666e+00 +8.4296e-01 +2.1947e+00 -9.9060e-01 -7.8486e-02 -9.0998e-01 -3.0911e+00 -3.0633e+00 -2.0822e+00 -4.9069e+00 +2.7897e-03 +7.4266e-01 -2.0413e+00 +1.6068e+00 -4.2575e+00 +1.6782e+00 +3.9127e+00
5 0 +5.475157316e+01 -3.004684268e+02 -3.004684268e+02 +2.1328e+00 -1.8207e+00 -1.1972e+00 +4.9262e-01 +3.6304e+00 -2.1095e-01 +1.7269e+00 -3.1985e+00 -5.3284e-01 -1.3388e+00 +3.5408e+00 +2.0895e+00 -3.0138e-01 -1.0266e+00 -1.9542e+00 +6.3862e-01 -6.2493e-01 +4.0799e+00 -1.7570e+00 +4.0128e+00
11 0 +5.210527700e+01 -3.031147230e+02 -3.031147230e+02 +5.3559e-01 +4.8360e-01 -8.8836e-01 +2.5610e+00 +2.3398e+00 -5.2083e-01 -6.1931e-02 +9.0929e-01 +3.7287e-01 -2.2576e+00 -6.3312e-01 -3.1775e+00 +1.9495e+00 -1.1091e+00 -2.8751e+00 +9.6682e-01 +2.4683e+00 -8.7927e-01 +1.3754e+00 -2.1660e-01
16 0 +5.093257705e+01 -3.042874229e+02 -3.042874229e+02 +3.0880e+00 -2.7625e+00 +8.5222e-01 +3.3409e-01 +4.1137e+00 +5.4548e-01 +1.1667e+00 -3.9309e-01 +1.1622e+00 -2.6776e+00 +2.0157e-01 +1.4929e+00 -3.1399e-02 -2.2067e+00 -2.6848e+00 +8.6245e-01 -2.2573e-01 +5.6616e-01 -1.2585e+00 -6.9248e-01
28 0 +4.089555554e+01 -3.143244445e+02 -3.143244445e+02 -1.4765e+00 +3.1677e-01 +2.2038e+00 +2.3908e+00 +3.2715e+00 +2.9351e-01 +1.9219e+00 -5.7232e-01 +9.2819e-01 -6.5602e-01 +1.0161e+00 -3.7591e+00 +3.2201e+00 -3.4266e-01 -5.5291e-01 +1.9426e+00 +3.0858e+00 +8.0510e-02 -1.2703e+00 -2.5653e-01
% f evaluations | g evaluations | best noise-free fitness - Fopt (9.917000000000e+01) + sum g_i+ | measured fitness | best measured fitness or single-digit g-values | x1 | x2...
1 0 +6.985921835e+01 +1.690292183e+02 +1.690292183e+02 +0.0000e+00 +0.0000e+00 +0.0000e+00 +0.0000e+00 +0.0000e+00 +0.0000e+00 +0.0000e+00 +0.0000e+00 +0.0000e+00 +0.0000e+00 +0.0000e+00 +0.0000e+00 +0.0000e+00 +0.0000e+00 +0.0000e+00 +0.0000e+00 +0.0000e+00 +0.0000e+00 +0.0000e+00 +0.0000e+00
5 0 +6.544216072e+01 +1.646121607e+02 +1.646121607e+02 +2.1817e+00 -3.0244e+00 +3.3840e+00 -1.4180e-01 +3.6774e+00 -1.9195e+00 +7.5131e-02 +2.5125e+00 +4.0230e+00 +3.2379e+00 -2.2214e-01 -4.4274e-01 +2.6464e+00 -1.3003e-01 -8.2057e-01 +1.6951e+00 +8.5304e-01 +4.2440e+00 +4.0323e-02 -6.9729e-02
12 0 +5.563365552e+01 +1.548036555e+02 +1.548036555e+02 +2.2857e-01 +6.5653e-01 +1.6153e+00 -1.7722e+00 +6.0425e-01 -5.0081e+00 -2.3987e+00 +2.8791e+00 +4.5593e+00 +2.9882e-01 +1.4604e+00 -1.3465e+00 +6.8528e-01 +2.4896e+00 -5.2473e-01 -6.0622e+00 +2.1353e+00 +1.8994e+00 -2.0017e+00 +2.3007e-01
27 0 +4.441963238e+01 +1.435896324e+02 +1.435896324e+02 -6.4986e-01 -3.4806e-01 +3.0660e+00 +5.6748e-01 -5.1938e+00 -2.8876e+00 +8.5316e-01 +1.8421e+00 +2.1435e+00 +2.6841e+00 +2.1342e+00 +2.4772e+00 +7.6411e-01 +3.1487e+00 +3.5147e-03 -2.1490e+00 +3.1609e+00 +4.1100e+00 +5.2226e-02 +1.2433e+00
% f evaluations | g evaluations | best noise-free fitness - Fopt (-5.179100000000e+02) + sum g_i+ | measured fitness | best measured fitness or single-digit g-values | x1 | x2...
1 0 +6.469127597e+01 -4.532187240e+02 -4.532187240e+02 +0.0000e+00 +0.0000e+00 +0.0000e+00 +0.0000e+00 +0.0000e+00 +0.0000e+00 +0.0000e+00 +0.0000e+00 +0.0000e+00 +0.0000e+00 +0.0000e+00 +0.0000e+00 +0.0000e+00 +0.0000e+00 +0.0000e+00 +0.0000e+00 +0.0000e+00 +0.0000e+00 +0.0000e+00 +0.0000e+00
5 0 +6.392618998e+01 -4.539838100e+02 -4.539838100e+02 -2.0093e+00 +8.3205e-02 -8.8679e-01 -2.5362e+00 -3.3696e-01 -3.2473e-01 +1.1739e+00 -4.1015e-01 -2.1339e+00 +6.7522e-02 -4.3362e+00 +1.4732e+00 -2.7103e+00 -1.2456e+00 +1.3964e+00 -1.2103e+00 +1.3505e+00 -4.0431e-01 -4.7602e+00 -3.9385e-01
8 0 +4.652891044e+01 -4.713810896e+02 -4.713810896e+02 +5.7976e-01 +9.8450e-01 -4.8646e+00 +2.1706e+00 -1.1075e+00 -1.8768e+00 -2.3950e+00 -2.3138e+00 -2.7877e+00 -9.2801e-01 +4.2553e-01 -9.1065e-01 -5.9467e-01 +3.0424e-01 -3.7788e-01 -3.1794e+00 -2.3768e+00 -1.8456e+00 -6.2626e-01 +7.5843e-01
15 0 +4.446217131e+01 -4.734478287e+02 -4.734478287e+02 -1.0883e-02 +5.3496e-01 -3.5544e+00 +4.3513e+00 -1.6071e+00 -1.6896e+00 +1.1175e-01 +9.8719e-01 -8.9512e-02 -2.3325e+00 -6.2624e-01 +2.7343e-01 -1.0753e+00 +2.7694e+00 +3.3440e+00 -2.7151e+00 -5.2666e-02 -1.3850e+00 -3.5181e-02 +5.5317e+00
% f evaluations | g evaluations | best noise-free fitness - Fopt (-5.721000000000e+01) + sum g_i+ | measured fitness | best measured fitness or single-digit g-values | x1 | x2...
1 0 +8.082507635e+01 +2.361507635e+01 +2.361507635e+01 +0.0000e+00 +0.0000e+00 +0.0000e+00 +0.0000e+00 +0.0000e+00 +0.0000e+00 +0.0000e+00 +0.0000e+00 +0.0000e+00 +0.0000e+00 +0.0000e+00 +0.0000e+00 +0.0000e+00 +0.0000e+00 +0.0000e+00 +0.0000e+00 +0.0000e+00 +0.0000e+00 +0.0000e+00 +0.0000e+00
5 0 +7.336864210e+01 +1.615864210e+01 +1.615864210e+01 +2.9517e+00 -8.5311e-01 +2.2801e+00 -1.0970e+00 +9.1298e-01 -3.5823e+00 +1.3597e+00 +7.0916e-01 -3.0983e+00 -9.2976e-01 +8.0230e-02 -1.6971e+00 -2.2812e+00 -4.0077e-02 -2.6716e+00 -2.2200e-01 -3.5540e-01 -1.2634e+00 -1.4979e+00 +1.2976e+00
6 0 +6.908780580e+01 +1.187780580e+01 +1.187780580e+01 +1.7819e+00 +1.0895e+00 -8.3382e-01 +1.8032e-02 +2.8046e+00 -2.1547e+00 +5.3166e+00 -1.3798e+00 +3.6968e+00 +5.5288e-01 -5.1807e-01 -1.8376e+00 -2.9333e+00 +7.5155e-01 -3.2905e+00 -3.2361e+00 +3.6286e+00 +1.1121e-01 +2.7605e+00 -4.3837e+00
9 0 +4.662179384e+01 -1.058820616e+01 -1.058820616e+01 +1.5035e+00 -2.6497e-01 -2.8729e+00 -7.0408e-02 -1.8441e+00 -9.3516e-01 +5.6742e-01 +2.7793e-01 +1.1901e+00 -1.5303e+00 -3.6903e-01 -2.7441e+00 -5.0271e-01 +3.5295e+00 +6.5950e-01 -4.1279e+00 -3.9084e-01 -2.3042e-01 +8.4974e-02 -4.5808e+00
17 0 +4.075402943e+01 -1.645597057e+01 -1.645597057e+01 +4.2309e-01 -8.8068e-01 +1.5674e-01 +3.2433e+00 +1.9467e-01 -5.4124e-01 +2.5436e-01 -1.1338e+00 +1.7599e-01 -1.7064e+00 +4.3687e+00 -2.8472e-01 -2.6493e-01 +3.6083e+00 -1.2171e+00 -1.1664e+00 -8.4593e-01 -6.8249e-02 +1.0321e-01 -2.3228e+00
27 0 +3.468765297e+01 -2.252234703e+01 -2.252234703e+01 -1.6030e+00 -4.0984e+00 -3.1617e+00 +5.9969e+00 -1.5561e-01 +1.3016e-01 +8.7936e-01 -2.0772e+00 +5.9688e-01 +4.6375e-01 +1.0259e+00 +4.9802e+00 +7.5247e-01 +1.6508e+00 -2.0452e-01 -1.2057e+00 +1.4919e+00 -3.1687e+00 +8.4357e-02 -2.9577e+00
