% f evaluations | g evaluations | best noise-free fitness - Fopt (5.913000000000e+01) + sum g_i+ | measured fitness | best measured fitness or single-digit g-values | x1 | x2...
1 0 +2.310036092e+06 +2.310095222e+06 +2.310095222e+06 +0.0000e+00 +0.0000e+00 +0.0000e+00 +0.0000e+00 +0.0000e+00 +0.0000e+00 +0.0000e+00 +0.0000e+00 +0.0000e+00 +0.0000e+00 +0.0000e+00 +0.0000e+00 +0.0000e+00 +0.0000e+00 +0.0000e+00 +0.0000e+00 +0.0000e+00 +0.0000e+00 +0.0000e+00 +0.0000e+00
26 0 +2.126400410e+06 +2.126459540e+06 +2.126459540e+06 -1.8672e+00 -3.0775e+00 -1.2658e+00 -1.2503e+00 +6.3924e-02 -8.1805e-01 -6.0923e+00 +1.3217e+00 +4.3665e+00 -1.1898e+00 +1.6882e+00 +1.6264e+00 -1.5901e-01 -1.2462e+00 -1.8846e+00 -4.4868e+00 -8.1009e-01 +3.7002e-01 +4.1438e-01 -2.3052e+00
31 0 +1.558185046e+06 +1.558244176e+06 +1.558244176e+06 -1.9817e+00 -1.1306e+00 -1.4897e+00 +5.7264e-01 -8.3028e-01 +2.6934e+00 -1.3209e+00 +2.7327e+00 +3.0697e+00 -6.3564e-01 -7.7626e-01 -1.1323e+00 -9.3041e-01 +1.5866e+00 -4.5220e-01 -5.2114e+00 +1.9286e+00 +2.5389e+00 +6.7622e-02 -1.2058e-01
86 0 +5.265419364e+05 +5.266010664e+05 +5.266010664e+05 -1.4405e+00 -4.3725e+00 +1.8610e-01 -1.3657e+00 -1.5425e+00 -3.6891e+00 -6.7087e+00 +9.0085e+00 +7.9791e-01 -6.2290e+00 -1.5240e-01 +4.3698e-01 +7.7240e-01 -3.6849e+00 +1.9774e+00 -5.5239e+00 +3.8380e+00 +2.0267e+00 +2.3111e+00 +9.8022e-01
284 0 +5.174666972e+05 +5.175258272e+05 +5.175258272e+05 -2.0304e+00 -5.3978e+00 -6.6571e-01 -2.8839e-01 -2.1672e+00 -2.1139e+00 -3.1701e+00 +4.2538e+00 +1.0084e+00 -4.2900e+00 +3.8920e-01 -2.7391e+00 +1.0229e+00 -2.4549e+00 +5.2843e+00 -5.0634e+00 +2.9149e+00 +2.2424e+00 +3.1975e+00 +2.2511e+00
290 0 +4.376094627e+05 +4.376685927e+05 +4.376685927e+05 -2.7152e+00 -3.6020e+00 -1.7167e+00 -1.4207e+00 -1.7141e+00 -1.3656e+00 -2.1445e+00 +4.8748e+00 +7.9218e-01 -4.8396e+00 -2.2785e-01 -2.9688e+00 +1.0752e-01 -8.4928e-01 +2.5763e+00 -6.1085e+00 +2.4272e+00 +3.4780e+00 +3.9270e+00 +8.8318e-02
329 0 +2.755094685e+05 +2.755685985e+05 +2.755685985e+05 -1.4705e+00 -2.1006e+00 -9.2287e-01 -9.1782e-01 -2.8377e+00 -1.8514e+00 -1.3615e+00 +2.6334e+00 +1.4506e+00 -1.7294e+00 +3.3930e-01 -2.8575e+00 +1.5841e+00 -1.2598e+00 +2.0261e+00 -5.6985e+00 +1.2706e+00 +3.4501e+00 +3.4767e+00 +5.0263e-02
393 0 +2.188914543e+05 +2.189505843e+05 +2.189505843e+05 -2.7592e+00 -8.8706e-01 -8.7702e-02 -2.4025e+00 -4.0727e+00 -2.3209e+00 -6.1084e+00 +2.1212e+00 +1.8317e+00 -1.5364e+00 +3.8933e-01 -1.4130e+00 -1.8970e-01 -7.4211e-01 +7.1302e+00 -8.0443e+00 +1.5443e+00 +3.6258e+00 +3.7790e+00 -2.0115e-02
419 0 +1.325739894e+05 +1.326331194e+05 +1.326331194e+05 -2.8461e+00 -2.1075e+00 -1.3473e+00 -1.2226e+00 -3.6427e+00 -3.2719e+00 -1.5244e+00 +3.0828e+00 +1.0598e+00 -1.8811e+00 +7.7063e-01 -2.8488e+00 -2.0670e-01 -6.0722e-03 +6.9252e+00 -7.2763e+00 +1.1179e+00 +2.9153e+00 +4.6547e+00 +1.1742e+00
