% f evaluations | g evaluations | best noise-free fitness - Fopt (3.590000000000e+01) + sum g_i+ | measured fitness | best measured fitness or single-digit g-values | x1 | x2...
1 0 +7.743465359e+05 +7.743824359e+05 +7.743824359e+05 +0.0000e+00 +0.0000e+00 +0.0000e+00 +0.0000e+00 +0.0000e+00 +0.0000e+00 +0.0000e+00 +0.0000e+00 +0.0000e+00 +0.0000e+00 +0.0000e+00 +0.0000e+00 +0.0000e+00 +0.0000e+00 +0.0000e+00 +0.0000e+00 +0.0000e+00 +0.0000e+00 +0.0000e+00 +0.0000e+00
30 0 +5.928406339e+05 +5.928765339e+05 +5.928765339e+05 -2.5376e-01 -2.5193e+00 +3.3736e+00 +1.6217e-01 -1.6686e+00 +9.6758e-01 +2.7322e-02 -1.3888e+00 +1.8080e+00 +2.3665e+00 -1.2063e-01 +4.9889e+00 +1.7955e+00 -1.4269e+00 -3.3167e-01 -4.1097e+00 +3.6292e+00 +1.4796e+00 -3.0468e+00 -3.1432e+00
44 0 +5.881971961e+05 +5.882330961e+05 +5.882330961e+05 +5.4086e-01 +1.4170e-01 +3.6422e+00 +8.0831e-01 -1.8572e+00 -4.1915e-01 +4.4354e+00 -4.4112e-01 +3.2641e+00 +1.5172e+00 -6.6682e+00 +1.7605e+00 +1.9029e+00 -1.0741e+00 -1.7105e+00 -3.7149e+00 +1.7597e+00 +1.3912e+00 -2.5686e+00 -3.8885e-01
61 0 +5.261085967e+05 +5.261444967e+05 +5.261444967e+05 -1.6807e+00 -1.3006e-01 +2.9823e+00 +1.4833e+00 -6.7602e-01 -3.2782e+00 +3.8346e-01 -1.0979e+00 +5.8805e-01 +2.0135e+00 -4.5540e+00 +3.9513e+00 +2.9163e-01 +7.9629e-01 -2.0638e+00 -3.0287e+00 +5.8070e+00 +2.8466e+00 -2.0234e+00 -1.5363e+00
72 0 +5.002653032e+05 +5.003012032e+05 +5.003012032e+05 -9.0166e-01 -9.1560e-01 +2.4013e+00 +2.4347e+00 -4.6458e-01 +5.4422e-01 +3.2031e+00 +1.7279e+00 +3.5951e-01 +1.5329e+00 -1.7524e+00 +4.2016e+00 +2.9756e+00 -9.3485e-01 -2.0477e+00 -5.1691e+00 +4.1484e+00 +4.6249e+00 -5.5992e+00 -3.6725e+00
82 0 +4.506425858e+05 +4.506784858e+05 +4.506784858e+05 -2.5018e+00 +2.0074e-01 +3.9337e+00 +2.4404e+00 -6.3522e-01 -2.9341e+00 +9.7073e-01 -6.0680e-01 +2.7242e+00 +1.9719e+00 -4.4256e+00 +1.5407e-01 +1.6086e+00 -2.0417e+00 +1.6862e+00 -6.3326e+00 +5.2809e+00 +2.3708e+00 -1.2406e+00 -2.4446e+00
89 0 +4.364741008e+05 +4.365100008e+05 +4.365100008e+05 -8.5690e-01 +1.1643e+00 -1.0181e+00 +2.0249e+00 -2.6774e+00 +4.2825e-01 +4.7738e+00 -4.4651e+00 +4.7449e-01 +2.5436e+00 -4.1696e+00 -3.4885e-01 +3.3332e+00 -1.2349e+00 +2.7042e+00 -4.9948e+00 +2.0441e+00 +4.0239e+00 -3.8673e+00 -1.2131e+00
95 0 +3.173132602e+05 +3.173491602e+05 +3.173491602e+05 +9.2383e-02 -8.7523e-01 +2.2025e+00 +2.2723e+00 -3.6802e+00 -1.5369e+00 -1.8372e+00 -2.3314e+00 +1.2552e-01 -1.0233e+00 +5.9509e-01 -3.0104e+00 +8.8527e-01 -1.5935e+00 +8.6014e-02 -1.5316e+00 +7.2797e+00 +3.0315e+00 -2.5421e+00 -1.6439e+00
100 0 +3.038085628e+05 +3.038444628e+05 +3.038444628e+05 -3.3038e+00 +1.8261e+00 +5.2184e+00 +2.9491e+00 -2.8102e+00 -3.1030e+00 -2.6298e+00 -6.5653e+00 -2.1964e-02 -9.2476e-01 -2.5009e+00 -2.5064e+00 +4.9581e+00 -9.0903e-01 +4.1981e-01 -5.1817e+00 +6.0469e+00 +3.1038e+00 -4.6030e+00 -1.1703e+00
104 0 +2.351852007e+05 +2.352211007e+05 +2.352211007e+05 -1.9799e+00 +3.3053e+00 +3.6243e+00 +2.3722e+00 -2.7659e+00 -1.8468e+00 -1.8165e+00 -3.8244e+00 +2.4575e+00 +4.4639e-01 -4.5370e+00 +2.0186e+00 +2.3672e+00 -1.1553e+00 -6.3382e-01 -7.3025e+00 +6.7324e+00 +5.4082e+00 -3.4009e+00 -4.6543e+00
106 0 +2.161331448e+05 +2.161690448e+05 +2.161690448e+05 -8.5196e-01 -7.1047e-01 +2.4236e+00 -5.1409e-01 -2.3872e+00 -2.2913e+00 +3.7577e+00 -3.3333e+00 +2.9693e+00 +8.1575e-01 -9.3691e-01 +3.4378e-01 +4.3922e+00 +1.6440e+00 +9.5234e-01 -3.9344e+00 +5.5193e+00 +5.9060e+00 -1.6321e+00 -3.2851e+00
123 0 +1.420808491e+05 +1.421167491e+05 +1.421167491e+05 -8.6571e-01 +3.3579e+00 +3.9140e+00 +1.8376e+00 -2.7685e+00 -7.0033e+00 -1.6573e+00 -1.3858e+00 +3.4728e+00 -2.4432e+00 -5.8049e+00 +3.7862e-02 +4.3227e+00 -2.0136e+00 -3.8649e-01 -2.7862e+00 +4.6551e+00 +7.1071e+00 -9.5563e-01 -3.8260e+00
135 0 +6.606932837e+04 +6.610522837e+04 +6.610522837e+04 -1.8825e+00 +2.2636e+00 +5.2038e+00 +2.6445e+00 -1.5746e+00 -6.5761e+00 +1.0403e+00 -3.4991e+00 +5.1531e+00 -4.4917e+00 -2.1207e+00 +2.3995e-01 +5.3373e+00 +5.1642e-01 +7.9334e-01 -5.6837e+00 +6.8272e+00 +9.8742e+00 -3.5742e-01 -4.2777e+00
151 0 +6.074342006e+04 +6.077932006e+04 +6.077932006e+04 -2.6500e+00 +4.7018e+00 +5.0962e+00 +2.4983e+00 -3.2364e+00 -6.0296e+00 -1.6588e+00 -3.9497e+00 +2.4950e+00 -4.2282e+00 -6.6684e+00 -1.0144e+00 +4.9082e+00 -2.6855e+00 +9.3365e-01 -7.8423e+00 +6.3153e+00 +1.1515e+01 -4.7852e+00 -2.0374e+00
155 0 +5.951448222e+04 +5.955038222e+04 +5.955038222e+04 -4.6597e+00 +2.2462e+00 +4.6157e+00 +2.8612e+00 +4.3178e-01 -5.8555e+00 +9.6974e-01 -4.4593e+00 +4.6722e+00 -4.0447e+00 -2.4308e+00 -1.8073e+00 +3.4519e+00 -1.3201e+00 +1.9370e+00 -2.0537e+00 +3.1003e+00 +1.0167e+01 -2.8091e+00 -6.2630e+00
169 0 +2.719895513e+04 +2.723485513e+04 +2.723485513e+04 -1.9488e+00 +2.2569e+00 +5.5688e+00 +1.3971e+00 -1.9683e+00 -3.7191e+00 +2.0796e+00 -3.5624e+00 +5.1786e+00 -1.5959e+00 -3.4415e+00 -1.1643e+00 +5.7735e+00 -2.0458e+00 +3.2466e-01 -4.7131e+00 +5.1836e+00 +1.1165e+01 -2.8432e+00 -7.0414e+00
244 0 +5.803307604e+02 +6.162307604e+02 +6.162307604e+02 -1.0856e+00 +6.5375e+00 +1.0928e+01 +5.1818e+00 -6.7151e+00 -3.0876e+00 -2.1104e+00 -2.6563e+00 +8.9283e-01 -5.5573e+00 -5.4039e+00 +7.1079e-01 +2.2345e+00 -1.2554e+00 +1.6824e+00 -1.0051e+01 +4.8788e+00 +1.1715e+01 -6.3206e+00 -8.8359e+00
480 0 +5.480621407e+02 +5.839621407e+02 +5.839621407e+02 +1.3391e-01 +5.9951e+00 +4.0735e+00 +9.5851e+00 -1.8642e+00 -1.0896e+01 +8.6975e-01 -5.5943e+00 +5.0016e+00 -5.7616e+00 -3.9680e+00 -1.3986e+00 -1.3763e+00 -5.7620e+00 -2.1520e+00 -9.5292e+00 +3.3835e+00 +1.2792e+01 -4.4516e+00 -9.8514e+00
