% f evaluations | g evaluations | best noise-free fitness - Fopt (-2.471100000000e+02) + sum g_i+ | measured fitness | best measured fitness or single-digit g-values | x1 | x2...
1 0 +1.231669958e+02 -1.239430042e+02 -1.239430042e+02 +0.0000e+00 +0.0000e+00 +0.0000e+00 +0.0000e+00 +0.0000e+00 +0.0000e+00 +0.0000e+00 +0.0000e+00 +0.0000e+00 +0.0000e+00 +0.0000e+00 +0.0000e+00 +0.0000e+00 +0.0000e+00 +0.0000e+00 +0.0000e+00 +0.0000e+00 +0.0000e+00 +0.0000e+00 +0.0000e+00
46 0 +1.157898500e+02 -1.313201500e+02 -1.313201500e+02 -1.6863e+00 -4.4055e-04 +2.6450e+00 -4.5946e+00 +1.8934e-01 -1.4612e+00 +3.4955e+00 -1.0182e+00 -3.0494e+00 +3.4683e+00 +1.8254e+00 +1.1069e+00 -3.1672e+00 -8.4305e-01 +1.7011e+00 +2.3503e+00 +9.8779e-01 +1.1702e+00 +7.6645e-01 -8.3412e-01
62 0 +8.753458241e+01 -1.595754176e+02 -1.595754176e+02 -2.2260e+00 -9.5282e-02 +2.5813e+00 -1.1676e+00 -3.7107e+00 -1.2408e+00 +6.1875e+00 -2.9031e+00 -4.3470e+00 +2.9332e+00 +2.5146e+00 +5.8969e-01 -9.0099e-02 +1.4813e+00 +1.3867e+00 +3.1700e+00 +2.5345e+00 +5.5046e-01 +2.6734e+00 +1.9883e+00
74 0 +8.052280477e+01 -1.665871952e+02 -1.665871952e+02 -5.3652e-01 -2.8624e-01 +2.1087e+00 -3.5376e+00 -3.8890e+00 -6.2165e-01 +5.9401e+00 -3.7870e+00 -1.2607e+00 +2.3547e+00 +5.4924e+00 +3.9512e+00 -2.9449e-01 +4.4008e-01 +2.1296e+00 +1.0897e+00 +3.1362e+00 +1.2450e+00 -4.1583e-01 +2.3597e+00
75 0 +7.007747509e+01 -1.770325249e+02 -1.770325249e+02 -9.3283e-02 +1.3049e+00 -5.4133e-01 -3.3848e+00 -1.4885e+00 -3.4871e-01 +4.9007e+00 -3.8294e+00 -2.6953e+00 +2.5228e+00 +7.8731e-01 +8.2913e-01 -3.4410e-02 +3.5671e-02 +6.8191e+00 +1.4706e+00 +6.6133e+00 +9.8090e-01 +2.4487e+00 +7.6802e-01
114 0 +6.185622061e+01 -1.852537794e+02 -1.852537794e+02 -1.3744e+00 -3.0953e+00 +1.9361e+00 -1.5350e+00 -2.9205e+00 -8.5099e-02 +2.4703e+00 -6.6240e+00 -7.9302e-01 +2.1504e+00 +2.1449e+00 +1.3151e+00 +6.9015e-01 +4.8745e-01 +2.9714e+00 +1.7623e+00 +5.6922e-02 +5.2966e-02 +3.4664e+00 -1.0561e+00
134 0 +4.961440047e+01 -1.974955995e+02 -1.974955995e+02 -2.4401e-01 +2.1570e-01 -2.2984e-01 -4.5288e+00 -2.6963e+00 +6.5358e-03 +1.4965e+00 -4.0773e+00 -1.2636e+00 +2.2199e+00 +1.6747e-01 +1.7299e+00 +8.2755e-02 +3.5477e+00 +4.3583e+00 +1.3904e+00 +1.7985e+00 -1.5753e+00 +2.9211e+00 +1.6006e+00
137 0 +3.437075895e+01 -2.127392410e+02 -2.127392410e+02 -4.4965e+00 +2.3472e+00 -9.2930e-01 -2.6879e+00 -2.6240e+00 +2.0671e+00 +3.8493e+00 -4.1073e+00 -1.3817e+00 +1.1532e+00 +1.8738e+00 -1.5328e+00 +1.8203e+00 +4.4787e-01 +5.1358e+00 +2.3474e+00 +3.1400e+00 +2.3606e+00 +2.8268e+00 +1.6385e+00
205 0 +3.313317059e+01 -2.139768294e+02 -2.139768294e+02 -3.5432e+00 -7.3450e-01 +1.6005e+00 -4.6687e+00 -5.1167e-01 +1.8406e+00 +2.2833e+00 -2.8431e+00 +5.3609e-01 +2.6364e+00 +1.1526e+00 +1.1146e+00 +2.9425e+00 +1.1839e+00 +5.6599e+00 +2.4002e+00 +1.5159e+00 +4.4210e-01 +2.3882e+00 -2.2541e+00
