% f evaluations | g evaluations | best noise-free fitness - Fopt (-2.471100000000e+02) + sum g_i+ | measured fitness | best measured fitness or single-digit g-values | x1 | x2...
1 0 +3.817688832e+01 -2.089331117e+02 -2.089331117e+02 +0.0000e+00 +0.0000e+00 +0.0000e+00 +0.0000e+00 +0.0000e+00
4 0 +3.806783038e+01 -2.090421696e+02 -2.090421696e+02 -1.6477e+00 -3.7764e+00 +3.3835e+00 -2.9643e+00 -2.4109e+00
5 0 +3.157425030e+01 -2.155357497e+02 -2.155357497e+02 -1.2574e+00 -7.7688e-01 -3.6567e+00 -1.9271e+00 +4.0091e-01
12 0 +2.078983185e+01 -2.263201681e+02 -2.263201681e+02 -7.6583e-02 +2.4064e-01 -2.3405e-01 -2.4531e+00 -8.2002e-01
15 0 +2.022013948e+01 -2.268898605e+02 -2.268898605e+02 -8.9261e-01 +7.5007e-01 -3.2005e+00 -2.0650e+00 -1.5067e+00
20 0 +1.607342408e+01 -2.310365759e+02 -2.310365759e+02 -4.0097e+00 +1.3120e+00 -2.3582e-01 -4.5149e-01 -1.0753e+00
23 0 +1.261790207e+01 -2.344920979e+02 -2.344920979e+02 -3.7413e-01 +8.0138e-01 -7.2710e-01 -3.5180e+00 -3.8085e+00
30 0 +9.324861320e+00 -2.377851387e+02 -2.377851387e+02 -2.7431e+00 -1.1569e-01 +3.2382e-01 -3.6708e+00 -5.7598e+00
42 0 +4.506360892e+00 -2.426036391e+02 -2.426036391e+02 -3.5589e+00 +5.4755e-01 -2.1596e+00 -4.0629e+00 -4.5261e+00
