% f evaluations | g evaluations | best noise-free fitness - Fopt (7.135000000000e+01) + sum g_i+ | measured fitness | best measured fitness or single-digit g-values | x1 | x2...
1 0 +7.357246449e+01 +1.449224645e+02 +1.449224645e+02 +0.0000e+00 +0.0000e+00 +0.0000e+00 +0.0000e+00 +0.0000e+00 +0.0000e+00 +0.0000e+00 +0.0000e+00 +0.0000e+00 +0.0000e+00 +0.0000e+00 +0.0000e+00 +0.0000e+00 +0.0000e+00 +0.0000e+00 +0.0000e+00 +0.0000e+00 +0.0000e+00 +0.0000e+00 +0.0000e+00
3 0 +3.120113212e+01 +1.025511321e+02 +1.025511321e+02 -2.4999e+00 +1.5016e+00 -1.4001e-01 +2.5591e+00 -1.3538e+00 +2.2382e+00 -1.2351e+00 +2.8887e+00 -2.4102e-01 -1.0555e+00 -2.6495e+00 +1.2404e+00 -2.9781e+00 +3.3196e+00 -3.3947e+00 -2.1126e+00 +2.9714e+00 -4.2051e+00 -2.0282e+00 +1.5245e+00
% f evaluations | g evaluations | best noise-free fitness - Fopt (-3.552200000000e+02) + sum g_i+ | measured fitness | best measured fitness or single-digit g-values | x1 | x2...
1 0 +6.508868155e+01 -2.901313185e+02 -2.901313185e+02 +0.0000e+00 +0.0000e+00 +0.0000e+00 +0.0000e+00 +0.0000e+00 +0.0000e+00 +0.0000e+00 +0.0000e+00 +0.0000e+00 +0.0000e+00 +0.0000e+00 +0.0000e+00 +0.0000e+00 +0.0000e+00 +0.0000e+00 +0.0000e+00 +0.0000e+00 +0.0000e+00 +0.0000e+00 +0.0000e+00
3 0 +4.794836599e+01 -3.072716340e+02 -3.072716340e+02 -1.3861e-01 -1.2428e+00 -2.9470e+00 -4.6212e-01 -5.0324e+00 -2.9948e+00 +1.2273e+00 +1.3295e+00 +7.6820e-01 -4.7778e+00 -1.6838e+00 +7.4415e-01 -2.2060e+00 +1.7799e+00 -2.7495e-01 -2.8959e-01 +8.0423e-01 -1.6254e+00 -3.3868e+00 +2.0508e+00
5 0 +4.526084122e+01 -3.099591588e+02 -3.099591588e+02 +2.8366e-01 +3.2604e+00 -3.5543e+00 +1.6566e+00 +1.8769e+00 -2.2562e+00 +3.4191e+00 -3.8428e-01 +8.7471e-01 -1.0179e+00 +1.8739e+00 -2.0291e+00 +3.0445e+00 -1.0756e+00 -3.3367e+00 +1.0328e+00 +1.0176e+00 +2.4509e+00 +3.3145e+00 -1.2625e+00
% f evaluations | g evaluations | best noise-free fitness - Fopt (9.917000000000e+01) + sum g_i+ | measured fitness | best measured fitness or single-digit g-values | x1 | x2...
1 0 +6.985921835e+01 +1.690292183e+02 +1.690292183e+02 +0.0000e+00 +0.0000e+00 +0.0000e+00 +0.0000e+00 +0.0000e+00 +0.0000e+00 +0.0000e+00 +0.0000e+00 +0.0000e+00 +0.0000e+00 +0.0000e+00 +0.0000e+00 +0.0000e+00 +0.0000e+00 +0.0000e+00 +0.0000e+00 +0.0000e+00 +0.0000e+00 +0.0000e+00 +0.0000e+00
3 0 +6.721361770e+01 +1.663836177e+02 +1.663836177e+02 -8.0797e-01 +3.0604e-01 +7.1649e-01 -6.1142e-01 +6.5806e-01 +6.6833e-01 -8.5939e-01 -8.2824e-01 +3.3297e+00 +4.1203e+00 -3.0070e+00 +1.2561e+00 -1.2445e+00 +2.9244e-01 -1.2768e+00 +2.2609e+00 -1.7775e+00 -1.5296e+00 +1.0041e-01 +1.0306e+00
4 0 +5.995301650e+01 +1.591230165e+02 +1.591230165e+02 +1.6731e+00 +4.6785e-01 +1.7367e+00 +5.8142e-02 -9.7705e-01 -1.5947e+00 +1.8857e+00 -1.3337e+00 +3.3847e+00 +1.4150e+00 -8.4985e-01 +2.5873e+00 -1.6058e+00 +7.8807e-02 -2.0415e+00 +1.3048e+00 +5.4913e-01 +9.0573e-01 +1.1629e+00 -1.0670e-01
29 0 +5.344738360e+01 +1.526173836e+02 +1.526173836e+02 +2.7956e+00 +4.3824e-01 +5.5053e+00 -1.1062e+00 -2.6645e+00 +3.2450e+00 +1.5093e+00 -2.4429e+00 -2.9346e+00 -4.4299e-01 -1.1524e-01 +8.3669e-01 -1.9658e+00 +1.0856e-01 +4.9208e+00 +9.1383e-01 +1.1453e+00 -2.7545e+00 -2.2618e+00 +3.0833e+00
31 0 +4.714528932e+01 +1.463152893e+02 +1.463152893e+02 +1.2887e+00 +1.5252e+00 +2.2982e+00 +2.0713e+00 -1.5671e+00 +2.4852e+00 +4.5512e+00 +2.7015e+00 +1.6154e-01 -3.3326e-01 -3.7095e+00 +2.5311e+00 +8.6680e-01 +4.2657e+00 -1.1579e+00 -4.4392e+00 -7.5163e-01 -1.0726e-02 +7.1480e-01 -1.1764e+00
36 0 +4.474029762e+01 +1.439102976e+02 +1.439102976e+02 +4.9801e+00 +4.1897e+00 +2.5895e+00 -1.3014e+00 +1.8481e-01 +4.1152e+00 +6.3634e+00 +1.2192e+00 +4.2970e+00 -1.5924e+00 +2.2250e-01 +1.0803e+00 -2.0658e-01 -2.0466e-01 +1.4907e+00 -2.0223e+00 -6.8020e-01 +8.5368e-01 +2.2317e+00 +1.2093e+00
% f evaluations | g evaluations | best noise-free fitness - Fopt (-5.179100000000e+02) + sum g_i+ | measured fitness | best measured fitness or single-digit g-values | x1 | x2...
1 0 +6.469127597e+01 -4.532187240e+02 -4.532187240e+02 +0.0000e+00 +0.0000e+00 +0.0000e+00 +0.0000e+00 +0.0000e+00 +0.0000e+00 +0.0000e+00 +0.0000e+00 +0.0000e+00 +0.0000e+00 +0.0000e+00 +0.0000e+00 +0.0000e+00 +0.0000e+00 +0.0000e+00 +0.0000e+00 +0.0000e+00 +0.0000e+00 +0.0000e+00 +0.0000e+00
3 0 +6.442637883e+01 -4.534836212e+02 -4.534836212e+02 +1.0291e+00 -7.0493e-01 +6.4337e-01 +6.2286e-01 -4.0366e+00 +4.9343e+00 +1.7446e+00 -1.3446e+00 +1.4519e+00 -1.8559e+00 -9.0581e-01 +1.0312e+00 -1.6691e+00 -3.9760e-01 -1.7679e+00 -1.1360e+00 +2.0217e+00 -1.9157e+00 -3.1398e+00 -3.6430e+00
7 0 +6.048661906e+01 -4.574233809e+02 -4.574233809e+02 +2.5780e+00 -2.6852e+00 -1.1736e+00 -2.4864e+00 +2.1905e+00 +2.8003e-01 -3.2247e+00 +9.6465e-01 -5.0395e-01 -3.0199e+00 -3.8781e-01 -1.6361e+00 -1.3339e+00 -3.1098e-02 -1.8453e+00 +9.4342e-01 -1.2030e+00 -1.5713e+00 -2.6936e+00 +3.2206e+00
8 0 +5.979012825e+01 -4.581198717e+02 -4.581198717e+02 -1.0368e+00 +1.3746e+00 +2.3300e-01 -3.7295e+00 -1.1456e+00 +4.3211e+00 +1.1887e+00 -5.0998e-01 +1.7604e+00 +1.4232e+00 -1.9935e+00 +1.9386e+00 -3.7923e+00 -3.6945e+00 -4.1963e+00 -4.4678e+00 -1.1013e+00 -8.5699e-01 +3.3617e+00 +1.4786e+00
13 0 +5.063540138e+01 -4.672745986e+02 -4.672745986e+02 +2.4255e+00 -1.8916e+00 -9.0500e-01 -1.5589e+00 -2.4130e+00 +1.5080e+00 -1.0479e+00 -2.0933e+00 -1.5358e+00 -3.8924e-01 -3.2288e+00 +2.1340e+00 +1.6517e-01 -2.0200e+00 -2.6091e+00 +1.3872e+00 -1.5341e+00 -4.0084e-01 -2.2895e+00 -1.1455e+00
25 0 +4.506363767e+01 -4.728463623e+02 -4.728463623e+02 +9.9952e-02 -2.0448e+00 -4.7901e+00 -2.7293e+00 -2.7544e+00 -1.5946e+00 +2.7602e+00 +1.3460e+00 -7.9801e-01 +1.8053e+00 -1.3992e+00 +1.8233e+00 +1.6196e+00 -4.4712e+00 -1.9607e+00 -9.5326e-01 -1.1318e+00 -1.8502e-01 +2.2729e+00 -1.4618e+00
% f evaluations | g evaluations | best noise-free fitness - Fopt (-5.721000000000e+01) + sum g_i+ | measured fitness | best measured fitness or single-digit g-values | x1 | x2...
1 0 +8.082507635e+01 +2.361507635e+01 +2.361507635e+01 +0.0000e+00 +0.0000e+00 +0.0000e+00 +0.0000e+00 +0.0000e+00 +0.0000e+00 +0.0000e+00 +0.0000e+00 +0.0000e+00 +0.0000e+00 +0.0000e+00 +0.0000e+00 +0.0000e+00 +0.0000e+00 +0.0000e+00 +0.0000e+00 +0.0000e+00 +0.0000e+00 +0.0000e+00 +0.0000e+00
2 0 +7.338046216e+01 +1.617046216e+01 +1.617046216e+01 -3.7935e+00 +1.6478e+00 +5.2001e-01 -1.4861e+00 +5.2465e+00 +3.3662e+00 +1.4970e+00 +5.7933e+00 -1.0263e+00 -3.2131e+00 +3.5635e+00 +2.4964e+00 +5.3675e-01 +5.7504e-01 +4.7946e-01 +3.3602e-01 +7.3486e-01 -2.6760e+00 +1.2228e+00 +4.2811e-01
5 0 +6.334616040e+01 +6.136160402e+00 +6.136160402e+00 -1.9127e+00 +3.2279e-01 -1.6816e+00 +2.2247e+00 +2.3409e+00 -3.1311e+00 +8.0437e-01 +2.8919e+00 -3.8200e+00 -3.7030e+00 +8.3872e-02 +5.5180e+00 +2.0334e+00 +2.8621e+00 +4.2424e+00 -3.8921e+00 -1.6288e+00 +2.2175e-01 -1.2087e+00 +1.3787e+00
9 0 +5.893408095e+01 +1.724080951e+00 +1.724080951e+00 +1.6743e+00 +3.6758e-01 +3.5973e+00 +3.1900e-02 +4.5764e+00 -2.8381e+00 -5.5442e-01 +1.4709e+00 -1.2463e+00 -4.1535e+00 -1.4012e+00 +2.0527e+00 +4.0195e-01 -1.5768e-01 -1.2422e-01 -1.7392e+00 +2.3700e+00 +9.2902e-01 -1.6021e+00 -9.0792e-01
13 0 +4.948629074e+01 -7.723709265e+00 -7.723709265e+00 +1.8192e+00 +5.6093e+00 +2.2914e+00 +3.6880e+00 -2.4561e+00 -3.5359e+00 -1.5588e+00 -3.7493e-01 -1.5297e+00 +6.4305e-01 +1.2526e-01 +2.1809e+00 +2.0390e+00 -2.4957e-01 +9.9890e-02 +1.1981e+00 -1.8077e+00 -4.8398e+00 -6.9156e-01 +1.0052e+00
20 0 +4.347853281e+01 -1.373146719e+01 -1.373146719e+01 +2.4800e+00 +4.3479e+00 +2.6123e+00 +1.8985e+00 +2.6200e-01 -5.1078e+00 -4.6965e+00 -1.1438e+00 -2.8381e+00 -5.4237e-01 -1.3071e+00 +5.6133e+00 +3.8669e+00 -2.6432e+00 +3.3035e-01 -1.8644e+00 +2.9769e+00 -4.3865e+00 -1.7623e+00 +3.2080e+00
