% f evaluations | g evaluations | best noise-free fitness - Fopt (-1.694000000000e+01) + sum g_i+ | measured fitness | best measured fitness or single-digit g-values | x1 | x2...
1 0 +1.581765120e+02 +1.412365120e+02 +1.412365120e+02 +0.0000e+00 +0.0000e+00 +0.0000e+00 +0.0000e+00 +0.0000e+00 +0.0000e+00 +0.0000e+00 +0.0000e+00 +0.0000e+00 +0.0000e+00 +0.0000e+00 +0.0000e+00 +0.0000e+00 +0.0000e+00 +0.0000e+00 +0.0000e+00 +0.0000e+00 +0.0000e+00 +0.0000e+00 +0.0000e+00
3 0 +1.328595676e+02 +1.159195676e+02 +1.159195676e+02 +1.9871e+00 +9.3750e-01 -2.1301e+00 -4.5946e+00 -1.6578e+00 +1.8430e+00 -2.8021e-01 +1.6043e+00 -2.0134e+00 -1.2533e+00 +2.6379e+00 +2.0401e+00 +1.2212e-01 +1.9053e+00 -2.1373e+00 -2.8460e+00 +8.3490e-01 -3.5789e-01 +1.9707e+00 +1.7752e+00
9 0 +1.080273273e+02 +9.108732729e+01 +9.108732729e+01 +2.3607e+00 +5.5205e+00 +4.6370e-01 -4.5923e+00 +3.7258e+00 +3.0115e+00 -9.1150e-01 +2.5061e+00 +7.3818e-01 -4.9476e-01 +2.4879e+00 -7.9857e-01 -1.5380e+00 -5.1306e-01 -2.6265e-01 +1.9292e+00 -1.4025e+00 -4.6103e-01 +2.8216e+00 -1.6719e+00
10 0 +8.892654385e+01 +7.198654385e+01 +7.198654385e+01 +2.0921e+00 +1.3694e-01 -5.3292e-02 +6.1575e-02 +1.9994e-02 +4.1492e+00 +3.4827e+00 +1.6400e+00 -1.9016e+00 -5.1271e-01 +1.6321e+00 +1.2780e+00 -2.2788e-01 -1.7366e-01 -1.0468e+00 -6.2636e-01 -4.1076e-01 +9.1449e-01 +2.8356e+00 -2.1357e+00
16 0 +8.251216193e+01 +6.557216193e+01 +6.557216193e+01 -5.5662e-01 +3.8727e-01 -1.2747e-01 -3.1544e+00 -1.2029e-01 +3.4234e+00 +3.0869e+00 +2.9753e+00 -1.1502e+00 +8.8516e-01 +5.1210e+00 -3.3820e+00 -1.4822e+00 -1.8101e+00 +2.1488e+00 +2.8170e-01 -2.0925e+00 -1.7019e+00 +3.1844e+00 -2.7352e+00
17 0 +6.583894849e+01 +4.889894849e+01 +4.889894849e+01 +5.4063e+00 +4.3821e+00 -3.1163e+00 -1.0005e+00 +8.4272e-01 -7.8756e-01 +4.2461e+00 +4.9147e+00 -2.7031e+00 -8.9971e-01 +2.2033e+00 +9.1959e-01 -1.9656e-01 -1.0937e+00 +5.6908e-01 +1.7806e+00 -1.6809e+00 -1.4578e+00 +1.3292e+00 +2.1373e+00
23 0 +6.321436651e+01 +4.627436651e+01 +4.627436651e+01 +2.7921e-01 -7.0603e-01 +1.6356e-01 -1.5583e+00 +4.6014e+00 +4.6447e+00 +2.2575e+00 +2.2036e+00 -5.2355e-01 +1.5408e-01 +8.2221e-02 -1.9230e-01 +6.1722e-01 -6.7670e-01 +1.1587e-01 +1.4694e+00 +9.2647e-01 +2.2778e+00 -1.9598e+00 -8.7760e-01
% f evaluations | g evaluations | best noise-free fitness - Fopt (1.881000000000e+01) + sum g_i+ | measured fitness | best measured fitness or single-digit g-values | x1 | x2...
1 0 +5.562307111e+01 +7.443307111e+01 +7.443307111e+01 +0.0000e+00 +0.0000e+00 +0.0000e+00 +0.0000e+00 +0.0000e+00 +0.0000e+00 +0.0000e+00 +0.0000e+00 +0.0000e+00 +0.0000e+00 +0.0000e+00 +0.0000e+00 +0.0000e+00 +0.0000e+00 +0.0000e+00 +0.0000e+00 +0.0000e+00 +0.0000e+00 +0.0000e+00 +0.0000e+00
% f evaluations | g evaluations | best noise-free fitness - Fopt (2.731500000000e+02) + sum g_i+ | measured fitness | best measured fitness or single-digit g-values | x1 | x2...
1 0 +2.178320511e+02 +4.909820511e+02 +4.909820511e+02 +0.0000e+00 +0.0000e+00 +0.0000e+00 +0.0000e+00 +0.0000e+00 +0.0000e+00 +0.0000e+00 +0.0000e+00 +0.0000e+00 +0.0000e+00 +0.0000e+00 +0.0000e+00 +0.0000e+00 +0.0000e+00 +0.0000e+00 +0.0000e+00 +0.0000e+00 +0.0000e+00 +0.0000e+00 +0.0000e+00
2 0 +2.137337661e+02 +4.868837661e+02 +4.868837661e+02 +1.4804e+00 -2.7497e+00 -9.5786e-01 -1.1210e+00 -4.9700e-01 -2.9910e-01 +1.2789e+00 -3.7700e+00 -6.5931e-01 +1.8350e+00 -2.1581e+00 +5.4130e+00 -2.9387e+00 +1.3164e+00 +9.7685e-01 -3.6724e+00 +1.2683e+00 +2.1969e+00 +1.4165e+00 -6.0834e+00
3 0 +2.067770753e+02 +4.799270753e+02 +4.799270753e+02 +3.5238e+00 +2.4733e+00 -1.3161e+00 -1.3629e+00 -2.3689e+00 -2.0476e-01 +9.1655e-01 +1.1732e-01 -3.0352e+00 +1.9711e+00 +1.3028e+00 +7.9029e-01 -3.5671e-02 -1.0977e+00 +5.5417e+00 +1.4038e+00 +1.5701e+00 +7.7127e-01 +3.7628e+00 -4.8115e+00
7 0 +1.162141645e+02 +3.893641645e+02 +3.893641645e+02 +3.5063e+00 +4.2579e+00 -2.7882e+00 -3.8044e+00 +1.0783e+00 -1.3697e+00 +7.1643e-01 -9.8684e-01 -1.2349e+00 +1.1704e+00 -8.6309e-01 -5.6680e-01 +6.5362e-01 -2.8666e-01 +2.5389e+00 +1.6802e+00 +2.9357e+00 -1.7976e+00 +1.5377e+00 -4.2249e+00
19 0 +7.190449936e+01 +3.450544994e+02 +3.450544994e+02 +6.8551e-01 +3.0212e+00 +2.0861e+00 -3.1060e+00 -3.3328e+00 -3.9187e+00 +2.8347e+00 +2.5539e+00 -4.2999e+00 +1.1043e+00 -2.5835e+00 -1.2838e+00 -3.3781e+00 +2.2465e+00 +2.0730e+00 -9.8876e-01 +5.2621e+00 +1.6874e+00 +6.4593e-01 -2.2653e+00
36 0 +5.806991688e+01 +3.312199169e+02 +3.312199169e+02 -2.1742e+00 +6.1378e+00 -1.1149e+00 -7.0622e-01 +1.0216e+00 -1.3510e+00 +1.6903e+00 -1.2601e+00 -3.1087e+00 +2.3365e-01 +2.4888e+00 +1.5319e+00 -1.7741e+00 +3.6383e-01 +1.5473e+00 -1.0795e+00 +5.5932e+00 +1.1633e-01 -7.0361e-02 -5.1851e+00
% f evaluations | g evaluations | best noise-free fitness - Fopt (3.718000000000e+01) + sum g_i+ | measured fitness | best measured fitness or single-digit g-values | x1 | x2...
1 0 +4.493569195e+01 +8.211569195e+01 +8.211569195e+01 +0.0000e+00 +0.0000e+00 +0.0000e+00 +0.0000e+00 +0.0000e+00 +0.0000e+00 +0.0000e+00 +0.0000e+00 +0.0000e+00 +0.0000e+00 +0.0000e+00 +0.0000e+00 +0.0000e+00 +0.0000e+00 +0.0000e+00 +0.0000e+00 +0.0000e+00 +0.0000e+00 +0.0000e+00 +0.0000e+00
46 0 +4.472691359e+01 +8.190691359e+01 +8.190691359e+01 -3.1657e+00 +1.3978e+00 -3.6613e-01 -1.2074e+00 -1.5022e+00 +2.1194e+00 +1.2199e+00 -4.2109e-01 +3.7797e-01 -4.6539e-01 -1.9292e+00 -1.4147e+00 +2.5354e+00 +3.2608e+00 +9.6644e-01 +7.8804e-01 -2.3438e+00 -2.8931e+00 +5.6729e-01 +2.7986e+00
% f evaluations | g evaluations | best noise-free fitness - Fopt (-1.479000000000e+02) + sum g_i+ | measured fitness | best measured fitness or single-digit g-values | x1 | x2...
1 0 +5.545306338e+01 -9.244693662e+01 -9.244693662e+01 +0.0000e+00 +0.0000e+00 +0.0000e+00 +0.0000e+00 +0.0000e+00 +0.0000e+00 +0.0000e+00 +0.0000e+00 +0.0000e+00 +0.0000e+00 +0.0000e+00 +0.0000e+00 +0.0000e+00 +0.0000e+00 +0.0000e+00 +0.0000e+00 +0.0000e+00 +0.0000e+00 +0.0000e+00 +0.0000e+00
9 0 +4.776039958e+01 -1.001396004e+02 -1.001396004e+02 -3.1859e+00 -1.8886e-01 -2.0968e+00 -3.0921e+00 +3.0427e+00 +1.0073e+00 +1.3590e+00 -2.7654e-01 +1.2372e-01 -1.6871e+00 -8.1341e-01 +1.8388e+00 +2.6699e+00 -1.8112e+00 +1.7644e+00 +1.5545e+00 +1.1716e+00 +2.4054e+00 -3.9896e+00 +1.5234e+00
