% f evaluations | g evaluations | best noise-free fitness - Fopt (-1.694000000000e+01) + sum g_i+ | measured fitness | best measured fitness or single-digit g-values | x1 | x2...
1 0 +1.275492373e+03 +1.258552373e+03 +1.258552373e+03 +0.0000e+00 +0.0000e+00
2 0 +2.276521152e+02 +2.107121152e+02 +2.107121152e+02 +2.0597e+00 -1.7901e-01
5 0 +1.439354845e+02 +1.269954845e+02 +1.269954845e+02 +1.1362e+00 -1.0446e-01
7 0 +1.034649749e+02 +8.652497486e+01 +8.652497486e+01 +1.6224e+00 -3.0088e-01
13 0 +4.701492852e+01 +3.007492852e+01 +3.007492852e+01 +3.8932e+00 -3.9038e+00
18 0 +3.030161588e+01 +1.336161588e+01 +1.336161588e+01 +4.9272e+00 -2.3375e+00
23 0 +1.797658700e+01 +1.036587003e+00 +1.036587003e+00 +3.8807e+00 +7.7489e-01
27 0 +1.327368168e+01 -3.666318316e+00 -3.666318316e+00 +4.3518e+00 -8.4941e-01
43 0 +3.279193830e+00 -1.366080617e+01 -1.366080617e+01 +3.3722e+00 +3.8948e+00
