% f evaluations | g evaluations | best noise-free fitness - Fopt (1.319200000000e+02) + sum g_i+ | measured fitness | best measured fitness or single-digit g-values | x1 | x2...
1 0 +5.701986007e+05 +5.703305207e+05 +5.703305207e+05 +0.0000e+00 +0.0000e+00 +0.0000e+00 +0.0000e+00 +0.0000e+00 +0.0000e+00 +0.0000e+00 +0.0000e+00 +0.0000e+00 +0.0000e+00
4 0 +4.245362709e+05 +4.246681909e+05 +4.246681909e+05 +3.0564e+00 +1.3053e+00 -3.9508e-01 +1.6355e+00 -2.0877e+00 -7.6610e-02 -5.5350e-01 +9.4156e-01 +1.0233e-01 -2.3155e+00
5 0 +2.670933548e+05 +2.672252748e+05 +2.672252748e+05 +9.1198e-01 -7.0907e-01 -4.9947e-01 +8.2906e-01 -4.1642e+00 -2.5921e+00 -2.5797e+00 +1.6813e+00 -2.3520e-01 -1.9590e+00
6 0 +1.220475301e+05 +1.221794501e+05 +1.221794501e+05 -6.6350e-01 +2.8075e-03 -3.6191e+00 -4.5437e-01 -3.5105e+00 +1.8460e-01 -1.7470e+00 +2.4046e+00 -8.4628e-01 -1.3803e+00
12 0 +6.214675146e+04 +6.227867146e+04 +6.227867146e+04 -1.2281e+00 +3.0566e+00 -1.6905e+00 +1.1942e+00 -3.6811e+00 -1.1646e-02 -2.4461e+00 +3.7639e+00 +2.7842e+00 -8.2808e-01
38 0 +4.612609197e+04 +4.625801197e+04 +4.625801197e+04 -2.3014e+00 +2.0121e+00 -3.8468e+00 +3.9904e+00 -4.9547e+00 -1.1607e+00 -2.9726e+00 +6.2461e+00 -3.5270e+00 +2.1503e+00
46 0 +1.274718469e+04 +1.287910469e+04 +1.287910469e+04 -4.3422e+00 +5.4786e-01 -3.3888e+00 +3.8212e+00 -6.8994e+00 -1.0285e+00 -2.8103e+00 +6.4667e+00 -1.3563e+00 +3.8663e+00
55 0 +6.447864289e+03 +6.579784289e+03 +6.579784289e+03 -3.7053e+00 +2.3383e+00 -5.5270e+00 +5.6870e+00 -8.3784e+00 -3.1583e+00 -3.4775e+00 +7.7281e+00 -2.0293e+00 +1.3075e+00
62 0 +1.881771615e+02 +3.200971615e+02 +3.200971615e+02 -4.7439e+00 +2.0137e+00 -5.1488e+00 +3.1625e+00 -6.0534e+00 -3.8754e+00 -4.8911e+00 +7.9410e+00 -1.0015e+00 +1.4921e+00
