% f evaluations | g evaluations | best noise-free fitness - Fopt (6.870000000000e+00) + sum g_i+ | measured fitness | best measured fitness or single-digit g-values | x1 | x2...
1 0 +1.817093392e+01 +2.504093392e+01 +2.504093392e+01 +0.0000e+00 +0.0000e+00 +0.0000e+00 +0.0000e+00 +0.0000e+00 +0.0000e+00 +0.0000e+00 +0.0000e+00 +0.0000e+00 +0.0000e+00 +0.0000e+00 +0.0000e+00 +0.0000e+00 +0.0000e+00 +0.0000e+00 +0.0000e+00 +0.0000e+00 +0.0000e+00 +0.0000e+00 +0.0000e+00
2 0 +1.499445052e+01 +2.186445052e+01 +2.186445052e+01 +6.4000e-01 +1.4759e-02 -2.0464e+00 -2.2085e+00 -1.9723e-02 +1.9528e+00 -3.0051e-01 -8.1955e-01 -1.7311e+00 -2.0865e+00 +2.5943e+00 -5.7287e-01 -1.7935e+00 -2.7524e+00 +7.3148e-01 +3.3970e+00 -1.5484e+00 +2.6523e+00 -3.3913e+00 -4.0664e-01
3 0 +1.464567233e+01 +2.151567233e+01 +2.151567233e+01 +7.8251e-01 +3.4846e+00 -1.9405e+00 -3.4348e+00 -8.9979e-01 +8.6134e-01 +3.4812e-01 +3.9719e+00 +5.3959e-01 +5.1857e+00 -3.6236e+00 -8.7916e-01 -8.5979e-01 -2.2062e+00 +5.4338e-01 -2.6969e+00 -3.3024e+00 +8.4610e-01 -3.6925e+00 +1.6706e+00
4 0 +1.330237318e+01 +2.017237318e+01 +2.017237318e+01 +2.0079e+00 +9.2040e-01 -1.9155e+00 +3.7616e+00 +1.8181e+00 +3.8628e+00 +8.6017e-01 +2.0826e+00 -8.9370e-01 +2.6204e+00 +1.1536e+00 -8.7788e-01 -8.1169e-01 +1.1901e+00 -8.1702e-01 -5.7060e-01 +8.8782e-02 +1.3521e+00 -1.0639e+00 -5.8210e-01
6 0 +1.243223266e+01 +1.930223266e+01 +1.930223266e+01 -1.7746e+00 -8.2606e-01 -1.1315e+00 +1.4387e+00 -1.7624e+00 +3.0584e+00 -3.2272e-01 +3.8575e+00 -1.4876e+00 +8.7924e-01 +3.6167e+00 -2.0588e+00 -1.4931e+00 -2.2928e-01 +7.4546e-01 +1.2299e+00 +2.4493e-01 -3.5045e+00 +1.1134e+00 +3.3666e+00
8 0 +1.024713688e+01 +1.711713688e+01 +1.711713688e+01 +3.7431e+00 -2.8559e+00 -3.3664e+00 +1.2767e+00 +7.6351e-01 -1.6289e-01 +4.9092e-01 -3.1412e+00 -1.0612e+00 -1.4462e+00 -4.8643e+00 +4.1857e+00 -1.5455e+00 +7.3187e-01 -1.0341e+00 +5.3028e-01 -1.9570e+00 +2.2860e+00 +5.1018e-01 -2.9920e-01
12 0 +9.093113217e+00 +1.596311322e+01 +1.596311322e+01 -1.2131e-01 -1.6896e+00 +3.4124e+00 +5.2391e+00 +7.9240e-01 +1.1984e-02 +1.8108e+00 +1.3596e+00 +4.4358e+00 +1.1533e+00 +4.9936e-01 -2.9262e+00 -1.4117e+00 -3.3210e+00 +2.7409e+00 +5.2677e-01 -1.8220e+00 -3.1645e-01 -5.0761e+00 +2.4559e+00
33 0 +8.655562295e+00 +1.552556229e+01 +1.552556229e+01 +4.1035e+00 +1.5028e+00 -2.1531e+00 +4.4620e+00 -4.2209e-01 +2.7144e+00 -2.6873e-01 +1.0798e+00 +1.7788e+00 +2.9038e+00 -1.8377e+00 +1.6357e+00 +1.7181e+00 -3.9428e+00 +3.6633e-01 +5.0725e-01 +3.5493e+00 -1.0017e+00 +1.3113e+00 -1.9039e+00
39 0 +6.342056011e+00 +1.321205601e+01 +1.321205601e+01 +4.7826e-01 +2.1763e-01 -2.4758e+00 +4.2366e+00 -4.4470e+00 +2.5247e+00 +1.5044e+00 -4.3639e-01 +1.7602e-01 +3.1439e+00 -9.4753e-01 +7.3687e-01 -4.3229e-01 -2.7804e+00 -3.2838e-01 -3.2623e-01 +6.1273e-01 -3.2153e-01 +8.2739e-02 -1.2395e+00
% f evaluations | g evaluations | best noise-free fitness - Fopt (1.000000000000e-02) + sum g_i+ | measured fitness | best measured fitness or single-digit g-values | x1 | x2...
1 0 +9.774411099e+00 +9.784411099e+00 +9.784411099e+00 +0.0000e+00 +0.0000e+00 +0.0000e+00 +0.0000e+00 +0.0000e+00 +0.0000e+00 +0.0000e+00 +0.0000e+00 +0.0000e+00 +0.0000e+00 +0.0000e+00 +0.0000e+00 +0.0000e+00 +0.0000e+00 +0.0000e+00 +0.0000e+00 +0.0000e+00 +0.0000e+00 +0.0000e+00 +0.0000e+00
2 0 +7.764748385e+00 +7.774748385e+00 +7.774748385e+00 -1.1725e+00 +1.0509e+00 -1.2157e+00 -2.8825e+00 +2.9451e+00 -2.6630e+00 -2.5893e+00 -3.3529e+00 -8.4080e-02 -1.7615e+00 -1.1727e+00 -1.0485e+00 +2.4797e+00 -9.5870e-01 -3.2005e+00 -1.9091e+00 +6.4638e-01 -1.6183e+00 +1.6075e+00 +5.2819e+00
11 0 +7.073338945e+00 +7.083338945e+00 +7.083338945e+00 +6.4176e-01 +2.1780e-01 +1.9134e+00 -4.2402e+00 -2.0253e+00 -1.4988e+00 +3.6064e+00 +2.0813e+00 +2.7057e+00 -1.2458e+00 +4.4374e+00 -1.8974e+00 +2.6479e+00 -3.2734e+00 -1.8730e+00 +1.5210e+00 -3.9238e+00 -1.2277e-01 -2.6337e+00 +1.8123e+00
35 0 +6.818088592e+00 +6.828088592e+00 +6.828088592e+00 -1.9633e+00 +3.7325e+00 +1.5853e+00 -5.3101e+00 -6.4162e-01 -8.6363e-01 +2.9586e-01 -5.7924e-01 -8.3038e-01 -5.7565e-01 +1.4130e+00 -1.3259e+00 -1.1708e+00 -1.6626e+00 -1.3297e+00 -1.3065e+00 +1.4749e+00 -1.7730e-01 -1.2041e+00 +4.9741e+00
% f evaluations | g evaluations | best noise-free fitness - Fopt (-1.306100000000e+02) + sum g_i+ | measured fitness | best measured fitness or single-digit g-values | x1 | x2...
1 0 +9.387114785e+00 -1.212228852e+02 -1.212228852e+02 +0.0000e+00 +0.0000e+00 +0.0000e+00 +0.0000e+00 +0.0000e+00 +0.0000e+00 +0.0000e+00 +0.0000e+00 +0.0000e+00 +0.0000e+00 +0.0000e+00 +0.0000e+00 +0.0000e+00 +0.0000e+00 +0.0000e+00 +0.0000e+00 +0.0000e+00 +0.0000e+00 +0.0000e+00 +0.0000e+00
3 0 +7.560329398e+00 -1.230496706e+02 -1.230496706e+02 +1.9015e+00 -5.5411e-01 -1.6885e+00 -4.1731e+00 +5.2012e+00 -2.7736e+00 +1.3901e+00 +6.1552e-01 +9.7463e-01 +1.6631e+00 -2.2775e+00 +2.7722e+00 +1.5944e+00 -8.0970e-01 +3.0875e-01 +3.0098e+00 +1.6067e+00 -2.8776e+00 +8.3155e-01 +1.9693e+00
18 0 +5.027647338e+00 -1.255823527e+02 -1.255823527e+02 +3.9706e+00 -4.3437e+00 +3.6226e+00 -1.3045e+00 -1.3969e+00 -2.5225e+00 +2.9403e+00 -4.6539e+00 -1.7661e-01 +2.5096e+00 -1.9527e+00 +2.1051e+00 +1.5763e+00 +2.9711e+00 -1.3368e+00 +3.6363e+00 +3.9518e+00 -1.2057e+00 +8.0774e-01 +2.0003e+00
% f evaluations | g evaluations | best noise-free fitness - Fopt (-2.231200000000e+02) + sum g_i+ | measured fitness | best measured fitness or single-digit g-values | x1 | x2...
1 0 +2.210043326e+01 -2.010195667e+02 -2.010195667e+02 +0.0000e+00 +0.0000e+00 +0.0000e+00 +0.0000e+00 +0.0000e+00 +0.0000e+00 +0.0000e+00 +0.0000e+00 +0.0000e+00 +0.0000e+00 +0.0000e+00 +0.0000e+00 +0.0000e+00 +0.0000e+00 +0.0000e+00 +0.0000e+00 +0.0000e+00 +0.0000e+00 +0.0000e+00 +0.0000e+00
2 0 +2.059871569e+01 -2.025212843e+02 -2.025212843e+02 -5.9552e-01 +7.2660e-01 +2.0341e+00 +1.1658e+00 +3.1220e-01 -6.7464e-01 -1.1137e+00 +1.6076e-01 -2.2168e-01 -1.8941e+00 +9.7432e-01 +2.1355e+00 -2.1522e+00 -4.7981e+00 +5.6528e-01 +1.4522e-01 +1.9502e+00 +6.6062e-01 -6.4435e-01 +1.3172e+00
3 0 +1.199730234e+01 -2.111226977e+02 -2.111226977e+02 +3.1642e+00 +1.9874e-01 -1.6279e+00 +2.6548e+00 +5.5224e-01 +1.5142e+00 +2.1437e+00 +4.8735e+00 -1.4858e+00 -1.0647e+00 -4.0679e-01 +3.1033e+00 -8.8773e-01 -2.9439e+00 +8.6045e-01 -2.9183e+00 +5.4044e+00 +4.3237e+00 -2.2834e+00 +2.8178e+00
6 0 +7.409164359e+00 -2.157108356e+02 -2.157108356e+02 -3.4733e+00 +4.8164e-03 +3.1451e-01 +1.1772e+00 -3.5983e+00 +8.0326e-01 +1.1025e+00 -5.7825e-01 +7.2729e-01 -1.2050e+00 +8.9404e-01 +2.5751e+00 -2.0631e+00 -1.4444e+00 -8.0749e-01 +6.7342e-01 +8.6019e-01 +3.4199e+00 +3.0163e-01 +1.1153e+00
9 0 +6.259332419e+00 -2.168606676e+02 -2.168606676e+02 -2.5009e+00 -9.3274e-01 +3.0846e-01 -3.2430e+00 +4.5340e-01 +2.9512e+00 +1.2353e+00 +4.2689e-01 -1.9445e+00 -1.6910e+00 +8.1403e-01 +4.4428e+00 -2.4589e+00 -1.6183e-01 +1.5359e+00 +2.2151e+00 -1.4855e+00 -2.0468e-01 -6.6122e-01 -2.4515e+00
15 0 +5.206242269e+00 -2.179137577e+02 -2.179137577e+02 -2.9622e+00 -1.9377e+00 -1.0779e+00 +5.6328e-01 +5.7096e-01 +1.6830e+00 +1.5966e+00 +3.5329e+00 +1.0823e+00 -3.1950e+00 +2.1089e+00 +1.5765e+00 +7.4183e-01 -6.9356e-01 +1.8544e+00 +3.0189e+00 -1.3281e-01 +2.6701e+00 +2.4512e-01 +2.1449e+00
% f evaluations | g evaluations | best noise-free fitness - Fopt (-4.443000000000e+01) + sum g_i+ | measured fitness | best measured fitness or single-digit g-values | x1 | x2...
1 0 +1.439186561e+01 -3.003813439e+01 -3.003813439e+01 +0.0000e+00 +0.0000e+00 +0.0000e+00 +0.0000e+00 +0.0000e+00 +0.0000e+00 +0.0000e+00 +0.0000e+00 +0.0000e+00 +0.0000e+00 +0.0000e+00 +0.0000e+00 +0.0000e+00 +0.0000e+00 +0.0000e+00 +0.0000e+00 +0.0000e+00 +0.0000e+00 +0.0000e+00 +0.0000e+00
4 0 +1.400236483e+01 -3.042763517e+01 -3.042763517e+01 -8.5105e-01 -7.2671e-01 +1.8029e+00 +1.4796e+00 +3.9799e+00 -2.4807e+00 -3.0311e+00 -8.5889e-01 -2.6002e+00 -1.6989e+00 -9.9637e-01 -1.6742e+00 +9.8612e-01 +9.2328e-01 -2.8798e+00 +1.7900e+00 +1.4415e+00 +6.9202e-01 +2.5679e+00 +3.0558e-01
5 0 +1.206758176e+01 -3.236241824e+01 -3.236241824e+01 +1.5458e+00 +1.9986e+00 -1.9210e+00 -1.8999e+00 -8.8158e-01 +2.3022e-01 -8.5758e-02 +2.3306e+00 +1.5025e+00 -8.6491e-01 +1.1587e+00 +2.4762e+00 +2.4991e-01 +2.0256e-01 +1.0333e+00 +1.3440e+00 +1.8999e+00 -2.9567e-01 +2.5756e+00 -1.8293e-01
8 0 +1.025319002e+01 -3.417680998e+01 -3.417680998e+01 +1.0209e+00 -1.0608e-01 +2.3381e+00 -1.0716e+00 -1.5304e+00 -3.4741e+00 -4.5686e+00 -1.6728e+00 -2.0469e-01 +2.2619e+00 -1.0629e+00 -1.0507e+00 +1.2983e+00 +4.4275e-01 -3.4850e-02 +6.1603e-01 -3.7823e+00 -2.3365e-01 -2.2682e+00 +3.6438e+00
14 0 +8.999322383e+00 -3.543067762e+01 -3.543067762e+01 +3.3788e+00 -3.6290e+00 +3.4556e+00 +1.0608e+00 -2.3643e+00 -8.9007e-01 +8.1724e-01 +7.3716e-01 +3.1704e-01 -1.1340e+00 +1.5816e+00 +5.1105e+00 +1.0117e+00 -2.2987e+00 -1.3473e-01 +1.6171e+00 -4.9712e+00 +1.1465e+00 +1.8524e+00 -2.1889e-02
30 0 +7.662359544e+00 -3.676764046e+01 -3.676764046e+01 +3.9337e+00 -3.8303e+00 +1.2435e+00 -5.9491e-01 +1.8907e+00 -7.2643e-01 +1.2122e+00 +2.5661e-01 -1.1620e+00 -1.9074e+00 +3.3578e+00 +3.5359e+00 +7.6394e-01 -2.1510e+00 +4.8852e-01 +3.0289e+00 -5.6608e-01 +2.3307e+00 -1.0965e-01 +3.7297e+00
