% f evaluations | g evaluations | best noise-free fitness - Fopt (3.992000000000e+01) + sum g_i+ | measured fitness | best measured fitness or single-digit g-values | x1 | x2...
1 0 +3.181434307e+01 +7.173434307e+01 +7.173434307e+01 +0.0000e+00 +0.0000e+00 +0.0000e+00 +0.0000e+00 +0.0000e+00 +0.0000e+00 +0.0000e+00 +0.0000e+00 +0.0000e+00 +0.0000e+00
3 0 +1.585335140e+01 +5.577335140e+01 +5.577335140e+01 +1.0964e+00 +2.6250e+00 +3.9668e+00 -2.0498e+00 -2.3595e+00 -9.8376e-01 -1.3459e+00 -9.1004e-01 +2.7080e+00 +1.0373e+00
20 0 +1.541337330e+01 +5.533337330e+01 +5.533337330e+01 +3.7397e+00 +2.0838e+00 +3.6867e+00 -1.0142e+00 -3.1107e-02 +2.1765e-01 -1.6433e+00 +1.7352e+00 +2.5791e+00 +1.9892e+00
22 0 +9.771925166e+00 +4.969192517e+01 +4.969192517e+01 -4.6996e-01 +2.0816e+00 +4.2251e+00 -1.9512e+00 -1.0797e-02 -2.6141e+00 +1.3475e+00 -1.3673e+00 +1.8387e+00 +2.9120e+00
111 0 +9.008175957e+00 +4.892817596e+01 +4.892817596e+01 +2.7072e+00 +1.1909e+00 +1.2801e+00 -2.3167e+00 -2.7348e+00 -2.9529e+00 +2.7300e-01 -2.7688e-01 +1.5328e+00 +4.2446e+00
124 0 +7.414993128e+00 +4.733499313e+01 +4.733499313e+01 +3.0789e+00 +1.0081e+00 +1.0761e+00 -2.4832e+00 -1.2289e+00 -1.5583e+00 -8.3434e-02 -1.2586e+00 +2.6210e+00 +2.5800e+00
138 0 +4.329775769e+00 +4.424977577e+01 +4.424977577e+01 +2.7619e+00 +8.2475e-01 +2.1513e+00 -2.8893e+00 -1.7605e+00 -2.1846e-01 +1.1786e+00 -1.5253e+00 +1.8383e+00 +3.2419e+00
189 0 +3.489903476e+00 +4.340990348e+01 +4.340990348e+01 +5.4754e+00 -1.2934e+00 +2.8076e+00 -3.2305e+00 -1.3272e+00 +4.1453e-01 +1.4724e+00 -1.6144e+00 +3.1685e+00 +3.8699e+00
250 0 +2.660422453e+00 +4.258042245e+01 +4.258042245e+01 +2.6524e+00 -1.3027e+00 +2.2589e+00 -2.1212e+00 -9.6683e-01 +1.3942e+00 +1.1306e+00 -1.6156e+00 +4.0355e+00 +3.6209e+00
