% f evaluations | g evaluations | best noise-free fitness - Fopt (9.416700000000e+02) + sum g_i+ | measured fitness | best measured fitness or single-digit g-values | x1 | x2...
1 0 +7.081138830e+01 +1.012481388e+03 +1.012481388e+03 +0.0000e+00 +0.0000e+00 +0.0000e+00
4 0 +5.340037375e+01 +9.950703738e+02 +9.950703738e+02 -1.0898e+00 +1.5331e+00 +2.1169e+00
12 0 +3.463675030e+01 +9.763067503e+02 +9.763067503e+02 +3.2376e-01 -1.6428e+00 +3.1303e+00
13 0 +2.396329465e+01 +9.656332947e+02 +9.656332947e+02 -1.4564e+00 -8.3534e-01 +4.2750e+00
16 0 +1.344080040e+01 +9.551108004e+02 +9.551108004e+02 -4.4104e+00 -9.3610e-01 +7.2544e+00
17 0 +6.757388147e+00 +9.484273881e+02 +9.484273881e+02 -3.4030e+00 -3.3681e+00 +5.0474e+00
29 0 +5.788071837e-01 +9.422488072e+02 +9.422488072e+02 -4.4212e+00 -6.9476e+00 +7.6292e+00
30 0 +4.505961017e-01 +9.421205961e+02 +9.421205961e+02 -8.7979e+00 -6.8120e+00 +4.9549e+00
34 0 +0.000000000e+00 +9.416700000e+02 +9.416700000e+02 -6.2205e+00 -1.0698e+01 +1.0871e+01
