% f evaluations | g evaluations | best noise-free fitness - Fopt (-1.702000000000e+02) + sum g_i+ | measured fitness | best measured fitness or single-digit g-values | x1 | x2...
1 0 +2.053765432e+07 +2.053748412e+07 +2.053748412e+07 +0.0000e+00 +0.0000e+00 +0.0000e+00 +0.0000e+00 +0.0000e+00 +0.0000e+00 +0.0000e+00 +0.0000e+00 +0.0000e+00 +0.0000e+00
2 0 +1.004260439e+07 +1.004243419e+07 +1.004243419e+07 -8.7342e-01 +3.5890e+00 -1.1173e-01 +2.1926e+00 +1.2197e+00 +2.1969e+00 +1.2973e-01 -9.7349e-01 -4.0144e+00 +3.8252e+00
3 0 +6.349913670e+06 +6.349743470e+06 +6.349743470e+06 +1.4085e+00 +2.7264e-01 -2.1312e+00 +2.4621e+00 +6.1225e-03 -2.1824e+00 -3.0071e+00 +1.5710e+00 +5.5142e+00 +4.4289e+00
5 0 +5.759112528e+06 +5.758942328e+06 +5.758942328e+06 -1.1301e-01 +3.2282e-01 +1.2583e+00 +4.2934e+00 -2.9104e-02 +2.7946e+00 -3.1244e+00 -2.9946e-01 +2.0382e+00 +9.4278e-01
9 0 +3.130486935e+05 +3.128784935e+05 +3.128784935e+05 -1.3028e-01 +1.7673e+00 +1.5488e+00 +3.8001e+00 +2.3148e+00 +4.8233e-01 +2.8312e+00 +6.6336e-01 +1.2340e-01 +6.6339e-01
49 0 +3.007994522e+05 +3.006292522e+05 +3.006292522e+05 +6.3011e-01 +2.3946e+00 +3.3725e-02 +4.1035e+00 +1.5472e+00 +2.0824e+00 -5.3336e+00 +4.9696e+00 -2.3395e+00 -2.7823e-01
140 0 +1.917456555e+05 +1.915754555e+05 +1.915754555e+05 -3.1648e+00 +2.7145e+00 -1.7861e+00 +3.5957e+00 +2.4270e+00 +5.7199e-01 -2.4505e+00 +4.8337e+00 +1.7226e+00 +2.6030e+00
157 0 +1.149968303e+05 +1.148266303e+05 +1.148266303e+05 -6.2769e+00 +5.0223e+00 -1.2807e+00 +3.9173e+00 +2.6553e+00 -2.2348e+00 +2.9595e+00 +6.0526e+00 +8.8158e-01 +1.5369e+00
166 0 +3.034306216e+04 +3.017286216e+04 +3.017286216e+04 -4.2324e+00 +3.5490e+00 -2.8700e+00 +4.0468e+00 +3.3326e+00 -1.4608e+00 +3.1663e+00 +3.5873e+00 +1.3706e+00 +2.7197e+00
