% f evaluations | g evaluations | best noise-free fitness - Fopt (3.201900000000e+02) + sum g_i+ | measured fitness | best measured fitness or single-digit g-values | x1 | x2...
1 0 +1.146412437e+07 +1.146444456e+07 +1.146444456e+07 +0.0000e+00 +0.0000e+00 +0.0000e+00 +0.0000e+00 +0.0000e+00
2 0 +9.066878248e+05 +9.070080148e+05 +9.070080148e+05 -1.6935e+00 +1.4155e+00 -1.7780e+00 -1.7720e+00 -2.5058e+00
3 0 +8.781589023e+05 +8.784790923e+05 +8.784790923e+05 -1.2883e+00 +6.0621e-01 +5.2548e-01 -3.9955e+00 -2.6330e+00
13 0 +4.682298559e+04 +4.714317559e+04 +4.714317559e+04 +1.4151e+00 -3.4232e-01 +4.5035e-01 -7.7635e-01 -3.2571e+00
42 0 +2.428472017e+04 +2.460491017e+04 +2.460491017e+04 -3.7760e+00 +2.5202e+00 +1.6823e+00 -1.4199e-01 -3.3828e+00
62 0 +1.453788304e+04 +1.485807304e+04 +1.485807304e+04 -6.5040e-01 +2.1568e+00 +4.2998e+00 -6.6829e-01 -3.3969e+00
86 0 +1.110450489e+04 +1.142469489e+04 +1.142469489e+04 +1.7465e+00 +1.0796e+00 -8.2077e-01 -9.5012e-01 -3.5526e+00
108 0 +4.820966285e+03 +5.141156285e+03 +5.141156285e+03 +1.4034e+00 +4.6175e-01 -6.7353e-01 -7.7491e-01 -3.4627e+00
127 0 +3.237471134e+03 +3.557661134e+03 +3.557661134e+03 +2.6731e-01 +1.7610e+00 +9.6250e-01 -1.0329e+00 -3.5052e+00
