% f evaluations | g evaluations | best noise-free fitness - Fopt (7.948000000000e+01) + sum g_i+ | measured fitness | best measured fitness or single-digit g-values | x1 | x2...
1 0 +8.977281728e+01 +1.692528173e+02 +1.692528173e+02 +0.0000e+00 +0.0000e+00 +0.0000e+00 +0.0000e+00 +0.0000e+00 +0.0000e+00 +0.0000e+00 +0.0000e+00 +0.0000e+00 +0.0000e+00 +0.0000e+00 +0.0000e+00 +0.0000e+00 +0.0000e+00 +0.0000e+00 +0.0000e+00 +0.0000e+00 +0.0000e+00 +0.0000e+00 +0.0000e+00
22 0 +5.324717836e+01 +1.327271784e+02 +1.327271784e+02 -5.8607e-01 -1.1235e+00 -6.5267e-01 +9.2026e-01 -2.9793e+00 -6.1956e-01 +2.3917e+00 +1.0800e+00 -8.8385e-01 -7.0056e-01 -1.1745e+00 +2.8601e+00 -3.4667e-01 -2.1221e+00 +1.2601e-01 +1.2920e+00 -1.5640e+00 -1.9332e+00 +1.0661e+00 +9.3971e-01
% f evaluations | g evaluations | best noise-free fitness - Fopt (3.944800000000e+02) + sum g_i+ | measured fitness | best measured fitness or single-digit g-values | x1 | x2...
1 0 +1.466628819e+02 +5.411428819e+02 +5.411428819e+02 +0.0000e+00 +0.0000e+00 +0.0000e+00 +0.0000e+00 +0.0000e+00 +0.0000e+00 +0.0000e+00 +0.0000e+00 +0.0000e+00 +0.0000e+00 +0.0000e+00 +0.0000e+00 +0.0000e+00 +0.0000e+00 +0.0000e+00 +0.0000e+00 +0.0000e+00 +0.0000e+00 +0.0000e+00 +0.0000e+00
6 0 +1.257891879e+02 +5.202691879e+02 +5.202691879e+02 -1.4946e+00 -7.2273e-01 +1.2719e+00 +2.2087e+00 -1.1871e+00 -2.1821e+00 +1.4084e+00 -3.5024e-01 +2.6810e-01 -4.9322e+00 -2.0662e+00 -3.3598e+00 +8.6856e-01 +2.0527e+00 -2.2684e-01 +3.7100e-01 -3.4672e+00 -1.8771e+00 -3.0648e+00 -7.4985e-01
24 0 +1.086284547e+02 +5.031084547e+02 +5.031084547e+02 -1.8158e+00 +9.4516e-01 -3.1111e+00 +1.2814e+00 -1.8902e+00 -2.0919e+00 +1.4136e+00 -3.7664e-01 +8.0827e-01 -3.1658e+00 -3.1483e-01 -1.7345e+00 -5.9925e-01 -1.4867e+00 -3.5773e+00 +9.5819e-01 -3.6348e+00 -5.7018e-01 -2.8643e+00 -1.2093e+00
29 0 +7.060774131e+01 +4.650877413e+02 +4.650877413e+02 -2.8330e+00 -1.3784e+00 -7.6320e-01 +3.9173e-01 -6.9203e-01 -3.8915e+00 +4.4250e+00 +7.0376e-01 -1.7581e+00 -5.8986e+00 -3.3047e-02 -1.4477e+00 +9.4553e-01 +2.8653e+00 -3.4669e+00 +2.6175e+00 -4.1343e+00 +2.6910e+00 +1.5448e+00 +1.7835e-01
43 0 +6.585735986e+01 +4.603373599e+02 +4.603373599e+02 -2.3175e+00 +7.4664e-01 -3.6141e+00 +2.1634e+00 -6.5782e-01 -3.4286e+00 +1.5616e+00 +1.1273e+00 +9.2906e-02 -4.3626e+00 +1.5976e+00 +1.6073e+00 +2.6582e+00 +1.3917e+00 -7.4794e-01 +5.2664e+00 -2.3808e+00 +2.4580e-01 +2.2258e+00 -1.4319e+00
% f evaluations | g evaluations | best noise-free fitness - Fopt (-2.471100000000e+02) + sum g_i+ | measured fitness | best measured fitness or single-digit g-values | x1 | x2...
1 0 +1.231669958e+02 -1.239430042e+02 -1.239430042e+02 +0.0000e+00 +0.0000e+00 +0.0000e+00 +0.0000e+00 +0.0000e+00 +0.0000e+00 +0.0000e+00 +0.0000e+00 +0.0000e+00 +0.0000e+00 +0.0000e+00 +0.0000e+00 +0.0000e+00 +0.0000e+00 +0.0000e+00 +0.0000e+00 +0.0000e+00 +0.0000e+00 +0.0000e+00 +0.0000e+00
41 0 +1.155559209e+02 -1.315540791e+02 -1.315540791e+02 -3.0262e+00 +2.1550e+00 -1.0719e+00 -1.4630e+00 -6.2729e-01 -1.3582e+00 +6.6002e+00 +4.0324e-01 -1.3290e+00 +2.3799e+00 -8.3815e-01 +2.6198e+00 +9.6352e-02 -1.9707e+00 +2.3857e+00 +1.8363e+00 +1.7091e+00 +3.3416e+00 -1.5667e-01 +2.2475e+00
48 0 +9.422728123e+01 -1.528827188e+02 -1.528827188e+02 -3.6428e+00 -2.6415e+00 +6.6811e-01 -1.5893e+00 -4.1766e-01 -1.6045e+00 +1.2614e+00 -4.1566e+00 -3.7230e+00 +9.1371e-01 +2.2302e+00 +2.6215e+00 +6.2831e+00 +3.6887e-01 +2.8986e+00 +2.6921e+00 +1.3997e+00 +2.9510e+00 +3.9856e+00 -1.0694e+00
% f evaluations | g evaluations | best noise-free fitness - Fopt (-1.520400000000e+02) + sum g_i+ | measured fitness | best measured fitness or single-digit g-values | x1 | x2...
1 0 +1.096536352e+02 -4.238636480e+01 -4.238636480e+01 +0.0000e+00 +0.0000e+00 +0.0000e+00 +0.0000e+00 +0.0000e+00 +0.0000e+00 +0.0000e+00 +0.0000e+00 +0.0000e+00 +0.0000e+00 +0.0000e+00 +0.0000e+00 +0.0000e+00 +0.0000e+00 +0.0000e+00 +0.0000e+00 +0.0000e+00 +0.0000e+00 +0.0000e+00 +0.0000e+00
6 0 +1.082346252e+02 -4.380537477e+01 -4.380537477e+01 +2.6016e-01 +1.3539e+00 -2.0572e+00 -6.2296e-02 -7.9357e-02 +1.0747e-01 -1.4966e+00 +6.4594e-01 +1.7123e+00 +1.1991e-01 -2.1263e+00 +2.9205e+00 -3.0634e+00 +9.7506e-01 +2.9531e+00 +2.9832e-01 -2.7855e+00 +4.3483e-02 -6.8992e-01 +3.8026e+00
9 0 +8.967141575e+01 -6.236858425e+01 -6.236858425e+01 +6.0886e-01 +1.7788e+00 -2.6230e+00 +1.0745e+00 -1.9393e+00 -5.9856e-03 -2.4176e+00 +7.4185e-01 -1.7077e+00 +1.5522e+00 -8.0951e-01 +4.9035e-01 -3.2811e+00 +2.5558e+00 +3.8405e+00 +5.4062e-01 -1.1867e+00 +1.2918e+00 +1.8560e+00 +2.1777e+00
15 0 +8.163318320e+01 -7.040681680e+01 -7.040681680e+01 -2.2842e+00 -1.3489e+00 -1.6539e+00 +1.5359e+00 +1.0248e-01 -1.6612e+00 -5.9054e-01 -2.1410e+00 +5.4319e+00 +4.6812e+00 -3.1291e+00 -8.2841e-01 -2.8541e+00 +2.1441e+00 +2.7444e+00 +1.5699e+00 +4.7122e+00 -2.3052e+00 +3.8081e-01 +3.1502e+00
18 0 +7.436751341e+01 -7.767248659e+01 -7.767248659e+01 +3.8348e-01 +2.1706e+00 -3.7882e+00 +4.0035e+00 -2.1964e-01 +5.9231e-01 -1.4357e-01 -1.0107e+00 +2.6172e+00 -1.3549e+00 -1.7027e+00 -1.4093e+00 -4.8749e+00 +3.8529e+00 -3.0211e+00 -2.1546e+00 +5.3370e-01 +2.9451e+00 -1.3785e+00 +1.8310e+00
30 0 +5.111309235e+01 -1.009269076e+02 -1.009269076e+02 -8.6142e-02 +5.3529e-01 -1.9704e+00 +2.4990e+00 +1.3196e+00 +1.4820e+00 +3.3196e-01 -1.0556e+00 +1.5380e+00 +3.5791e+00 -4.6825e-01 +1.9423e-01 -6.2810e-01 +2.8888e+00 -6.2997e-01 -1.0543e+00 +1.3406e+00 -3.6366e-01 +1.3289e+00 +5.7463e-01
% f evaluations | g evaluations | best noise-free fitness - Fopt (-2.525000000000e+01) + sum g_i+ | measured fitness | best measured fitness or single-digit g-values | x1 | x2...
1 0 +7.197402816e+01 +4.672402816e+01 +4.672402816e+01 +0.0000e+00 +0.0000e+00 +0.0000e+00 +0.0000e+00 +0.0000e+00 +0.0000e+00 +0.0000e+00 +0.0000e+00 +0.0000e+00 +0.0000e+00 +0.0000e+00 +0.0000e+00 +0.0000e+00 +0.0000e+00 +0.0000e+00 +0.0000e+00 +0.0000e+00 +0.0000e+00 +0.0000e+00 +0.0000e+00
37 0 +6.887809681e+01 +4.362809681e+01 +4.362809681e+01 +1.8077e+00 +1.3903e+00 -4.0068e+00 -2.3209e+00 +1.5716e+00 +1.3742e+00 -5.1545e-01 -5.7932e-01 +1.2869e+00 +2.0223e-02 +8.4510e-01 -1.2953e+00 -6.3333e-01 -3.2214e+00 -1.1324e+00 -1.5991e+00 +1.8003e-02 -7.4999e-01 -6.4427e-01 +1.1535e-01
39 0 +6.301571195e+01 +3.776571195e+01 +3.776571195e+01 +5.8188e+00 +1.9413e+00 +2.5648e-01 +9.7723e-01 +2.1069e+00 -5.2389e-01 +3.1386e-01 -2.1474e+00 -3.2896e-01 -3.5958e+00 +2.5906e-01 +5.2716e-02 -2.4641e+00 -2.6405e+00 -1.0956e+00 -1.1840e+00 -2.3620e+00 -1.3083e+00 +1.3504e+00 -2.0040e+00
