% f evaluations | g evaluations | best noise-free fitness - Fopt (-1.694000000000e+01) + sum g_i+ | measured fitness | best measured fitness or single-digit g-values | x1 | x2...
1 0 +3.707168231e+01 +2.013168231e+01 +2.013168231e+01 +0.0000e+00 +0.0000e+00 +0.0000e+00 +0.0000e+00 +0.0000e+00 +0.0000e+00 +0.0000e+00 +0.0000e+00 +0.0000e+00 +0.0000e+00 +0.0000e+00 +0.0000e+00 +0.0000e+00 +0.0000e+00 +0.0000e+00 +0.0000e+00 +0.0000e+00 +0.0000e+00 +0.0000e+00 +0.0000e+00
14 0 +3.070046286e+01 +1.376046286e+01 +1.376046286e+01 -1.4856e+00 -1.9947e+00 -2.6978e+00 +1.2305e+00 +1.1413e+00 +1.1790e+00 +9.1179e-01 -1.5575e+00 +1.2296e+00 +1.7223e+00 +1.2331e+00 -1.6808e-01 -1.0816e-01 +2.3192e+00 +2.0342e+00 -1.8890e+00 +2.7765e+00 -2.2528e+00 +2.7109e+00 +4.2653e+00
15 0 +2.079953343e+01 +3.859533429e+00 +3.859533429e+00 +8.6941e-01 -4.2418e-01 -3.8543e+00 +1.5259e+00 +3.3184e-01 -2.3998e+00 +2.7383e+00 -1.4595e+00 +1.0035e+00 +1.0782e+00 -3.5911e-02 +5.7282e-01 +9.6580e-01 -2.7350e+00 +2.7323e+00 +1.4997e+00 +4.4652e+00 +4.0460e+00 +8.2454e-01 +1.9688e+00
16 0 +1.995185725e+01 +3.011857255e+00 +3.011857255e+00 -4.8901e+00 +2.0311e+00 -2.5072e+00 +4.1266e+00 +2.5816e+00 -9.5957e-01 +1.1968e+00 +2.1738e+00 +2.3060e+00 +2.0071e+00 +9.3836e-01 +2.5211e+00 -2.9060e+00 -2.7225e+00 +3.3449e+00 +2.1264e-01 -2.2428e-01 +1.4647e+00 -3.8358e-02 +4.8177e+00
20 0 +1.860242221e+01 +1.662422208e+00 +1.662422208e+00 +9.9011e-01 +2.0246e+00 -1.1381e+00 +4.0847e-01 +3.2984e+00 -1.1898e+00 -2.2177e+00 +1.2715e+00 +7.9971e-01 +1.4996e+00 -4.6333e-01 +3.7337e-01 -5.9855e-01 +7.2965e-01 +3.2852e+00 +4.7234e-01 +4.8362e+00 -2.9073e-01 +4.3583e-01 +3.4115e+00
26 0 +1.475469508e+01 -2.185304923e+00 -2.185304923e+00 -4.1907e-02 -3.8925e-01 +1.8996e+00 +2.2268e+00 +4.7543e+00 +2.7593e+00 -6.5012e-02 -8.2438e-01 +1.6297e-02 +1.1774e+00 +2.9533e+00 -4.7913e-01 -1.4840e+00 -7.1126e-01 +3.5480e+00 -1.1061e+00 +3.9196e+00 -1.8027e-01 -2.2377e+00 +2.7045e+00
38 0 +1.432430378e+01 -2.615696216e+00 -2.615696216e+00 +2.8453e+00 +2.2846e+00 -3.9531e+00 +2.5910e+00 +3.1245e+00 -3.8933e+00 +6.9560e-01 +2.2201e+00 -1.9058e+00 -1.1180e+00 +5.4468e-01 +4.1509e+00 -1.4701e+00 +4.6553e-01 +2.2049e+00 +9.6111e-01 +2.1572e+00 +3.8983e+00 -9.9532e-01 +3.7602e+00
% f evaluations | g evaluations | best noise-free fitness - Fopt (1.881000000000e+01) + sum g_i+ | measured fitness | best measured fitness or single-digit g-values | x1 | x2...
1 0 +1.544776293e+01 +3.425776293e+01 +3.425776293e+01 +0.0000e+00 +0.0000e+00 +0.0000e+00 +0.0000e+00 +0.0000e+00 +0.0000e+00 +0.0000e+00 +0.0000e+00 +0.0000e+00 +0.0000e+00 +0.0000e+00 +0.0000e+00 +0.0000e+00 +0.0000e+00 +0.0000e+00 +0.0000e+00 +0.0000e+00 +0.0000e+00 +0.0000e+00 +0.0000e+00
8 0 +1.489711881e+01 +3.370711881e+01 +3.370711881e+01 -1.7954e+00 +2.3522e+00 -2.9595e+00 +1.9853e+00 -1.7465e+00 -3.2645e+00 +3.6759e+00 +2.8455e+00 -3.1434e+00 -1.0500e-01 -2.8055e+00 +1.8454e+00 +2.0449e+00 +1.0666e+00 -3.6937e+00 -8.0439e-01 -3.2954e+00 -8.1898e-02 -2.0096e+00 -8.7546e-02
36 0 +1.431051815e+01 +3.312051815e+01 +3.312051815e+01 -5.1458e+00 +1.0617e+00 -3.0697e-01 +2.7700e+00 -7.7289e-02 -3.0257e+00 -3.3824e+00 +8.0047e-02 +3.8497e+00 +3.6807e+00 -3.5671e-01 +3.0086e+00 +3.7995e+00 +2.5740e+00 -1.4044e+00 -8.1945e-02 -1.4871e+00 -1.3064e+00 +2.9123e-02 -8.4564e-01
% f evaluations | g evaluations | best noise-free fitness - Fopt (2.731500000000e+02) + sum g_i+ | measured fitness | best measured fitness or single-digit g-values | x1 | x2...
1 0 +3.571434203e+01 +3.088643420e+02 +3.088643420e+02 +0.0000e+00 +0.0000e+00 +0.0000e+00 +0.0000e+00 +0.0000e+00 +0.0000e+00 +0.0000e+00 +0.0000e+00 +0.0000e+00 +0.0000e+00 +0.0000e+00 +0.0000e+00 +0.0000e+00 +0.0000e+00 +0.0000e+00 +0.0000e+00 +0.0000e+00 +0.0000e+00 +0.0000e+00 +0.0000e+00
10 0 +2.406289613e+01 +2.972128961e+02 +2.972128961e+02 -8.1359e-01 -3.5143e+00 +1.3933e+00 -1.0630e+00 +2.0868e+00 -3.4344e+00 -1.4799e-01 -1.7482e-01 +1.2993e+00 +7.0981e-01 -1.6159e+00 -2.0551e+00 +1.2963e+00 -2.7553e+00 +6.0152e-01 -3.5061e+00 +4.5741e+00 -4.8005e-01 +1.0170e+00 -1.8305e-01
33 0 +2.170215602e+01 +2.948521560e+02 +2.948521560e+02 -9.7146e-01 -1.4003e+00 +3.8096e+00 -4.5403e+00 +2.6148e+00 -2.5838e+00 -1.6689e-01 -2.9838e+00 -2.5640e+00 +6.4413e-01 +1.6983e+00 +7.9216e-01 -5.1177e-01 +1.6958e-01 +3.8352e+00 -2.4426e+00 +5.4658e+00 +2.1702e+00 -4.6596e-01 +8.9369e-01
% f evaluations | g evaluations | best noise-free fitness - Fopt (3.718000000000e+01) + sum g_i+ | measured fitness | best measured fitness or single-digit g-values | x1 | x2...
1 0 +1.574854264e+01 +5.292854264e+01 +5.292854264e+01 +0.0000e+00 +0.0000e+00 +0.0000e+00 +0.0000e+00 +0.0000e+00 +0.0000e+00 +0.0000e+00 +0.0000e+00 +0.0000e+00 +0.0000e+00 +0.0000e+00 +0.0000e+00 +0.0000e+00 +0.0000e+00 +0.0000e+00 +0.0000e+00 +0.0000e+00 +0.0000e+00 +0.0000e+00 +0.0000e+00
3 0 +1.574419642e+01 +5.292419642e+01 +5.292419642e+01 -1.6399e+00 -1.2820e+00 -1.2904e+00 -6.8315e-01 +5.8457e-02 +7.3304e-01 -3.4388e+00 -2.2166e+00 +9.5066e-01 -1.4309e+00 +2.3881e+00 +3.5355e+00 -1.9595e+00 +3.6442e-01 +8.2567e-01 +8.4526e-01 +6.2535e-01 -1.2404e+00 +1.0473e+00 +2.1035e+00
6 0 +1.297592897e+01 +5.015592897e+01 +5.015592897e+01 -3.4849e+00 +1.6150e+00 +3.5070e-02 -3.5285e+00 -1.0752e+00 -2.2427e-01 -3.2143e+00 -4.3721e-01 -3.0479e-01 +6.6744e-01 +1.9436e+00 +2.0639e+00 +1.2299e+00 -3.8557e+00 +8.3323e-01 +1.9064e+00 +1.7443e+00 -5.0937e-01 -4.8448e-01 -4.4277e-01
10 0 +1.032618318e+01 +4.750618318e+01 +4.750618318e+01 -1.5925e+00 +2.5242e+00 -1.6843e+00 +4.3813e-01 +5.1154e-01 -6.5909e-01 -1.4432e+00 -2.5076e+00 -3.4323e-01 +1.7671e-01 -1.5155e+00 +3.3525e-01 -1.0660e+00 -2.2198e+00 -2.9779e-01 +2.4725e+00 +2.5265e+00 -5.9055e-01 +1.5337e+00 -3.6293e+00
% f evaluations | g evaluations | best noise-free fitness - Fopt (-1.479000000000e+02) + sum g_i+ | measured fitness | best measured fitness or single-digit g-values | x1 | x2...
1 0 +1.445935349e+01 -1.334406465e+02 -1.334406465e+02 +0.0000e+00 +0.0000e+00 +0.0000e+00 +0.0000e+00 +0.0000e+00 +0.0000e+00 +0.0000e+00 +0.0000e+00 +0.0000e+00 +0.0000e+00 +0.0000e+00 +0.0000e+00 +0.0000e+00 +0.0000e+00 +0.0000e+00 +0.0000e+00 +0.0000e+00 +0.0000e+00 +0.0000e+00 +0.0000e+00
4 0 +1.195911836e+01 -1.359408816e+02 -1.359408816e+02 +8.6411e-01 +2.7799e+00 -1.7168e+00 -5.9810e-01 +3.1360e-01 +1.2046e+00 +9.4683e-01 -2.3241e+00 +1.2255e+00 +1.4063e+00 +1.5461e-01 +1.8605e+00 +1.3614e+00 -1.1432e+00 +3.1626e+00 +1.2140e+00 +1.4494e+00 +1.1265e+00 +1.1733e+00 +9.9402e-01
