% f evaluations | g evaluations | best noise-free fitness - Fopt (3.590000000000e+01) + sum g_i+ | measured fitness | best measured fitness or single-digit g-values | x1 | x2...
1 0 +7.743465359e+05 +7.743824359e+05 +7.743824359e+05 +0.0000e+00 +0.0000e+00 +0.0000e+00 +0.0000e+00 +0.0000e+00 +0.0000e+00 +0.0000e+00 +0.0000e+00 +0.0000e+00 +0.0000e+00 +0.0000e+00 +0.0000e+00 +0.0000e+00 +0.0000e+00 +0.0000e+00 +0.0000e+00 +0.0000e+00 +0.0000e+00 +0.0000e+00 +0.0000e+00
4 0 +6.279998803e+05 +6.280357803e+05 +6.280357803e+05 +1.0070e+00 +5.4847e-01 +2.3102e+00 +2.1837e+00 -1.2572e-01 +3.3815e+00 -4.2950e-01 -1.4802e+00 -9.3149e-01 -5.2070e+00 -8.6450e-01 +9.3665e-01 -4.4863e-01 +2.0042e+00 -2.5994e+00 -1.4282e-01 -1.3283e+00 +1.5512e+00 +3.2734e-01 -2.6836e+00
10 0 +6.119222406e+05 +6.119581406e+05 +6.119581406e+05 -1.1511e+00 +3.2187e+00 +3.1693e+00 +1.3023e+00 -2.5227e+00 +3.4858e+00 +1.0651e+00 +5.6226e-01 -1.3639e+00 +6.1564e-01 -1.5471e+00 +4.0570e-02 +3.9133e+00 -1.4022e+00 -7.4911e-01 -3.2056e+00 -2.4125e+00 +2.9646e+00 -8.2015e-01 -1.1471e+00
18 0 +5.808935638e+05 +5.809294638e+05 +5.809294638e+05 +1.0447e+00 +1.7498e+00 +9.6900e-01 +2.8790e+00 +1.5494e+00 +3.0707e+00 +1.3989e+00 -2.5835e+00 -1.7259e+00 -1.4430e+00 -2.7656e+00 +5.0730e-01 +8.9859e-01 +2.4753e-01 +7.0146e-01 -1.5749e+00 -2.5749e+00 +3.7654e+00 -1.5963e+00 -2.3966e+00
29 0 +4.224819654e+05 +4.225178654e+05 +4.225178654e+05 -7.7100e-01 +2.4887e+00 +3.0373e+00 +2.7561e+00 -9.5512e-01 +3.4005e+00 +3.9322e+00 -4.1719e-01 -3.2005e+00 -2.9078e+00 -1.1824e+00 -6.8296e-01 +1.5197e+00 +3.2688e-01 +3.1531e+00 -2.5068e+00 -1.3343e+00 +5.1664e+00 -1.0138e+00 -6.6133e-01
32 0 +1.897818730e+05 +1.898177730e+05 +1.898177730e+05 +2.0181e+00 +1.8671e+00 +2.7569e+00 +2.1045e+00 -2.1420e+00 -3.8941e-01 +1.1677e+00 -4.7992e+00 +4.6891e-01 -5.9445e-01 -1.1637e+00 -1.8552e+00 +3.0847e+00 +9.4977e-01 +2.1895e+00 -6.6980e+00 -1.6866e+00 +7.1075e+00 +7.0656e-01 -3.6889e-01
% f evaluations | g evaluations | best noise-free fitness - Fopt (3.137000000000e+01) + sum g_i+ | measured fitness | best measured fitness or single-digit g-values | x1 | x2...
1 0 +3.777288378e+05 +3.777602078e+05 +3.777602078e+05 +0.0000e+00 +0.0000e+00 +0.0000e+00 +0.0000e+00 +0.0000e+00 +0.0000e+00 +0.0000e+00 +0.0000e+00 +0.0000e+00 +0.0000e+00 +0.0000e+00 +0.0000e+00 +0.0000e+00 +0.0000e+00 +0.0000e+00 +0.0000e+00 +0.0000e+00 +0.0000e+00 +0.0000e+00 +0.0000e+00
7 0 +3.759605081e+05 +3.759918781e+05 +3.759918781e+05 +3.2178e+00 +3.8570e-01 -2.0771e+00 -1.2903e+00 +1.8650e+00 -2.2904e+00 -5.9750e-02 +3.9687e-01 +4.0495e-01 -2.4497e+00 -1.3556e+00 -5.9549e-01 -1.1961e+00 +1.5681e+00 +5.4328e+00 -1.9520e+00 +1.8322e+00 -4.0098e+00 -1.3635e+00 +4.6712e-01
24 0 +3.062189384e+05 +3.062503084e+05 +3.062503084e+05 +9.2668e-01 -1.4967e-01 -1.3871e+00 +8.0841e-01 -3.5036e+00 -2.6895e-01 +3.1562e+00 +4.0056e-01 -1.1308e+00 +1.5042e+00 +3.0806e-01 -4.0708e-01 +1.1762e+00 +1.3245e+00 +1.4677e+00 +2.0185e-01 -8.4209e-01 -2.1430e+00 -1.5753e+00 +2.4760e+00
41 0 +2.971313965e+05 +2.971627665e+05 +2.971627665e+05 +2.6573e+00 -1.3827e+00 -2.2588e+00 +7.3759e-01 +1.2764e+00 +2.1748e-01 -4.7706e-01 +1.3529e+00 -4.8691e-01 +1.9971e-01 -3.2379e-01 -1.0493e+00 -1.2850e+00 +3.1036e+00 +1.0678e+00 -5.8771e-02 +1.7982e+00 -4.2520e+00 -7.8170e-01 -6.0452e-01
47 0 +1.925355690e+05 +1.925669390e+05 +1.925669390e+05 +1.4154e+00 -2.4939e+00 -3.7034e-01 +3.6381e-01 -4.2799e+00 -2.6050e+00 +2.1429e+00 +1.9247e+00 +7.4842e-01 -6.2664e-01 -2.2588e+00 +2.3120e+00 -1.6128e+00 -2.2125e+00 +1.3515e+00 -6.9840e-02 +4.4970e-01 -3.3516e+00 +2.3230e+00 +4.1404e-01
% f evaluations | g evaluations | best noise-free fitness - Fopt (-1.000000000000e+03) + sum g_i+ | measured fitness | best measured fitness or single-digit g-values | x1 | x2...
1 0 +3.286849989e+05 +3.276849989e+05 +3.276849989e+05 +0.0000e+00 +0.0000e+00 +0.0000e+00 +0.0000e+00 +0.0000e+00 +0.0000e+00 +0.0000e+00 +0.0000e+00 +0.0000e+00 +0.0000e+00 +0.0000e+00 +0.0000e+00 +0.0000e+00 +0.0000e+00 +0.0000e+00 +0.0000e+00 +0.0000e+00 +0.0000e+00 +0.0000e+00 +0.0000e+00
3 0 +2.820333447e+05 +2.810333447e+05 +2.810333447e+05 -1.6926e+00 +4.6323e-01 -1.9413e-01 -2.1920e+00 +1.5728e+00 +7.1260e-01 +3.3543e+00 +1.9878e+00 +1.5705e+00 -1.1966e+00 +1.6130e+00 +1.1107e+00 -2.1530e+00 -2.6422e-01 -3.8798e+00 -8.7545e-01 +2.0252e+00 +9.9409e-02 -4.1538e+00 +7.4850e-01
16 0 +1.425207299e+05 +1.415207299e+05 +1.415207299e+05 +2.1265e+00 +1.9660e+00 -2.3539e+00 -1.3384e+00 -7.2916e-02 +2.9792e+00 +7.7174e-01 +2.2215e+00 +3.2383e+00 -2.4875e-01 +5.0994e-01 -2.3276e+00 -5.1161e+00 -9.2385e-01 -3.6534e+00 -2.9106e+00 +2.9867e+00 -1.2322e+00 -3.4046e+00 +1.7212e+00
28 0 +1.221418071e+05 +1.211418071e+05 +1.211418071e+05 -3.9730e+00 -2.7710e-01 -1.7765e+00 -2.5878e-01 +8.0458e-01 +4.4097e-01 +1.9829e+00 +2.2818e+00 +2.8648e+00 -1.5927e-01 +1.5580e+00 -1.2701e+00 -5.4678e+00 -2.7634e+00 -4.6948e+00 -1.9450e+00 -9.0278e-01 +1.3411e+00 -3.6082e+00 +5.9273e+00
30 0 +1.200982179e+05 +1.190982179e+05 +1.190982179e+05 -1.8969e+00 +3.4801e+00 -7.4785e-01 -1.4465e+00 -3.6556e-01 +2.0923e+00 +3.5815e+00 +1.4019e+00 +1.7136e+00 +1.1980e+00 +1.5281e+00 -3.1001e+00 -1.0084e+00 +1.5771e+00 -7.3393e+00 -5.4598e+00 +1.5792e+00 +7.9598e-01 -5.2147e+00 +3.7673e+00
44 0 +9.697373918e+04 +9.597373918e+04 +9.597373918e+04 +1.0102e+00 +2.6591e+00 -3.2725e+00 +2.0974e-01 +4.5611e+00 +2.0216e+00 -1.2769e+00 +1.7169e+00 -9.8790e-01 +7.8566e-01 +1.9917e+00 -4.1783e+00 -1.0451e+00 +4.7367e-01 -4.0116e+00 -6.5681e+00 -6.8504e-01 +3.4460e+00 -5.9457e+00 +4.2330e+00
% f evaluations | g evaluations | best noise-free fitness - Fopt (1.319200000000e+02) + sum g_i+ | measured fitness | best measured fitness or single-digit g-values | x1 | x2...
1 0 +1.000870275e+06 +1.001002195e+06 +1.001002195e+06 +0.0000e+00 +0.0000e+00 +0.0000e+00 +0.0000e+00 +0.0000e+00 +0.0000e+00 +0.0000e+00 +0.0000e+00 +0.0000e+00 +0.0000e+00 +0.0000e+00 +0.0000e+00 +0.0000e+00 +0.0000e+00 +0.0000e+00 +0.0000e+00 +0.0000e+00 +0.0000e+00 +0.0000e+00 +0.0000e+00
5 0 +7.676182320e+05 +7.677501520e+05 +7.677501520e+05 -1.2388e+00 -4.2780e-02 -3.3142e-01 +6.6629e-02 -2.3911e+00 -1.1595e-01 -1.8707e+00 -3.2280e+00 -9.7576e-01 -1.2221e+00 -1.3046e+00 +2.0000e+00 -1.9015e+00 +7.0902e-01 +2.0455e+00 -2.6971e+00 +3.1675e+00 -1.5173e+00 +1.7270e+00 +2.3649e+00
14 0 +7.063674891e+05 +7.064994091e+05 +7.064994091e+05 +2.0937e+00 +8.4121e-01 +7.2921e-01 +4.4614e-01 -1.2894e+00 -5.7712e-01 -4.0841e+00 +1.0484e+00 -2.4115e-01 +6.3385e-01 -2.9779e+00 +3.3314e+00 +1.5491e-02 +3.3655e+00 +1.8915e+00 -4.2262e+00 +3.1814e+00 -3.3267e+00 +1.6820e+00 -1.8410e+00
28 0 +5.622754892e+05 +5.624074092e+05 +5.624074092e+05 -4.6277e+00 -1.3100e+00 -9.2939e-01 -9.3313e-01 -4.9402e+00 -2.7304e+00 -6.5891e+00 -6.8905e-02 +1.0960e+00 +2.1479e+00 -6.7054e-01 +2.6267e-01 -5.3616e-01 +1.3129e+00 -4.6908e-01 -5.4524e-01 +6.1405e-01 -5.3780e-01 +2.5906e+00 +2.5305e-01
33 0 +3.437607781e+05 +3.438926981e+05 +3.438926981e+05 +8.1998e-01 +2.1895e+00 -1.1606e+00 +2.5028e+00 -5.7193e-01 -1.2606e+00 -4.4469e+00 +1.2435e+00 -9.1596e-01 +2.2127e+00 -2.7418e+00 +2.3210e+00 -7.1959e-01 +5.1007e+00 -2.0967e+00 -4.6321e+00 +1.0481e+00 -2.0400e+00 +7.2865e-01 +1.9394e-01
% f evaluations | g evaluations | best noise-free fitness - Fopt (5.908400000000e+02) + sum g_i+ | measured fitness | best measured fitness or single-digit g-values | x1 | x2...
1 0 +1.310552413e+05 +1.316460813e+05 +1.316460813e+05 +0.0000e+00 +0.0000e+00 +0.0000e+00 +0.0000e+00 +0.0000e+00 +0.0000e+00 +0.0000e+00 +0.0000e+00 +0.0000e+00 +0.0000e+00 +0.0000e+00 +0.0000e+00 +0.0000e+00 +0.0000e+00 +0.0000e+00 +0.0000e+00 +0.0000e+00 +0.0000e+00 +0.0000e+00 +0.0000e+00
2 0 +1.168753741e+05 +1.174662141e+05 +1.174662141e+05 -5.2004e+00 +5.0759e-01 +1.2186e+00 +1.6885e+00 +5.6773e+00 +2.0950e+00 +2.5619e+00 -1.1141e+00 +2.6764e+00 -5.0724e-01 +5.0186e-01 +1.1045e+00 -4.5323e+00 -1.6380e+00 +1.8696e+00 -1.2419e+00 -7.4497e-01 +1.6230e+00 +1.7470e+00 -3.2017e+00
9 0 +6.634256101e+04 +6.693340101e+04 +6.693340101e+04 -1.0816e-01 -4.4122e+00 +4.6958e-01 +4.2623e+00 -1.4240e+00 -8.1598e-01 -2.9787e-01 +2.3334e+00 +3.2119e+00 +9.7177e-02 +1.3294e-01 +9.7793e-01 -1.2834e+00 -7.2755e-01 -4.2520e-01 -1.9626e+00 -3.8732e+00 -1.1427e+00 +6.1304e-01 +2.6482e+00
