% f evaluations | g evaluations | best noise-free fitness - Fopt (-5.465000000000e+02) + sum g_i+ | measured fitness | best measured fitness or single-digit g-values | x1 | x2...
1 0 +1.831961742e+04 +1.777311742e+04 +1.777311742e+04 +0.0000e+00 +0.0000e+00 +0.0000e+00 +0.0000e+00 +0.0000e+00 +0.0000e+00 +0.0000e+00 +0.0000e+00 +0.0000e+00 +0.0000e+00 +0.0000e+00 +0.0000e+00 +0.0000e+00 +0.0000e+00 +0.0000e+00 +0.0000e+00 +0.0000e+00 +0.0000e+00 +0.0000e+00 +0.0000e+00
44 0 +1.404389870e+04 +1.349739870e+04 +1.349739870e+04 +2.2185e+00 -1.5776e+00 +3.4796e-01 +3.3492e+00 +3.8866e+00 +6.1098e-01 -4.2362e+00 -4.0728e-01 -1.4047e+00 -2.6987e+00 +2.2815e+00 -1.7963e+00 +1.7465e+00 +1.5434e-01 +1.0147e+00 -2.9959e+00 +2.2542e-01 -1.6188e+00 -9.2594e-01 +9.6583e-01
50 0 +9.467304396e+03 +8.920804396e+03 +8.920804396e+03 +2.5268e+00 -1.2797e+00 +2.5083e+00 +8.4765e-01 +1.9680e+00 -5.1523e-01 -2.2437e+00 +4.1446e-01 -3.8130e-01 -2.1377e+00 +2.1352e+00 -1.7422e+00 +2.0699e+00 -3.8679e-01 +1.9673e+00 -2.7750e+00 -3.1162e-01 -2.9433e+00 -1.0651e+00 +7.7504e-01
% f evaluations | g evaluations | best noise-free fitness - Fopt (1.000000000000e+03) + sum g_i+ | measured fitness | best measured fitness or single-digit g-values | x1 | x2...
1 0 +1.831961742e+04 +1.931961742e+04 +1.931961742e+04 +0.0000e+00 +0.0000e+00 +0.0000e+00 +0.0000e+00 +0.0000e+00 +0.0000e+00 +0.0000e+00 +0.0000e+00 +0.0000e+00 +0.0000e+00 +0.0000e+00 +0.0000e+00 +0.0000e+00 +0.0000e+00 +0.0000e+00 +0.0000e+00 +0.0000e+00 +0.0000e+00 +0.0000e+00 +0.0000e+00
38 0 +1.579760256e+04 +1.679760256e+04 +1.679760256e+04 +5.1760e-01 +1.1340e+00 -2.5681e+00 -1.8903e+00 -3.8616e+00 +1.0096e+00 +7.3763e-01 -5.4149e-01 -1.1377e+00 +4.2525e-01 -2.6203e-01 +9.9824e-01 -3.1200e+00 +1.8055e+00 -6.3327e-02 -2.8022e+00 -2.3768e+00 -1.0040e+00 -1.7623e+00 +3.4185e+00
44 0 +4.474980812e+03 +5.474980812e+03 +5.474980812e+03 -4.2288e-03 +2.6597e+00 -3.3551e+00 -1.0816e+00 -2.6622e+00 +3.1447e-01 -2.7515e+00 -1.8727e+00 -3.4865e-01 -3.4458e+00 -3.2744e-01 -1.4842e+00 -1.7744e+00 +1.1063e+00 -1.0772e+00 -1.5822e+00 -1.4339e+00 -1.1667e+00 -2.3842e+00 +5.7548e-01
50 0 +3.135381120e+03 +4.135381120e+03 +4.135381120e+03 +2.8210e-01 +1.2967e+00 -2.7336e+00 -1.0702e+00 -3.1049e+00 +2.7962e-01 -2.1520e+00 -1.0529e+00 -4.9031e-01 -1.6505e+00 -1.1648e+00 -9.0422e-02 -2.3199e+00 +1.2872e+00 -1.1128e+00 -1.5277e+00 -1.2335e+00 -1.4673e+00 -2.2098e+00 +1.9312e+00
% f evaluations | g evaluations | best noise-free fitness - Fopt (2.083800000000e+02) + sum g_i+ | measured fitness | best measured fitness or single-digit g-values | x1 | x2...
1 0 +1.831961742e+04 +1.852799742e+04 +1.852799742e+04 +0.0000e+00 +0.0000e+00 +0.0000e+00 +0.0000e+00 +0.0000e+00 +0.0000e+00 +0.0000e+00 +0.0000e+00 +0.0000e+00 +0.0000e+00 +0.0000e+00 +0.0000e+00 +0.0000e+00 +0.0000e+00 +0.0000e+00 +0.0000e+00 +0.0000e+00 +0.0000e+00 +0.0000e+00 +0.0000e+00
15 0 +1.613903570e+04 +1.634741570e+04 +1.634741570e+04 -3.1004e-01 +1.1863e+00 -1.7025e+00 +5.5447e-01 +4.7047e-01 +3.4137e-02 +5.0559e-03 -3.2352e+00 -2.6197e+00 -1.0139e+00 -1.6761e-01 +4.3236e-01 -7.7152e-01 -6.2555e-01 -1.2490e-01 -1.5299e-01 +1.2424e+00 +2.0728e+00 +3.1374e+00 -5.1640e-01
31 0 +1.244538966e+04 +1.265376966e+04 +1.265376966e+04 -2.0315e+00 +9.8431e-01 -1.8404e+00 -1.1869e+00 +2.1079e+00 +1.7263e+00 +2.1330e+00 +2.8729e-01 -2.0857e+00 +1.1980e+00 +1.3571e+00 +2.7360e-01 +2.3424e+00 -1.3675e+00 +1.0650e+00 -4.3160e-01 +1.8288e+00 +2.3682e+00 +1.1449e+00 +1.1398e+00
32 0 +7.762156273e+03 +7.970536273e+03 +7.970536273e+03 -1.5024e+00 +1.6229e+00 -1.4481e+00 +4.6235e+00 +2.0207e+00 +3.3501e-01 +3.9709e+00 +1.9779e+00 -7.1960e-01 -1.7338e+00 -3.7642e-01 +1.9440e+00 -4.2274e-01 -1.9142e+00 +1.9776e+00 -1.7014e+00 +1.1292e+00 +1.2508e+00 +3.0669e+00 +8.8406e-02
44 0 +4.023209085e+03 +4.231589085e+03 +4.231589085e+03 -1.1191e+00 +6.9326e-01 -1.6073e+00 +1.6061e+00 +1.7595e+00 +1.9394e+00 -2.9683e-01 +2.3084e+00 -1.1518e+00 -1.7553e+00 +6.3661e-01 +1.2595e+00 -2.1288e+00 -5.5809e-01 +1.5020e+00 -1.7543e+00 +2.4365e+00 +2.1085e-01 +4.2202e-01 +2.8503e+00
50 0 +8.240144815e+02 +1.032394482e+03 +1.032394482e+03 -1.2008e+00 +1.8950e+00 -1.7743e+00 +2.1462e+00 +1.1868e+00 +9.0410e-01 +1.2590e+00 +2.0916e+00 -1.8417e-01 -7.8420e-01 +8.9434e-01 +7.8227e-01 -1.6389e+00 -1.1200e+00 +1.6415e+00 -2.0055e+00 +2.5710e+00 +6.4792e-01 +1.7534e+00 +2.1683e+00
% f evaluations | g evaluations | best noise-free fitness - Fopt (-1.449600000000e+02) + sum g_i+ | measured fitness | best measured fitness or single-digit g-values | x1 | x2...
1 0 +1.831961742e+04 +1.817465742e+04 +1.817465742e+04 +0.0000e+00 +0.0000e+00 +0.0000e+00 +0.0000e+00 +0.0000e+00 +0.0000e+00 +0.0000e+00 +0.0000e+00 +0.0000e+00 +0.0000e+00 +0.0000e+00 +0.0000e+00 +0.0000e+00 +0.0000e+00 +0.0000e+00 +0.0000e+00 +0.0000e+00 +0.0000e+00 +0.0000e+00 +0.0000e+00
8 0 +1.413137188e+04 +1.398641188e+04 +1.398641188e+04 +2.9037e+00 -1.1776e+00 -2.0180e+00 +4.3219e-01 +1.0341e+00 +1.2743e+00 -2.7024e-01 +4.6317e+00 -9.6195e-01 +8.7410e-01 +1.8155e-02 -7.7105e-01 -1.4996e+00 +3.4265e+00 +3.8197e-01 +5.4923e-01 -2.7007e-01 -6.3504e-01 +1.7476e+00 -2.9408e-01
50 0 +2.757281368e+03 +2.612321368e+03 +2.612321368e+03 +1.2021e-01 +1.2794e+00 +1.1192e-01 +1.6678e+00 -8.0896e-01 +1.2722e+00 -2.2251e+00 +1.5899e+00 +1.5031e-01 +3.2253e-01 +2.7339e+00 -7.6127e-01 -4.2757e-01 +3.4624e+00 +3.3623e-01 +2.6503e+00 -7.2239e-01 -2.2844e+00 +7.7099e-01 -8.4997e-01
% f evaluations | g evaluations | best noise-free fitness - Fopt (-6.300000000000e+00) + sum g_i+ | measured fitness | best measured fitness or single-digit g-values | x1 | x2...
1 0 +1.831961742e+04 +1.831331742e+04 +1.831331742e+04 +0.0000e+00 +0.0000e+00 +0.0000e+00 +0.0000e+00 +0.0000e+00 +0.0000e+00 +0.0000e+00 +0.0000e+00 +0.0000e+00 +0.0000e+00 +0.0000e+00 +0.0000e+00 +0.0000e+00 +0.0000e+00 +0.0000e+00 +0.0000e+00 +0.0000e+00 +0.0000e+00 +0.0000e+00 +0.0000e+00
14 0 +1.291115249e+04 +1.290485249e+04 +1.290485249e+04 -2.0120e+00 +7.3282e-01 -3.2296e+00 +2.0551e+00 +8.8379e-01 +9.5580e-01 -1.0799e+00 +1.9450e+00 +3.3116e+00 +2.6908e+00 +1.1302e+00 +2.3714e+00 -2.0279e-02 +2.4427e+00 +1.3822e+00 +1.4235e+00 -1.2608e+00 -1.6339e+00 -1.8716e+00 +2.6081e-01
20 0 +1.172361823e+04 +1.171731823e+04 +1.171731823e+04 +2.5622e+00 +3.0157e+00 +5.5863e-01 +9.4793e-01 +1.8791e+00 -9.9324e-01 -2.3178e-02 +4.1476e-01 -3.7341e-01 +1.1260e-01 +1.0241e+00 -2.8471e-02 +1.6149e+00 +4.0388e+00 +7.6947e-01 +2.2933e+00 -1.2171e+00 -9.1199e-01 -1.9636e+00 -2.5314e+00
50 0 +5.952219748e+03 +5.945919748e+03 +5.945919748e+03 -1.3848e-01 +1.1251e+00 +2.1462e-01 +7.6803e-01 +2.7761e+00 -2.7961e-01 +9.7173e-02 -5.2387e-01 +8.5079e-01 +1.0305e+00 +1.2832e+00 +3.6243e-01 -6.2729e-01 +3.7337e+00 +5.7106e-01 +1.9864e+00 -1.3317e+00 -2.2953e+00 -1.0758e+00 -1.2658e+00
