% f evaluations | g evaluations | best noise-free fitness - Fopt (-3.710000000000e+00) + sum g_i+ | measured fitness | best measured fitness or single-digit g-values | x1 | x2...
1 0 +7.156572542e+01 +6.785572542e+01 +6.785572542e+01 +0.0000e+00 +0.0000e+00 +0.0000e+00
6 0 +4.902492220e+01 +4.531492220e+01 +4.531492220e+01 +2.0946e+00 -6.3469e-01 -1.4186e-02
17 0 +4.229228674e+01 +3.858228674e+01 +3.858228674e+01 +1.1177e+00 -1.9724e+00 +1.9355e+00
23 0 +3.505067852e+01 +3.134067852e+01 +3.134067852e+01 +4.2749e+00 -1.8113e+00 +1.2123e+00
30 0 +3.428056359e+01 +3.057056359e+01 +3.057056359e+01 +5.1143e+00 -3.9647e+00 +2.6064e+00
32 0 +3.364664649e+01 +2.993664649e+01 +2.993664649e+01 +5.9039e+00 -2.6591e+00 +2.3878e+00
35 0 +2.634144641e+01 +2.263144641e+01 +2.263144641e+01 +2.1437e+00 -3.0142e+00 +1.6577e+00
55 0 +2.422074401e+01 +2.051074401e+01 +2.051074401e+01 +4.0668e+00 -2.8297e+00 +1.2539e+00
63 0 +1.700582769e+01 +1.329582769e+01 +1.329582769e+01 +2.0922e+00 -1.2699e+00 +1.1644e+00
