% f evaluations | g evaluations | best noise-free fitness - Fopt (-3.710000000000e+00) + sum g_i+ | measured fitness | best measured fitness or single-digit g-values | x1 | x2...
1 0 +9.158635511e+02 +9.121535511e+02 +9.121535511e+02 +0.0000e+00 +0.0000e+00 +0.0000e+00 +0.0000e+00 +0.0000e+00 +0.0000e+00 +0.0000e+00 +0.0000e+00 +0.0000e+00 +0.0000e+00 +0.0000e+00 +0.0000e+00 +0.0000e+00 +0.0000e+00 +0.0000e+00 +0.0000e+00 +0.0000e+00 +0.0000e+00 +0.0000e+00 +0.0000e+00
2 0 +8.264529898e+02 +8.227429898e+02 +8.227429898e+02 +2.0339e+00 -2.3375e+00 +2.1672e-01 +6.4816e-01 +1.9257e-01 -4.6673e+00 -2.5307e-01 +1.2881e-01 -2.2476e+00 +9.1549e-01 -9.7929e-01 -2.9339e+00 +2.1137e+00 +3.2862e-01 -2.6375e-01 -1.2239e+00 -1.2511e-01 -3.2443e+00 +1.4963e+00 -3.6105e+00
23 0 +7.391547394e+02 +7.354447394e+02 +7.354447394e+02 +1.0024e+00 -1.9427e+00 +1.4134e+00 -2.3553e+00 +2.9669e+00 -4.5884e+00 +2.7459e+00 +1.3212e+00 -6.0523e+00 -1.7312e+00 -7.7397e-01 -2.5701e+00 +1.5290e+00 -1.9583e+00 +2.7148e-01 -4.9521e+00 +2.9630e+00 -6.5468e-01 +1.3286e+00 -2.2649e+00
29 0 +6.828619741e+02 +6.791519741e+02 +6.791519741e+02 +2.4396e+00 -4.2769e+00 -3.2490e+00 -1.3790e+00 +3.0373e+00 -1.3926e+00 +1.1453e+00 +9.0083e-01 -5.2756e+00 -3.3588e-01 +1.5334e+00 -1.7344e+00 +1.0604e+00 -4.7735e+00 -2.3159e+00 -4.7260e+00 +1.4129e+00 -1.4270e+00 +5.5188e-01 -2.7879e+00
38 0 +6.380285696e+02 +6.343185696e+02 +6.343185696e+02 +2.4605e+00 -6.3342e-01 +2.7400e+00 +5.7476e-01 +1.8489e+00 -6.5138e-01 -1.6479e-01 -3.3435e-01 -5.4197e+00 -8.4048e-01 +3.3231e+00 +9.5861e-01 +1.0707e-01 -4.9402e+00 -3.0934e+00 -4.2952e+00 +2.7945e+00 -1.6829e-01 +2.5737e-01 -5.8603e+00
44 0 +4.853396464e+02 +4.816296464e+02 +4.816296464e+02 +1.4164e+00 -2.3745e+00 +2.6984e+00 +8.1950e-01 -7.9331e-01 +2.9171e+00 +6.1468e-02 -5.7475e-01 -7.8784e+00 -2.7382e+00 -6.4558e-01 -1.2006e+00 +5.5985e-01 -1.1179e-01 +9.4444e-01 -3.1432e+00 +1.5963e+00 +1.6654e+00 +2.8494e+00 -5.1446e+00
66 0 +4.577230601e+02 +4.540130601e+02 +4.540130601e+02 -2.8010e-01 +3.2576e-01 +1.6907e-01 +5.4610e+00 -3.0343e+00 +3.7143e+00 -4.1087e+00 -2.3262e+00 -5.4228e+00 -4.7823e-01 +3.0086e+00 -1.1266e+00 +2.2085e+00 -1.3905e-01 +2.6647e+00 -2.0325e+00 +3.2243e+00 +2.5982e+00 +3.1920e+00 -3.2708e+00
68 0 +3.895153895e+02 +3.858053895e+02 +3.858053895e+02 +1.5212e+00 -4.9935e+00 +3.1239e+00 +3.5365e+00 -4.7117e-01 +4.4664e+00 +1.0964e+00 -5.6689e-01 -6.8499e+00 -2.0176e+00 +2.0325e+00 +8.4558e-01 +2.7036e+00 -2.9586e+00 +1.4671e+00 -3.5829e+00 +2.9218e+00 -6.7949e-01 +2.8055e+00 -2.5017e+00
132 0 +3.470703260e+02 +3.433603260e+02 +3.433603260e+02 +3.4181e+00 -3.7037e+00 +5.5230e+00 -9.5293e-02 +8.9527e-01 +1.7606e+00 -2.0604e+00 -4.8568e-01 -3.0392e+00 -1.7344e+00 +1.5982e+00 +1.8754e+00 +4.8032e+00 -3.8143e+00 +9.3239e-01 -4.4535e+00 +3.0949e+00 +9.6224e-01 +3.2074e+00 -3.2870e+00
199 0 +3.457831374e+02 +3.420731374e+02 +3.420731374e+02 +4.3191e+00 -2.9552e+00 +3.1376e+00 -2.6302e-01 +5.0054e-02 +3.8279e+00 -6.6484e-01 -4.3838e+00 -4.0874e+00 -6.4345e-01 +2.3774e+00 +6.0581e-01 +1.4519e+00 -2.2137e+00 +5.8462e-01 -3.1837e+00 +3.2009e+00 +5.8673e-01 +3.7293e+00 -2.6493e+00
208 0 +2.762154556e+02 +2.725054556e+02 +2.725054556e+02 +4.1192e+00 -5.2343e-02 +3.5939e+00 +4.7564e-01 -8.9982e-01 +3.6044e+00 -3.2225e+00 -2.7832e+00 -4.7952e+00 -9.2468e-01 +1.8051e+00 +1.1649e-01 +3.8484e+00 -1.7450e+00 +1.4351e+00 -3.1064e+00 +2.0743e+00 +1.1824e+00 +2.7850e+00 -3.3799e+00
228 0 +2.744979944e+02 +2.707879944e+02 +2.707879944e+02 +6.6217e+00 -3.7858e-01 +4.4011e+00 +1.4320e+00 -5.3459e-01 +1.3114e+00 -1.3276e+00 -2.4885e+00 -4.2050e+00 -1.1078e-01 +2.5272e+00 +2.5804e-01 +4.7733e+00 -1.5360e+00 +9.3765e-02 -4.2008e+00 +2.8962e+00 +1.1939e+00 +3.9612e+00 -3.1618e+00
318 0 +2.412933511e+02 +2.375833511e+02 +2.375833511e+02 +5.1692e+00 -2.2454e+00 +1.9671e+00 +1.6563e+00 +2.3386e+00 +5.4132e+00 -2.2067e+00 -1.4201e+00 -4.0946e+00 +1.4381e+00 +9.8376e-01 +1.5931e+00 +4.8503e+00 -2.9482e+00 -1.5240e-01 -5.2813e+00 +8.1747e-01 +1.1737e+00 +4.7916e+00 -2.8408e+00
378 0 +2.330036293e+02 +2.292936293e+02 +2.292936293e+02 +4.1988e+00 -1.8082e+00 +1.1515e+00 +2.5194e+00 +3.8949e+00 +4.8604e+00 -2.2977e+00 -2.0835e+00 -3.0197e+00 +4.9975e-01 +2.5226e+00 +1.4575e-01 +3.8693e+00 -1.9827e+00 +5.8255e-01 -4.1960e+00 +9.8194e-01 +1.5373e+00 +3.6580e+00 -3.1957e+00
393 0 +2.290024971e+02 +2.252924971e+02 +2.252924971e+02 +3.8963e+00 -1.9678e+00 +1.6205e+00 +3.1312e+00 +4.9809e+00 +4.3363e+00 -5.3929e-01 -2.5917e+00 -3.6563e+00 +4.5959e-01 +1.7745e+00 +2.1958e+00 +4.9648e+00 -1.8588e+00 +4.1416e-01 -4.1011e+00 +1.7765e+00 +1.4621e+00 +4.0276e+00 -3.3881e+00
404 0 +2.235306838e+02 +2.198206838e+02 +2.198206838e+02 +6.1560e+00 -2.1971e+00 +1.3026e+00 +2.2733e+00 +5.7868e+00 +5.0070e+00 -1.3371e+00 -2.1159e+00 -2.5368e+00 +6.8122e-01 +2.7093e+00 +1.5378e+00 +5.1847e+00 -1.8918e+00 -5.3582e-02 -4.1619e+00 +9.3707e-01 +7.0243e-01 +4.0955e+00 -2.8641e+00
420 0 +1.958537282e+02 +1.921437282e+02 +1.921437282e+02 +7.5483e+00 -1.5309e+00 +2.8938e-01 +2.4564e+00 +3.0362e+00 +4.7132e+00 -7.0160e-02 -1.9199e+00 -2.2285e+00 +5.6665e-01 +3.6232e+00 +9.3807e-01 +3.2270e+00 -1.1381e+00 +3.1586e-01 -4.1469e+00 +1.5743e+00 +1.5611e+00 +4.1832e+00 -2.5944e+00
429 0 +1.754667253e+02 +1.717567253e+02 +1.717567253e+02 +6.2285e+00 -1.2832e+00 +4.5932e-02 +2.2934e+00 +3.2121e+00 +1.3244e+00 -6.4278e-01 -2.4786e+00 -3.0875e+00 -7.4673e-01 +3.3569e+00 +1.0095e+00 +4.9278e+00 -2.2608e+00 +1.7208e+00 -4.0997e+00 +2.0246e+00 +5.0749e-01 +4.6805e+00 -2.8713e+00
432 0 +1.664925902e+02 +1.627825902e+02 +1.627825902e+02 +6.1012e+00 -2.3429e+00 +8.9001e-01 +2.2834e+00 +3.8666e+00 +4.4756e+00 -1.6560e+00 -2.0051e+00 -3.1622e+00 +1.2080e-01 +3.7735e+00 +2.8592e+00 +4.4070e+00 -2.5511e+00 +3.5693e-01 -3.6640e+00 +7.5336e-01 +2.6813e+00 +3.6129e+00 -2.8519e+00
450 0 +1.627100510e+02 +1.590000510e+02 +1.590000510e+02 +5.0985e+00 -1.7945e+00 -2.8041e-01 +1.2948e+00 +3.8824e+00 +3.1576e+00 -1.1533e+00 -2.7514e+00 -3.0598e+00 -1.3825e-02 +3.9592e+00 +2.0953e+00 +2.6118e+00 -2.0079e+00 +5.0067e-02 -3.5937e+00 +1.4233e-01 +1.9388e+00 +3.9774e+00 -2.9423e+00
