% f evaluations | g evaluations | best noise-free fitness - Fopt (-3.710000000000e+00) + sum g_i+ | measured fitness | best measured fitness or single-digit g-values | x1 | x2...
1 0 +3.211002619e+02 +3.173902619e+02 +3.173902619e+02 +0.0000e+00 +0.0000e+00 +0.0000e+00 +0.0000e+00 +0.0000e+00 +0.0000e+00 +0.0000e+00 +0.0000e+00 +0.0000e+00 +0.0000e+00
17 0 +1.949324684e+02 +1.912224684e+02 +1.912224684e+02 +4.2147e+00 -6.4024e-01 -4.1606e-01 +5.8993e+00 +6.5268e-01 +6.2995e-01 +1.4326e+00 -3.6825e+00 -1.7882e+00 -2.5568e-01
70 0 +1.525021397e+02 +1.487921397e+02 +1.487921397e+02 +2.9584e+00 -1.2295e+00 -1.7163e+00 +2.0686e+00 +1.4530e+00 +5.8323e+00 +3.5048e-02 -2.0896e+00 -3.6667e+00 +7.4447e-01
85 0 +1.375499781e+02 +1.338399781e+02 +1.338399781e+02 +1.0980e+00 +1.2917e+00 +1.2090e+00 +3.8598e+00 +3.1662e+00 +5.2096e+00 +1.9954e+00 -3.1120e+00 -3.5286e+00 +5.2747e-01
92 0 +1.115363200e+02 +1.078263200e+02 +1.078263200e+02 +1.3364e+00 -4.4278e-01 +9.2008e-01 +3.5725e+00 +3.4165e+00 +3.7495e+00 +8.4400e-01 -2.1053e+00 -3.2060e+00 +1.3367e+00
115 0 +1.027467339e+02 +9.903673389e+01 +9.903673389e+01 +3.5412e+00 -4.1620e-01 -6.9077e-01 +3.1292e+00 +2.6082e+00 +2.2861e+00 -2.3391e-01 -1.5298e+00 -3.5016e+00 +1.0184e-01
127 0 +1.007507402e+02 +9.704074018e+01 +9.704074018e+01 +3.2099e+00 -3.7149e-01 +1.0873e-01 +4.4188e+00 +2.7088e+00 +3.1437e+00 +7.2510e-02 -2.9531e+00 -2.9258e+00 +3.4507e-01
131 0 +8.050971266e+01 +7.679971266e+01 +7.679971266e+01 +3.0467e+00 -1.2525e+00 +4.2870e-01 +3.8541e+00 +1.3058e+00 +3.1734e+00 +1.0589e+00 -3.1979e+00 -3.1359e+00 +1.2346e+00
248 0 +7.722063098e+01 +7.351063098e+01 +7.351063098e+01 +2.1263e+00 -6.2300e-01 +2.0318e+00 +4.4307e+00 +2.4592e+00 +3.0836e+00 +2.2737e-01 -2.5732e+00 -2.0388e+00 +9.5848e-01
