% f evaluations | g evaluations | best noise-free fitness - Fopt (3.777000000000e+01) + sum g_i+ | measured fitness | best measured fitness or single-digit g-values | x1 | x2...
1 0 +6.756700038e+06 +6.756737808e+06 +6.756737808e+06 +0.0000e+00 +0.0000e+00 +0.0000e+00
4 0 +4.866267527e+06 +4.866305297e+06 +4.866305297e+06 -3.2914e+00 +2.3292e+00 +1.9749e+00
6 0 +1.329636131e+06 +1.329673901e+06 +1.329673901e+06 -2.3043e+00 +5.8608e-01 +1.6635e-01
24 0 +6.918557682e+05 +6.918935382e+05 +6.918935382e+05 -2.2468e+00 +7.1908e-01 +4.1593e-01
27 0 +3.279356495e+05 +3.279734195e+05 +3.279734195e+05 -6.4000e-01 +2.3744e+00 +9.2309e-01
37 0 +2.269197102e+05 +2.269574802e+05 +2.269574802e+05 +3.2448e-01 +3.3454e+00 -5.9337e-01
50 0 +1.490291030e+05 +1.490668730e+05 +1.490668730e+05 +1.6102e-01 +2.8651e+00 -3.9998e-01
54 0 +6.537068853e+04 +6.540845853e+04 +6.540845853e+04 +8.5713e-01 +3.3203e+00 -5.1372e-02
73 0 +5.377594946e+04 +5.381371946e+04 +5.381371946e+04 +1.2348e+00 +4.0790e+00 -5.0248e-01
