% f evaluations | g evaluations | best noise-free fitness - Fopt (1.156800000000e+02) + sum g_i+ | measured fitness | best measured fitness or single-digit g-values | x1 | x2...
1 0 +2.457187506e+02 +3.613987506e+02 +3.613987506e+02 +0.0000e+00 +0.0000e+00 +0.0000e+00 +0.0000e+00 +0.0000e+00
2 0 +2.139464706e+02 +3.296264706e+02 +3.296264706e+02 +2.4134e+00 +3.0558e+00 -1.0820e-01 +2.5904e+00 +2.9114e-01
9 0 +1.916479219e+02 +3.073279219e+02 +3.073279219e+02 +1.0250e+00 +2.6962e+00 -4.2569e+00 +2.6971e-02 +1.8340e+00
11 0 +1.251539296e+02 +2.408339296e+02 +2.408339296e+02 +1.7632e+00 +3.6993e+00 -2.4096e+00 +3.4758e+00 +2.4289e+00
23 0 +1.068863797e+02 +2.225663797e+02 +2.225663797e+02 +7.7353e-01 +3.5723e+00 -2.2194e+00 +2.5843e+00 +2.8451e+00
59 0 +9.258163463e+01 +2.082616346e+02 +2.082616346e+02 +3.6951e-01 +1.8180e+00 -3.1100e+00 +1.5481e+00 +2.8499e+00
69 0 +8.187630344e+01 +1.975563034e+02 +1.975563034e+02 +1.9464e+00 +8.2967e-01 -2.1290e+00 +2.3679e+00 +2.4303e+00
86 0 +5.106331380e+01 +1.667433138e+02 +1.667433138e+02 +2.7980e-01 +3.4701e-01 -3.6740e-01 +4.0446e+00 +2.3586e+00
92 0 +2.564805023e+01 +1.413280502e+02 +1.413280502e+02 +4.3730e-01 -1.7801e-01 -1.8351e-01 +3.0461e+00 +2.9517e+00
