% f evaluations | g evaluations | best noise-free fitness - Fopt (-5.235000000000e+01) + sum g_i+ | measured fitness | best measured fitness or single-digit g-values | x1 | x2...
1 0 +3.680316576e+01 -1.554683424e+01 -1.554683424e+01 +0.0000e+00 +0.0000e+00 +0.0000e+00 +0.0000e+00 +0.0000e+00 +0.0000e+00 +0.0000e+00 +0.0000e+00 +0.0000e+00 +0.0000e+00 +0.0000e+00 +0.0000e+00 +0.0000e+00 +0.0000e+00 +0.0000e+00 +0.0000e+00 +0.0000e+00 +0.0000e+00 +0.0000e+00 +0.0000e+00
27 0 +2.850551677e+01 -2.384448323e+01 -2.384448323e+01 -1.1160e-01 -2.1368e+00 -2.7717e+00 -8.1734e-01 -1.8909e+00 +3.2655e+00 -1.2715e+00 +8.3255e-01 -1.2841e-01 -5.8479e-01 -7.8347e-01 +1.9973e+00 -6.8651e-01 -7.8952e-01 +7.3974e-01 -1.6892e+00 -2.1274e+00 -1.8479e-01 +3.7504e+00 +1.0211e+00
% f evaluations | g evaluations | best noise-free fitness - Fopt (-1.795400000000e+02) + sum g_i+ | measured fitness | best measured fitness or single-digit g-values | x1 | x2...
1 0 +5.080463025e+01 -1.287353697e+02 -1.287353697e+02 +0.0000e+00 +0.0000e+00 +0.0000e+00 +0.0000e+00 +0.0000e+00 +0.0000e+00 +0.0000e+00 +0.0000e+00 +0.0000e+00 +0.0000e+00 +0.0000e+00 +0.0000e+00 +0.0000e+00 +0.0000e+00 +0.0000e+00 +0.0000e+00 +0.0000e+00 +0.0000e+00 +0.0000e+00 +0.0000e+00
16 0 +4.917517558e+01 -1.303648244e+02 -1.303648244e+02 -9.6945e-02 +6.3274e-01 -7.7254e-01 -3.3460e-01 -9.5996e-01 -2.1716e+00 -2.0182e+00 +7.1656e-01 -2.1925e+00 +1.6751e+00 +5.2790e-01 +6.1929e-01 -1.9883e-01 -2.9462e-01 -4.6016e-01 -2.3743e-02 +2.9872e+00 +4.0841e+00 -2.1054e+00 +7.2922e-01
35 0 +4.373389685e+01 -1.358061031e+02 -1.358061031e+02 -1.6189e+00 +1.0523e+00 -6.6792e+00 +2.4410e+00 +1.3357e+00 -2.1834e+00 +8.2045e-01 +4.1240e-02 -1.3745e+00 +9.4070e-01 +1.7554e+00 +3.4044e+00 -5.0284e+00 -4.9602e-01 +1.4400e+00 +3.7981e+00 +7.5102e-01 +5.0603e+00 -9.1538e-01 +1.2726e+00
44 0 +2.837863085e+01 -1.511613691e+02 -1.511613691e+02 -3.7061e-01 +1.0144e+00 -4.5120e+00 +5.4476e+00 +2.3346e+00 -1.2056e+00 +8.0869e-01 -1.8965e+00 -6.7976e-01 +2.5704e+00 -1.5076e+00 +1.6634e+00 -3.9408e+00 -6.8718e-02 +5.1522e+00 +4.7426e+00 -4.4762e-01 +1.0680e+00 +4.2440e-01 +1.7507e+00
% f evaluations | g evaluations | best noise-free fitness - Fopt (7.731000000000e+01) + sum g_i+ | measured fitness | best measured fitness or single-digit g-values | x1 | x2...
1 0 +2.420831801e+01 +1.015183180e+02 +1.015183180e+02 +0.0000e+00 +0.0000e+00 +0.0000e+00 +0.0000e+00 +0.0000e+00 +0.0000e+00 +0.0000e+00 +0.0000e+00 +0.0000e+00 +0.0000e+00 +0.0000e+00 +0.0000e+00 +0.0000e+00 +0.0000e+00 +0.0000e+00 +0.0000e+00 +0.0000e+00 +0.0000e+00 +0.0000e+00 +0.0000e+00
7 0 +1.863856155e+01 +9.594856155e+01 +9.594856155e+01 +1.1794e+00 +1.8496e+00 -2.2723e+00 +1.2354e-01 +3.6449e+00 -1.2815e-01 +3.1352e-01 -2.2155e+00 +2.4511e+00 +2.9595e+00 -1.1359e+00 +3.3402e+00 +1.0012e+00 -1.9188e+00 +1.0395e+00 +1.2784e+00 -1.4344e-01 -3.4395e+00 +3.5713e+00 +3.3940e-01
19 0 +1.714096904e+01 +9.445096904e+01 +9.445096904e+01 -2.2941e+00 +7.0812e-03 -2.7352e+00 +1.9042e+00 +2.1799e+00 -3.0444e+00 +1.4346e+00 -3.7404e+00 +1.1771e+00 +2.2454e+00 +8.3241e-01 -9.2476e-01 +9.3864e-01 -1.5045e-02 +1.8059e+00 +1.1672e+00 +4.1799e-01 +1.4713e+00 +9.8668e-01 +5.7915e+00
% f evaluations | g evaluations | best noise-free fitness - Fopt (3.992000000000e+01) + sum g_i+ | measured fitness | best measured fitness or single-digit g-values | x1 | x2...
1 0 +7.115444340e+01 +1.110744434e+02 +1.110744434e+02 +0.0000e+00 +0.0000e+00 +0.0000e+00 +0.0000e+00 +0.0000e+00 +0.0000e+00 +0.0000e+00 +0.0000e+00 +0.0000e+00 +0.0000e+00 +0.0000e+00 +0.0000e+00 +0.0000e+00 +0.0000e+00 +0.0000e+00 +0.0000e+00 +0.0000e+00 +0.0000e+00 +0.0000e+00 +0.0000e+00
5 0 +4.337425115e+01 +8.329425115e+01 +8.329425115e+01 -1.2451e-01 -7.9257e-01 +1.8899e+00 +3.2618e-01 -1.3513e+00 +7.2635e-01 -1.4172e+00 -9.0204e-01 +1.7899e+00 -2.0468e+00 -5.5655e-01 -1.4406e+00 +1.3579e+00 +5.6600e+00 -8.4279e-01 -1.1683e+00 -1.0175e+00 -1.0920e+00 -3.6120e+00 -1.9884e+00
21 0 +3.602143026e+01 +7.594143026e+01 +7.594143026e+01 +4.8974e+00 +3.0978e+00 +1.3904e+00 -5.4830e-01 -1.1591e+00 +1.7731e+00 -1.9832e+00 +4.3752e+00 +2.1370e+00 -7.9589e-01 +2.2562e+00 -1.6292e+00 +2.2342e-01 +1.9584e+00 -9.5418e-01 +7.1006e-01 -3.3072e+00 +6.8177e-01 -1.0610e+00 -9.4546e-01
49 0 +3.181280978e+01 +7.173280978e+01 +7.173280978e+01 +5.6981e+00 +5.0853e+00 +3.9661e+00 +1.3905e-01 -2.0723e+00 +2.8151e+00 -1.6182e+00 -1.5326e-01 +2.9270e+00 +2.9280e-01 +2.9579e-01 -1.1940e+00 +2.8101e+00 +1.9447e+00 +1.0351e+00 +1.2668e+00 -4.7132e+00 -3.1674e-01 +1.2159e+00 -1.0983e+00
% f evaluations | g evaluations | best noise-free fitness - Fopt (-5.661000000000e+01) + sum g_i+ | measured fitness | best measured fitness or single-digit g-values | x1 | x2...
1 0 +3.349009678e+01 -2.311990322e+01 -2.311990322e+01 +0.0000e+00 +0.0000e+00 +0.0000e+00 +0.0000e+00 +0.0000e+00 +0.0000e+00 +0.0000e+00 +0.0000e+00 +0.0000e+00 +0.0000e+00 +0.0000e+00 +0.0000e+00 +0.0000e+00 +0.0000e+00 +0.0000e+00 +0.0000e+00 +0.0000e+00 +0.0000e+00 +0.0000e+00 +0.0000e+00
5 0 +3.022814891e+01 -2.638185109e+01 -2.638185109e+01 -2.5262e+00 +1.3135e+00 -2.3866e-01 +4.7266e-01 -7.2038e-01 -1.0973e+00 +3.9194e+00 -3.3076e+00 +9.5440e-01 +1.5570e+00 -5.4393e-01 +2.6394e+00 +2.0548e-01 +2.1422e-01 +4.6862e+00 +5.5774e+00 -3.6880e+00 -2.9085e-01 -3.7503e+00 +7.3990e-01
14 0 +2.850027449e+01 -2.810972551e+01 -2.810972551e+01 -2.0025e+00 +3.4791e+00 +6.0581e+00 -1.2228e+00 -8.2686e-01 -2.0171e+00 +4.0932e+00 -5.1415e+00 -3.3928e-01 +5.2438e-01 -2.0212e+00 +1.7795e+00 +9.5572e-01 +2.2820e+00 +4.3922e+00 +2.0857e+00 +3.4369e-01 -1.5564e+00 -3.5964e+00 -8.2317e-01
28 0 +2.778174417e+01 -2.882825583e+01 -2.882825583e+01 -6.1071e-01 +4.4636e+00 +1.5514e+00 -1.4581e+00 +5.3398e-01 -4.9844e+00 +3.0801e+00 -4.2793e+00 -2.0340e+00 +4.2109e+00 -8.9007e-01 +2.0766e+00 -1.9979e+00 -6.6164e-01 +7.0059e+00 -3.4277e-01 -1.5874e+00 -3.0624e+00 -2.5679e+00 -2.1201e+00
