% f evaluations | g evaluations | best noise-free fitness - Fopt (7.135000000000e+01) + sum g_i+ | measured fitness | best measured fitness or single-digit g-values | x1 | x2...
1 0 +7.357246449e+01 +1.449224645e+02 +1.449224645e+02 +0.0000e+00 +0.0000e+00 +0.0000e+00 +0.0000e+00 +0.0000e+00 +0.0000e+00 +0.0000e+00 +0.0000e+00 +0.0000e+00 +0.0000e+00 +0.0000e+00 +0.0000e+00 +0.0000e+00 +0.0000e+00 +0.0000e+00 +0.0000e+00 +0.0000e+00 +0.0000e+00 +0.0000e+00 +0.0000e+00
6 0 +7.141564136e+01 +1.427656414e+02 +1.427656414e+02 +2.4570e+00 -4.8747e-01 +1.2208e+00 +2.8334e+00 -5.0468e-01 -2.9718e-01 +4.4369e-01 -4.5075e+00 +3.2698e+00 +1.1833e-01 -8.8368e-01 -2.4196e+00 +5.0238e+00 +1.9085e+00 +6.2986e-01 +5.3697e-02 -4.7652e-01 +7.3368e-01 -3.4068e-01 +4.7332e-01
8 0 +6.530733578e+01 +1.366573358e+02 +1.366573358e+02 +1.9637e+00 +1.3269e-01 -6.6099e-02 -1.2877e+00 +1.0653e+00 +4.2580e-01 +8.0647e-01 -2.1576e+00 -2.5879e+00 -6.6124e-01 +3.2256e+00 -1.4524e+00 +3.0922e+00 -1.8368e+00 +6.5503e-01 -3.0515e-01 -2.0316e+00 +1.9562e-02 -1.5180e+00 +2.7784e+00
11 0 +4.771705574e+01 +1.190670557e+02 +1.190670557e+02 -1.9996e+00 -4.4910e+00 -8.1129e-01 -3.5782e+00 +3.0498e+00 -2.6723e+00 +9.7009e-01 +1.3857e+00 +2.7279e-01 -1.1443e+00 -1.3572e+00 -2.1734e+00 +1.2425e+00 -2.3932e+00 +6.2602e-01 -1.1075e+00 +1.8959e+00 -5.0790e+00 -3.6452e+00 +1.8718e+00
23 0 +4.150577995e+01 +1.128557799e+02 +1.128557799e+02 +2.5967e+00 -1.2838e+00 +1.4209e+00 -4.5636e+00 +2.8473e+00 -2.0477e+00 +2.2122e+00 -9.2548e-01 -2.8881e-02 -5.1242e-01 +1.7784e+00 -3.0009e+00 +4.8147e+00 -2.4698e+00 +3.9603e-01 -1.2246e+00 -1.5852e+00 -1.2405e+00 -2.4565e+00 +7.9272e-01
% f evaluations | g evaluations | best noise-free fitness - Fopt (-3.552200000000e+02) + sum g_i+ | measured fitness | best measured fitness or single-digit g-values | x1 | x2...
1 0 +6.508868155e+01 -2.901313185e+02 -2.901313185e+02 +0.0000e+00 +0.0000e+00 +0.0000e+00 +0.0000e+00 +0.0000e+00 +0.0000e+00 +0.0000e+00 +0.0000e+00 +0.0000e+00 +0.0000e+00 +0.0000e+00 +0.0000e+00 +0.0000e+00 +0.0000e+00 +0.0000e+00 +0.0000e+00 +0.0000e+00 +0.0000e+00 +0.0000e+00 +0.0000e+00
3 0 +4.667294831e+01 -3.085470517e+02 -3.085470517e+02 +1.2487e+00 +6.0727e-02 +1.3210e+00 +8.0414e-01 +5.6114e-01 +1.6093e+00 +7.9551e-01 +2.0075e-01 -1.9554e-01 +4.6221e+00 +2.2979e+00 -3.4969e+00 +2.5415e+00 -3.8905e-02 -5.9932e+00 -3.2459e-01 +3.6418e+00 -6.7871e-01 -2.6824e+00 +1.4804e-01
% f evaluations | g evaluations | best noise-free fitness - Fopt (9.917000000000e+01) + sum g_i+ | measured fitness | best measured fitness or single-digit g-values | x1 | x2...
1 0 +6.985921835e+01 +1.690292183e+02 +1.690292183e+02 +0.0000e+00 +0.0000e+00 +0.0000e+00 +0.0000e+00 +0.0000e+00 +0.0000e+00 +0.0000e+00 +0.0000e+00 +0.0000e+00 +0.0000e+00 +0.0000e+00 +0.0000e+00 +0.0000e+00 +0.0000e+00 +0.0000e+00 +0.0000e+00 +0.0000e+00 +0.0000e+00 +0.0000e+00 +0.0000e+00
6 0 +5.677276466e+01 +1.559427647e+02 +1.559427647e+02 +3.6377e+00 -1.4837e+00 +1.3608e+00 +4.1714e+00 -7.6608e-01 +2.7420e+00 -4.1748e+00 -2.3990e+00 -5.6907e-01 +2.6714e+00 +3.2217e+00 +2.2904e+00 +2.1625e+00 -2.9131e+00 +3.2267e+00 +8.8214e-01 -6.7456e-01 -1.0886e+00 -2.5764e+00 +1.6505e+00
7 0 +4.907468585e+01 +1.482446858e+02 +1.482446858e+02 -2.7723e-01 -2.8488e+00 -5.7242e-02 +1.8016e+00 -1.5309e-01 -1.5669e+00 +9.6313e-01 -1.3957e+00 -1.9693e+00 +5.1617e-01 -1.9658e+00 -1.0810e+00 +7.0219e-02 +4.3850e-01 +1.5833e+00 -1.6356e+00 +3.3003e+00 -4.2156e-01 +1.8543e+00 -1.1304e+00
39 0 +4.621991181e+01 +1.453899118e+02 +1.453899118e+02 +5.8748e+00 -4.0518e+00 +5.4026e-01 +2.7460e+00 +3.0934e-01 +1.3331e+00 -3.2689e+00 -2.1079e+00 +7.3349e-01 +3.0195e+00 +1.1092e+00 -3.2127e-01 +4.7743e+00 +1.5479e+00 +3.2320e+00 -5.1897e+00 +5.0934e+00 -4.2248e+00 +3.6353e+00 +3.2658e+00
47 0 +4.564955962e+01 +1.448195596e+02 +1.448195596e+02 +2.9581e+00 -1.9186e+00 +1.0830e+00 +3.6903e+00 -3.1561e+00 +1.2717e+00 +1.5152e+00 -3.4126e+00 +1.0564e+00 -4.6381e+00 -1.5508e+00 -3.6182e+00 -3.6580e+00 +4.1862e-01 +1.0782e+00 +3.8735e+00 +3.3737e+00 -2.7827e+00 -9.1630e-01 +4.1774e+00
% f evaluations | g evaluations | best noise-free fitness - Fopt (-5.179100000000e+02) + sum g_i+ | measured fitness | best measured fitness or single-digit g-values | x1 | x2...
1 0 +6.469127597e+01 -4.532187240e+02 -4.532187240e+02 +0.0000e+00 +0.0000e+00 +0.0000e+00 +0.0000e+00 +0.0000e+00 +0.0000e+00 +0.0000e+00 +0.0000e+00 +0.0000e+00 +0.0000e+00 +0.0000e+00 +0.0000e+00 +0.0000e+00 +0.0000e+00 +0.0000e+00 +0.0000e+00 +0.0000e+00 +0.0000e+00 +0.0000e+00 +0.0000e+00
2 0 +6.348385173e+01 -4.544261483e+02 -4.544261483e+02 -3.9973e-02 +1.3903e+00 -1.5009e+00 +1.8018e+00 +1.0345e+00 -9.8343e-01 +4.9189e+00 -9.7837e-01 -3.6951e+00 +1.6910e+00 +5.7558e-01 -1.6641e+00 +1.1637e+00 -1.6615e+00 +6.3025e-01 -4.5290e-01 +2.3264e+00 -2.8552e+00 -3.6834e+00 -7.1635e-01
3 0 +4.283583028e+01 -4.750741697e+02 -4.750741697e+02 +1.0910e+00 -5.2675e+00 -2.6873e-01 -2.2894e+00 +3.9913e+00 +1.5833e+00 +2.2582e-01 -3.8439e-01 -3.2658e-01 +2.1548e+00 +5.4554e-01 -9.9489e-01 +4.0848e+00 +2.5724e+00 -1.1811e+00 +1.1261e-01 +1.8307e+00 +2.2528e+00 -1.9377e+00 -1.2191e+00
20 0 +2.796878688e+01 -4.899412131e+02 -4.899412131e+02 +4.8943e-01 -1.7254e-01 +5.3315e-02 -2.2492e+00 -7.6085e-01 -1.9561e+00 +3.3352e+00 +3.4349e-02 -1.3724e+00 +2.7853e+00 +3.4551e-01 -1.3319e+00 +9.7681e-01 -7.7373e-01 +2.3132e+00 -2.2858e+00 +2.1762e+00 -9.9364e-01 -2.9781e+00 -4.1055e-02
% f evaluations | g evaluations | best noise-free fitness - Fopt (-5.721000000000e+01) + sum g_i+ | measured fitness | best measured fitness or single-digit g-values | x1 | x2...
1 0 +8.082507635e+01 +2.361507635e+01 +2.361507635e+01 +0.0000e+00 +0.0000e+00 +0.0000e+00 +0.0000e+00 +0.0000e+00 +0.0000e+00 +0.0000e+00 +0.0000e+00 +0.0000e+00 +0.0000e+00 +0.0000e+00 +0.0000e+00 +0.0000e+00 +0.0000e+00 +0.0000e+00 +0.0000e+00 +0.0000e+00 +0.0000e+00 +0.0000e+00 +0.0000e+00
4 0 +7.382197954e+01 +1.661197954e+01 +1.661197954e+01 -1.1385e+00 -1.0447e+00 -5.1659e-01 +3.5212e+00 -1.3184e+00 +3.9425e+00 -1.8290e+00 -6.5570e-01 -9.2363e-01 -5.0101e-01 -4.7279e-02 +2.9164e+00 -3.4592e+00 +8.2019e-01 -5.2240e+00 -8.8300e-01 +1.3923e+00 -1.2892e-01 -1.4636e+00 +2.0189e-01
5 0 +7.216340869e+01 +1.495340869e+01 +1.495340869e+01 +7.3078e-01 +1.0863e+00 -2.4661e+00 -9.2581e-01 -1.7326e+00 -1.6380e+00 -1.1178e+00 -2.3284e-01 +1.2232e-01 +2.4309e+00 +2.0775e-01 +2.3375e+00 -2.6551e+00 +2.3708e+00 -8.1659e-01 +1.5665e+00 -9.9774e-01 -1.8721e+00 +1.3631e+00 -1.9017e-01
9 0 +5.931131835e+01 +2.101318353e+00 +2.101318353e+00 +2.0050e+00 -4.0600e+00 -2.8008e+00 +2.0711e+00 -5.1443e-01 -1.3364e+00 -8.5645e-01 +2.8668e+00 -2.1665e+00 -1.4509e+00 -1.8007e+00 +1.5857e+00 +7.0999e-01 +2.9339e+00 -2.1710e+00 +1.0784e+00 +1.0363e+00 -4.3681e+00 -8.5229e-01 +3.4770e+00
13 0 +5.691865001e+01 -2.913499892e-01 -2.913499892e-01 +1.8108e+00 -2.7560e+00 -7.3824e-01 +6.0366e-01 -1.0645e+00 -3.8334e-01 -2.0705e-01 -1.5521e+00 -1.4889e+00 -1.8463e+00 +4.8611e+00 -1.2293e+00 +5.5079e+00 +2.9873e+00 -3.7501e+00 +3.5936e+00 +1.6375e+00 -2.0670e+00 -3.7234e-01 -1.7356e+00
39 0 +5.527241228e+01 -1.937587720e+00 -1.937587720e+00 +5.3623e-02 -5.9313e+00 -8.1948e-01 +3.6457e+00 +9.7949e-01 -4.1555e+00 -5.9230e+00 +1.8977e+00 -3.4523e+00 -1.5776e+00 +5.5515e+00 +1.6903e+00 -4.6100e-01 +1.7798e+00 -3.6932e+00 +3.2524e+00 +3.5661e+00 -8.6515e-01 +7.5966e-01 -3.2956e+00
