% f evaluations | g evaluations | best noise-free fitness - Fopt (3.590000000000e+01) + sum g_i+ | measured fitness | best measured fitness or single-digit g-values | x1 | x2...
1 0 +7.743465359e+05 +7.743824359e+05 +7.743824359e+05 +0.0000e+00 +0.0000e+00 +0.0000e+00 +0.0000e+00 +0.0000e+00 +0.0000e+00 +0.0000e+00 +0.0000e+00 +0.0000e+00 +0.0000e+00 +0.0000e+00 +0.0000e+00 +0.0000e+00 +0.0000e+00 +0.0000e+00 +0.0000e+00 +0.0000e+00 +0.0000e+00 +0.0000e+00 +0.0000e+00
13 0 +7.284844786e+05 +7.285203786e+05 +7.285203786e+05 +1.7820e+00 +2.9805e+00 +5.6521e-01 -1.4259e+00 +1.8010e+00 -1.0854e+00 -1.2263e-01 -2.6270e-01 -2.2365e-01 -5.6087e-01 -2.0370e+00 -3.4874e+00 +1.2599e+00 +5.5651e-02 -1.7709e+00 -4.2281e-01 +6.2181e+00 +2.2702e+00 -2.0629e+00 +1.5536e+00
25 0 +6.196158053e+05 +6.196517053e+05 +6.196517053e+05 -1.1382e+00 -1.3053e+00 +3.1869e+00 +6.2648e-03 +1.5528e-01 +2.2140e-01 +1.8290e+00 -1.9809e+00 -1.2285e+00 +1.9140e-01 -2.6982e+00 -6.3264e-01 +1.5597e+00 -1.4421e-01 +1.1417e+00 +1.1813e+00 -1.9083e+00 +2.1520e+00 +2.9058e-01 +1.1916e+00
31 0 +5.849411905e+05 +5.849770905e+05 +5.849770905e+05 -2.0309e-01 -1.2219e+00 +2.4268e+00 -3.1828e+00 +1.4371e-01 -4.0034e+00 +6.0020e-01 -3.0570e+00 -3.4862e+00 +4.1009e-01 -2.2265e-01 +5.2343e-01 -5.6203e-01 +2.1842e-01 +1.4088e+00 +2.1540e-01 -1.6576e+00 +9.1224e-01 -1.7554e-01 -9.6243e-01
45 0 +3.305488228e+05 +3.305847228e+05 +3.305847228e+05 +1.1610e+00 +9.8357e-02 -4.8672e-03 -9.0706e-02 +2.0784e-02 -5.3664e+00 -2.8534e+00 -7.4736e+00 +3.3853e-01 +1.4526e+00 -2.1994e+00 -3.9990e-02 -3.3262e+00 -2.3166e+00 -8.1699e-01 -1.1748e-01 -4.2991e-01 +2.8834e+00 -1.9471e+00 -2.4209e+00
% f evaluations | g evaluations | best noise-free fitness - Fopt (3.137000000000e+01) + sum g_i+ | measured fitness | best measured fitness or single-digit g-values | x1 | x2...
1 0 +3.777288378e+05 +3.777602078e+05 +3.777602078e+05 +0.0000e+00 +0.0000e+00 +0.0000e+00 +0.0000e+00 +0.0000e+00 +0.0000e+00 +0.0000e+00 +0.0000e+00 +0.0000e+00 +0.0000e+00 +0.0000e+00 +0.0000e+00 +0.0000e+00 +0.0000e+00 +0.0000e+00 +0.0000e+00 +0.0000e+00 +0.0000e+00 +0.0000e+00 +0.0000e+00
6 0 +3.307156740e+05 +3.307470440e+05 +3.307470440e+05 +1.7807e+00 +1.2047e+00 +1.6570e+00 -1.3101e+00 -1.9442e+00 -6.3653e-01 -1.9101e+00 -1.5134e+00 +8.0239e-03 -2.8619e+00 -1.0635e+00 +8.8273e-01 +1.9629e-01 -1.0855e+00 -1.2174e+00 +1.0733e+00 +3.2253e+00 -6.9054e-01 +4.4744e-01 +3.6837e+00
23 0 +2.490849513e+05 +2.491163213e+05 +2.491163213e+05 +6.9661e+00 -2.5448e-01 -1.6711e+00 -1.3320e+00 -4.4863e+00 -2.1416e+00 +3.3385e-01 -8.6268e-01 -7.7359e-01 -3.5031e+00 -1.2890e+00 +8.4845e-01 +2.0066e+00 -5.4333e+00 -3.3480e+00 +3.9382e+00 -6.4243e-01 -2.3085e+00 -1.3127e+00 +3.0391e+00
26 0 +1.814746222e+05 +1.815059922e+05 +1.815059922e+05 +6.7755e+00 +1.6476e+00 -4.0698e+00 +1.3175e-01 -1.9957e+00 -2.6279e-01 -2.8698e+00 -1.0882e+00 +1.2460e-01 -1.3431e+00 -1.5374e+00 +2.9221e+00 +3.6811e-01 -5.1188e+00 -1.6994e+00 +3.5541e+00 +2.2917e+00 -4.1799e+00 -5.6281e+00 +7.6030e-01
33 0 +6.884952466e+04 +6.888089466e+04 +6.888089466e+04 +6.9017e+00 +8.5484e-01 -3.8081e-01 +3.3656e+00 -2.3564e+00 -4.4878e+00 -8.8889e-01 -7.5662e-01 -2.2352e+00 -4.7775e+00 -2.6976e+00 +4.3973e-01 +3.3882e+00 -2.6425e+00 +1.0831e+00 +2.0030e+00 +4.0178e+00 -9.2252e-01 -2.5091e+00 +5.3155e+00
% f evaluations | g evaluations | best noise-free fitness - Fopt (-1.000000000000e+03) + sum g_i+ | measured fitness | best measured fitness or single-digit g-values | x1 | x2...
1 0 +3.286849989e+05 +3.276849989e+05 +3.276849989e+05 +0.0000e+00 +0.0000e+00 +0.0000e+00 +0.0000e+00 +0.0000e+00 +0.0000e+00 +0.0000e+00 +0.0000e+00 +0.0000e+00 +0.0000e+00 +0.0000e+00 +0.0000e+00 +0.0000e+00 +0.0000e+00 +0.0000e+00 +0.0000e+00 +0.0000e+00 +0.0000e+00 +0.0000e+00 +0.0000e+00
2 0 +3.254580409e+05 +3.244580409e+05 +3.244580409e+05 -2.6149e+00 -1.6661e+00 -6.8893e-01 -1.1004e+00 -1.9858e-01 -2.4918e+00 +3.4872e-01 +3.3114e+00 -2.1035e+00 -1.1282e+00 +3.9296e-01 +6.2288e-01 -6.9931e-01 -1.6011e+00 -1.3965e+00 -9.9144e-01 -3.7937e+00 +1.0109e-01 -2.0672e+00 +3.0898e+00
14 0 +3.186760646e+05 +3.176760646e+05 +3.176760646e+05 +2.1683e+00 +6.9051e-01 +2.2603e-01 -1.7162e+00 -1.1770e+00 +4.4823e-01 +3.3048e-01 +1.8001e+00 +2.8625e-01 +2.7860e+00 +3.1671e+00 +6.3502e-01 -2.1735e+00 -1.2404e+00 -2.3312e+00 +6.0577e-01 -2.3083e+00 +7.8909e-01 +1.3275e+00 +5.3916e+00
23 0 +2.963626110e+05 +2.953626110e+05 +2.953626110e+05 +5.2532e-02 -2.4004e+00 +2.7156e-01 +6.1263e-01 -9.7825e-01 -1.3302e+00 +2.5392e+00 +2.6916e+00 +1.2416e+00 -8.6413e-02 -1.9903e+00 -8.6086e-01 +2.6064e+00 +1.4827e+00 +1.2276e+00 -1.1346e+00 -1.2778e+00 +3.1847e+00 +2.7265e+00 +1.7275e+00
31 0 +2.162524115e+05 +2.152524115e+05 +2.152524115e+05 +1.9449e+00 -1.5732e+00 +1.2224e+00 +1.0367e+00 -1.0052e+00 -1.5540e+00 -2.4644e+00 +1.3991e+00 +2.6107e-01 -3.3601e-01 -8.1236e-01 -3.2956e+00 -2.0992e+00 -1.3105e+00 -2.3199e+00 -3.9639e+00 +8.3646e-01 +3.7459e+00 -5.4972e+00 +7.1782e-01
36 0 +1.680680305e+05 +1.670680305e+05 +1.670680305e+05 +2.4753e+00 -6.4932e-01 -1.2041e+00 -7.0218e-01 +1.8065e+00 +3.1346e-02 +2.3593e+00 +2.2562e+00 -1.1749e+00 +1.0269e+00 +5.0821e+00 -3.2718e+00 +6.2642e-01 +1.1702e+00 -2.5239e+00 -2.4674e+00 -1.7239e+00 +1.1950e+00 -1.8568e+00 +6.3637e+00
43 0 +1.636130631e+05 +1.626130631e+05 +1.626130631e+05 +5.7419e-01 -4.5010e-01 -3.6094e+00 -1.2182e+00 +3.8061e+00 +2.4927e+00 +1.3444e+00 +1.5892e+00 -1.4309e+00 +1.3125e+00 +4.5483e+00 -6.3358e+00 -2.5201e+00 -7.4544e-01 -2.5704e-01 -4.2550e+00 -1.8758e-01 +1.8565e+00 -7.9345e-01 +6.7491e+00
% f evaluations | g evaluations | best noise-free fitness - Fopt (1.319200000000e+02) + sum g_i+ | measured fitness | best measured fitness or single-digit g-values | x1 | x2...
1 0 +1.000870275e+06 +1.001002195e+06 +1.001002195e+06 +0.0000e+00 +0.0000e+00 +0.0000e+00 +0.0000e+00 +0.0000e+00 +0.0000e+00 +0.0000e+00 +0.0000e+00 +0.0000e+00 +0.0000e+00 +0.0000e+00 +0.0000e+00 +0.0000e+00 +0.0000e+00 +0.0000e+00 +0.0000e+00 +0.0000e+00 +0.0000e+00 +0.0000e+00 +0.0000e+00
14 0 +5.944919408e+05 +5.946238608e+05 +5.946238608e+05 -2.0953e+00 +5.0084e-02 +7.4046e-01 -4.0201e+00 +5.0461e+00 -1.7655e+00 -4.0181e+00 +1.9760e+00 -2.6558e-01 +1.7208e-01 +6.6629e-02 +1.9934e+00 -3.0698e+00 -1.3892e+00 -1.1328e+00 -3.2306e+00 +1.3499e+00 +2.1589e+00 -2.7187e+00 -3.7079e-01
25 0 +5.810924888e+05 +5.812244088e+05 +5.812244088e+05 +5.0105e-01 -9.2578e-01 -1.1174e+00 +6.5830e-02 +2.8399e+00 +5.1039e-01 -3.3340e+00 +2.7654e+00 -3.5714e+00 +4.7480e-01 +6.9950e-01 +3.6314e+00 -3.6136e-01 +3.5713e+00 -2.6260e+00 -2.4561e+00 -1.0475e+00 +2.8306e-01 -8.6002e-01 +1.0914e+00
38 0 +2.178721866e+05 +2.180041066e+05 +2.180041066e+05 -2.7391e+00 +9.9886e-01 -5.0061e+00 +2.7202e+00 +1.3917e+00 -3.1417e+00 -2.3527e+00 +2.6480e+00 +4.3889e-02 -4.4864e-02 +1.8513e+00 +3.4027e+00 -4.2310e+00 +6.0709e+00 -4.5933e+00 -4.1916e+00 -1.8118e+00 +5.9477e+00 +5.6544e+00 +1.4096e+00
% f evaluations | g evaluations | best noise-free fitness - Fopt (5.908400000000e+02) + sum g_i+ | measured fitness | best measured fitness or single-digit g-values | x1 | x2...
1 0 +1.310552413e+05 +1.316460813e+05 +1.316460813e+05 +0.0000e+00 +0.0000e+00 +0.0000e+00 +0.0000e+00 +0.0000e+00 +0.0000e+00 +0.0000e+00 +0.0000e+00 +0.0000e+00 +0.0000e+00 +0.0000e+00 +0.0000e+00 +0.0000e+00 +0.0000e+00 +0.0000e+00 +0.0000e+00 +0.0000e+00 +0.0000e+00 +0.0000e+00 +0.0000e+00
26 0 +1.274908129e+05 +1.280816529e+05 +1.280816529e+05 -7.2715e-01 +1.7072e+00 +4.6992e+00 -2.3245e+00 +8.9650e+00 +9.4006e-01 +5.8029e-02 +2.1890e+00 -1.5541e-01 +4.3850e+00 -9.8846e-01 +2.6249e+00 -5.0144e-02 -2.3667e-01 +2.0608e+00 -1.1835e+00 -2.9182e+00 -1.2231e+00 +8.3715e-01 -2.3352e-02
30 0 +1.123168328e+05 +1.129076728e+05 +1.129076728e+05 +2.6085e+00 +1.8628e+00 +4.4783e+00 -2.8947e-01 +6.5895e+00 -2.9284e+00 -2.8411e+00 +3.6149e-01 -1.4382e+00 +5.1829e+00 +6.4996e-01 +3.4728e+00 -2.0732e+00 -1.0889e+00 +2.5223e+00 -1.0943e+00 -1.5384e+00 +3.1883e-01 +1.1747e+00 +1.8570e+00
35 0 +1.118528244e+05 +1.124436644e+05 +1.124436644e+05 +2.3714e+00 -2.4101e-01 +3.8970e+00 -4.9696e-01 +1.4503e+00 -1.3176e+00 +8.9383e-01 +1.5043e+00 +1.4908e+00 -7.6957e-01 +2.6183e+00 +1.0407e+00 -2.7397e+00 +1.1807e+00 +4.6949e+00 -9.7108e-01 -2.9823e+00 +6.2773e-01 +1.6867e+00 +5.7677e-01
46 0 +9.966817772e+04 +1.002590177e+05 +1.002590177e+05 +1.6864e+00 -1.1824e-01 +4.6683e+00 -7.1839e-01 +2.0985e+00 -1.4690e-01 -2.4073e+00 +5.1066e-01 +1.3274e-02 +2.5704e+00 +1.4523e+00 +2.8541e+00 -3.3934e+00 -4.1924e-01 +2.9342e+00 -9.1653e-01 -2.1541e+00 -6.1028e-01 +8.7821e-02 -3.9005e+00
48 0 +6.684289677e+04 +6.743373677e+04 +6.743373677e+04 -1.4258e+00 +1.2940e+00 +5.4451e+00 +1.2089e+00 +5.7314e+00 -2.5526e+00 -1.6100e+00 +3.7541e+00 +1.8919e+00 +3.2369e+00 -1.1670e+00 +3.0236e+00 -1.7008e+00 +4.2463e-01 +5.3135e+00 -2.9250e+00 -9.7321e-01 +4.3833e+00 +1.6424e+00 -6.4212e-01
