% f evaluations | g evaluations | best noise-free fitness - Fopt (-1.000000000000e+03) + sum g_i+ | measured fitness | best measured fitness or single-digit g-values | x1 | x2...
1 0 +7.833729069e+04 +7.733729069e+04 +7.733729069e+04 +0.0000e+00 +0.0000e+00 +0.0000e+00 +0.0000e+00 +0.0000e+00 +0.0000e+00 +0.0000e+00 +0.0000e+00 +0.0000e+00 +0.0000e+00 +0.0000e+00 +0.0000e+00 +0.0000e+00 +0.0000e+00 +0.0000e+00 +0.0000e+00 +0.0000e+00 +0.0000e+00 +0.0000e+00 +0.0000e+00
24 0 +7.384322006e+04 +7.284322006e+04 +7.284322006e+04 -3.8687e+00 -5.8399e-01 +2.7497e+00 -1.0507e+00 +3.2936e-01 -2.9711e-01 -3.8707e+00 +5.3049e-01 +1.5612e+00 -2.3331e+00 -1.7389e+00 -4.3590e-01 +2.1529e-02 -3.3208e+00 -3.2348e+00 -1.2145e+00 +7.8742e-01 -9.7449e-01 -1.1322e+00 -5.4784e+00
33 0 +3.257728280e+04 +3.157728280e+04 +3.157728280e+04 -4.4270e+00 -1.8110e+00 +6.2507e-01 -8.8792e-01 -7.5440e-01 +3.7136e-01 -1.6153e+00 -1.2104e+00 +1.3801e+00 +1.7413e+00 -4.6452e+00 +1.3706e+00 -3.9177e+00 -2.6805e+00 +8.4495e-01 -8.2957e-01 +1.4753e+00 -2.5105e+00 -3.1156e+00 -5.9467e+00
109 0 +3.093337177e+04 +2.993337177e+04 +2.993337177e+04 -4.4763e+00 +4.5763e-01 +6.4898e-01 -2.8707e+00 -1.1911e+00 +3.9827e-01 +2.0764e-01 -2.7905e+00 +2.0688e+00 +4.7831e+00 -3.2448e+00 -1.1590e-02 -3.6215e+00 -3.2510e+00 +7.2551e-01 -3.2723e+00 -1.9127e+00 -4.5039e+00 -1.8090e+00 -2.2732e+00
142 0 +2.260567155e+04 +2.160567155e+04 +2.160567155e+04 -2.5886e+00 +4.8548e-01 +2.7371e+00 -8.7853e-01 -6.6243e-01 -2.0161e+00 +2.0020e-01 -3.6837e+00 +7.8336e-01 -1.1552e-01 -6.8165e-01 -6.0042e-01 -1.4165e+00 -4.3009e+00 -2.6965e-01 -2.5558e+00 +2.5235e-01 -4.4069e+00 -3.4722e+00 -3.3441e+00
143 0 +1.741795560e+04 +1.641795560e+04 +1.641795560e+04 -2.8579e+00 +5.1943e-02 +8.7221e-01 -1.7290e+00 -1.7981e+00 -1.2385e+00 -3.8723e+00 -4.2301e+00 +2.7784e+00 +1.5967e+00 -2.8159e+00 -9.9634e-02 -1.1622e+00 -2.4816e+00 -3.2587e-01 -2.7192e+00 -1.3368e+00 -5.9620e+00 -4.8271e+00 -3.1775e+00
161 0 +1.040219095e+04 +9.402190954e+03 +9.402190954e+03 -2.2013e+00 +5.5204e-01 +1.4231e+00 -2.5547e+00 -3.2870e+00 -1.9463e+00 -2.2984e+00 -4.3105e+00 +1.5393e+00 +1.2385e+00 -1.1541e+00 -2.3877e+00 -1.6966e+00 -1.4556e+00 +3.9469e-01 -1.9166e+00 -9.6625e-01 -6.0447e+00 -2.1103e+00 -4.7754e+00
180 0 +9.606227060e+03 +8.606227060e+03 +8.606227060e+03 -1.4890e+00 +1.4261e+00 +2.8033e-01 -1.9775e+00 -2.5224e+00 -1.3788e+00 -1.5001e+00 -2.3123e+00 +7.1470e-01 +7.7877e-01 -1.5761e+00 -2.5253e+00 -3.5975e+00 -3.1963e+00 -1.6984e+00 -1.0752e+00 +8.5518e-01 -4.4774e+00 -5.9188e-01 -1.8999e+00
214 0 +8.269119024e+03 +7.269119024e+03 +7.269119024e+03 -2.4326e+00 +6.9985e-01 -1.8234e-02 -3.7649e+00 -2.9881e+00 -1.1220e+00 -1.4888e+00 -4.6964e-01 +7.5492e-01 +8.2498e-02 -1.3061e-01 -2.2053e+00 -3.5356e+00 -1.9860e+00 +6.6536e-01 -2.3272e+00 +3.0808e-01 -1.2535e+00 -2.5194e+00 -2.0333e+00
217 0 +5.640529899e+03 +4.640529899e+03 +4.640529899e+03 -2.3760e+00 +1.4019e+00 +2.2203e+00 -3.9143e+00 -1.8389e+00 -4.2869e-01 -1.1126e+00 -7.4588e-01 +5.3776e-01 +1.7089e+00 -2.5169e+00 -3.0317e+00 -3.5518e+00 -2.7833e+00 +4.2785e-01 -1.1227e+00 -4.9358e-02 -2.4062e+00 -2.0606e+00 -7.1768e-01
236 0 +3.528201071e+03 +2.528201071e+03 +2.528201071e+03 -1.7598e+00 +1.5721e+00 +8.7148e-01 -2.5741e+00 -3.3573e+00 -4.4429e-01 -3.4832e+00 -1.9107e+00 +1.0722e+00 +1.3889e+00 -4.8927e-01 -2.7156e+00 -1.7234e+00 -3.4414e+00 +1.6551e+00 -1.9524e+00 -1.2109e-01 -2.7574e+00 -3.7490e+00 -2.5435e+00
259 0 +2.990750779e+03 +1.990750779e+03 +1.990750779e+03 -2.2313e+00 +5.6167e-01 -4.2890e-01 -2.1797e+00 -3.2679e+00 +2.4435e-01 -3.6648e+00 -1.4182e+00 +6.7096e-02 +4.7792e-01 -5.5986e-01 -3.0190e+00 -2.3107e+00 -3.8409e+00 +1.4206e+00 -5.7772e-01 +9.7240e-01 -2.9460e+00 -1.6452e+00 -2.0231e+00
314 0 +2.109109387e+03 +1.109109387e+03 +1.109109387e+03 -2.4442e+00 +5.1730e-01 +3.5397e-01 -1.9589e+00 -2.9331e+00 -1.3719e+00 -2.9513e+00 -1.0065e+00 +1.6320e+00 +2.0589e+00 -1.5641e+00 -1.7890e+00 -1.5392e+00 -3.6594e+00 +1.7867e+00 -8.8485e-01 +1.2732e-01 -2.9530e+00 -1.8511e+00 -3.4130e+00
319 0 +1.962172141e+03 +9.621721413e+02 +9.621721413e+02 -2.8820e+00 +6.9619e-01 +1.1041e+00 -2.2010e+00 -2.1664e+00 -1.1912e+00 -2.9281e+00 -2.4343e+00 +6.2805e-01 +7.5254e-01 -2.4958e+00 -1.6552e+00 -2.8726e+00 -3.9330e+00 +7.6261e-01 -3.4005e-01 +9.1498e-01 -2.1360e+00 -2.0523e+00 -2.5196e+00
324 0 +1.274843037e+03 +2.748430375e+02 +2.748430375e+02 -2.6310e+00 +6.9038e-01 +1.1546e+00 -1.7013e+00 -2.1382e+00 -5.0811e-01 -2.9308e+00 -3.3136e+00 +1.4036e+00 +2.5905e+00 -2.6283e+00 -2.3238e+00 -1.5226e+00 -2.6845e+00 +1.3432e+00 -1.6134e+00 -5.4733e-01 -2.9460e+00 -1.9061e+00 -3.1418e+00
334 0 +1.097944307e+03 +9.794430716e+01 +9.794430716e+01 -2.7267e+00 +7.8156e-01 +1.2597e+00 -2.5423e+00 -3.1346e+00 -1.2227e-01 -2.7782e+00 -3.3280e+00 +1.4957e+00 +2.1379e+00 -1.8734e+00 -3.0668e+00 -1.8345e+00 -3.4657e+00 +1.1751e+00 -1.1891e+00 -5.7717e-01 -2.5497e+00 -2.2773e+00 -2.0971e+00
358 0 +5.567539574e+02 -4.432460426e+02 -4.432460426e+02 -2.7862e+00 +5.7122e-01 +5.9783e-01 -2.4143e+00 -2.6010e+00 -5.6912e-01 -2.6942e+00 -1.4930e+00 +1.4128e+00 +2.5726e+00 -1.7356e+00 -1.9023e+00 -1.7555e+00 -3.5870e+00 +1.1334e+00 -1.0028e+00 +1.6086e-01 -2.6913e+00 -2.1670e+00 -3.0700e+00
368 0 +4.996341707e+02 -5.003658293e+02 -5.003658293e+02 -2.9647e+00 +4.4471e-01 +1.3646e+00 -2.4297e+00 -2.1524e+00 -1.0519e+00 -2.8334e+00 -1.8509e+00 +3.2957e-01 +2.3446e+00 -1.5247e+00 -2.2611e+00 -1.5041e+00 -3.4393e+00 +1.1399e+00 -7.9992e-01 +1.9239e-01 -3.1010e+00 -2.7413e+00 -2.0870e+00
381 0 +4.719378207e+02 -5.280621793e+02 -5.280621793e+02 -2.7811e+00 +6.4479e-01 +1.2403e+00 -2.2624e+00 -2.7247e+00 -4.1350e-01 -2.5809e+00 -1.2865e+00 +2.8450e-01 +2.1349e+00 -1.5634e+00 -1.6601e+00 -1.9715e+00 -2.9449e+00 +1.0229e+00 -1.1233e+00 +5.3591e-01 -3.3124e+00 -2.3916e+00 -3.1356e+00
382 0 +4.148492359e+02 -5.851507641e+02 -5.851507641e+02 -2.9877e+00 +4.4090e-01 +8.0904e-01 -2.7736e+00 -2.4157e+00 -1.2309e+00 -3.0497e+00 -1.6862e+00 +5.1000e-01 +1.9856e+00 -1.4820e+00 -3.0209e+00 -1.3273e+00 -3.3465e+00 +2.9181e-01 -1.2143e+00 -2.7839e-01 -3.1069e+00 -2.6079e+00 -2.5428e+00
396 0 +3.189389250e+02 -6.810610750e+02 -6.810610750e+02 -3.0138e+00 +5.7258e-01 +4.6337e-01 -1.8500e+00 -2.3733e+00 -6.6089e-01 -3.3689e+00 -2.3724e+00 +1.5679e-01 +2.3978e+00 -1.7264e+00 -2.2496e+00 -1.6923e+00 -3.5491e+00 +7.3228e-01 -1.4284e+00 -8.0030e-01 -2.6714e+00 -2.6198e+00 -2.6638e+00
403 0 +3.114579067e+02 -6.885420933e+02 -6.885420933e+02 -3.0343e+00 +1.4621e-01 +6.4991e-01 -2.1754e+00 -2.2065e+00 -1.7983e-01 -3.0978e+00 -2.0596e+00 +4.8105e-01 +2.2634e+00 -1.5110e+00 -1.9377e+00 -1.3552e+00 -3.3438e+00 +6.1071e-01 -1.2863e+00 -1.1306e-01 -2.9237e+00 -2.8214e+00 -1.9931e+00
425 0 +3.042912198e+02 -6.957087802e+02 -6.957087802e+02 -3.0610e+00 +9.7534e-02 +6.7948e-01 -2.2595e+00 -2.7425e+00 -8.7217e-01 -2.7629e+00 -1.6653e+00 +5.0798e-01 +2.2511e+00 -1.7257e+00 -1.8909e+00 -7.1598e-01 -3.0369e+00 +7.7238e-01 -1.2576e+00 +5.5831e-01 -2.7801e+00 -3.1521e+00 -2.7520e+00
441 0 +2.658923040e+02 -7.341076960e+02 -7.341076960e+02 -3.6687e+00 +7.2436e-01 +9.1045e-01 -2.0775e+00 -2.3487e+00 -6.9156e-01 -2.6672e+00 -2.6582e+00 +4.7645e-01 +2.4385e+00 -1.9955e+00 -2.5335e+00 -1.0545e+00 -3.5334e+00 +3.8178e-01 -1.3142e+00 +3.4279e-01 -2.9115e+00 -2.6582e+00 -2.0541e+00
446 0 +2.614931590e+02 -7.385068410e+02 -7.385068410e+02 -3.8478e+00 +4.4766e-01 +6.1004e-01 -2.6574e+00 -2.6736e+00 -7.8921e-01 -3.0336e+00 -2.4696e+00 +8.3195e-01 +1.7840e+00 -1.8760e+00 -1.7438e+00 -1.0411e+00 -2.8930e+00 +7.3271e-01 -7.9710e-01 +4.0023e-01 -2.8720e+00 -2.8618e+00 -2.1531e+00
447 0 +2.491888891e+02 -7.508111109e+02 -7.508111109e+02 -3.6994e+00 +5.6046e-01 +3.8336e-01 -2.3909e+00 -2.3542e+00 -1.2387e-01 -2.4015e+00 -1.5883e+00 +4.1140e-01 +1.2529e+00 -1.5933e+00 -2.3388e+00 -1.2070e+00 -3.3065e+00 +1.4832e-01 -1.0450e+00 +3.7569e-01 -2.9449e+00 -2.7164e+00 -2.6528e+00
455 0 +1.976286653e+02 -8.023713347e+02 -8.023713347e+02 -3.6072e+00 -1.3185e-02 +8.5248e-01 -2.7453e+00 -2.7290e+00 -5.6918e-01 -3.0579e+00 -2.0322e+00 +2.1244e-01 +2.2346e+00 -1.9163e+00 -2.7788e+00 -1.3893e+00 -3.6071e+00 +1.6892e-01 -1.5295e+00 +1.4811e-01 -2.9271e+00 -2.7340e+00 -2.2978e+00
470 0 +1.872514861e+02 -8.127485139e+02 -8.127485139e+02 -3.2866e+00 +5.7336e-01 +8.9718e-01 -2.6341e+00 -2.5221e+00 -7.7826e-01 -3.2855e+00 -2.1375e+00 +1.9715e-01 +1.7009e+00 -1.7714e+00 -2.3976e+00 -1.2222e+00 -3.4566e+00 -1.4073e-01 -1.5435e+00 +4.6654e-02 -2.9982e+00 -3.1828e+00 -2.4219e+00
476 0 +1.559956523e+02 -8.440043477e+02 -8.440043477e+02 -3.7987e+00 +3.6402e-01 +6.8942e-01 -3.1024e+00 -3.0295e+00 -8.2526e-01 -2.6554e+00 -2.2199e+00 +4.0499e-01 +1.7955e+00 -1.9387e+00 -2.3734e+00 -1.3455e+00 -3.7922e+00 +3.3503e-01 -1.7830e+00 +2.5289e-01 -3.2837e+00 -2.8520e+00 -3.1061e+00
483 0 +1.509314446e+02 -8.490685554e+02 -8.490685554e+02 -3.4928e+00 +6.4081e-01 +6.0245e-01 -2.5669e+00 -2.6735e+00 -8.3156e-01 -2.9784e+00 -2.4025e+00 +1.6136e-01 +2.0420e+00 -1.8434e+00 -2.3909e+00 -1.5250e+00 -4.5250e+00 +3.3523e-01 -1.9896e+00 -3.1706e-01 -3.4247e+00 -2.9559e+00 -3.0016e+00
