% f evaluations | g evaluations | best noise-free fitness - Fopt (-1.000000000000e+03) + sum g_i+ | measured fitness | best measured fitness or single-digit g-values | x1 | x2...
1 0 +2.246386374e+04 +2.146386374e+04 +2.146386374e+04 +0.0000e+00 +0.0000e+00
3 0 +1.362536913e+04 +1.262536913e+04 +1.262536913e+04 -6.3801e-01 -1.1888e+00
4 0 +3.996106714e+02 -6.003893286e+02 -6.003893286e+02 -2.4282e+00 +1.9446e-01
11 0 +3.391251655e+02 -6.608748345e+02 -6.608748345e+02 -5.7562e+00 +5.6354e+00
12 0 +7.082822962e+01 -9.291717704e+02 -9.291717704e+02 -2.9464e+00 +1.8314e+00
14 0 +6.976672865e+01 -9.302332713e+02 -9.302332713e+02 -5.5037e+00 +3.7092e+00
18 0 +1.362604555e+01 -9.863739544e+02 -9.863739544e+02 -5.2695e+00 +1.9180e+00
35 0 +9.686649916e-01 -9.990313350e+02 -9.990313350e+02 -1.8713e+00 +4.0968e+00
52 0 +5.973279781e-01 -9.994026720e+02 -9.994026720e+02 -2.6470e+00 +1.5450e+00
