% f evaluations | g evaluations | best noise-free fitness - Fopt (4.078000000000e+01) + sum g_i+ | measured fitness | best measured fitness or single-digit g-values | x1 | x2...
1 0 +8.021155843e+01 +1.209915584e+02 +1.209915584e+02 +0.0000e+00 +0.0000e+00 +0.0000e+00 +0.0000e+00 +0.0000e+00 +0.0000e+00 +0.0000e+00 +0.0000e+00 +0.0000e+00 +0.0000e+00 +0.0000e+00 +0.0000e+00 +0.0000e+00 +0.0000e+00 +0.0000e+00 +0.0000e+00 +0.0000e+00 +0.0000e+00 +0.0000e+00 +0.0000e+00
17 0 +7.855959860e+01 +1.193395986e+02 +1.193395986e+02 +1.8443e-01 -1.9088e+00 -3.3948e+00 +6.2916e-01 -2.9495e+00 +1.8818e-01 +1.3623e+00 -5.4107e-01 -4.7717e+00 +5.5134e-01 -2.0076e+00 -1.9109e+00 -1.3613e+00 +1.6718e+00 +2.2883e+00 -2.7572e+00 +1.2579e-01 +1.9811e+00 -3.4776e-02 +2.2736e+00
44 0 +7.584102472e+01 +1.166210247e+02 +1.166210247e+02 -3.4510e-01 -3.6967e+00 -3.5948e-01 +1.7209e-01 +4.4367e-02 +1.5101e+00 +2.3518e+00 -3.4449e+00 -4.5838e+00 +2.2444e+00 -1.5586e+00 +8.0637e-02 -2.4766e+00 +2.2529e+00 -1.2745e+00 -1.3608e+00 +1.6397e+00 +3.4519e-01 -4.7908e+00 +2.6243e+00
% f evaluations | g evaluations | best noise-free fitness - Fopt (-1.600000000000e+00) + sum g_i+ | measured fitness | best measured fitness or single-digit g-values | x1 | x2...
1 0 +7.948683589e+01 +7.788683589e+01 +7.788683589e+01 +0.0000e+00 +0.0000e+00 +0.0000e+00 +0.0000e+00 +0.0000e+00 +0.0000e+00 +0.0000e+00 +0.0000e+00 +0.0000e+00 +0.0000e+00 +0.0000e+00 +0.0000e+00 +0.0000e+00 +0.0000e+00 +0.0000e+00 +0.0000e+00 +0.0000e+00 +0.0000e+00 +0.0000e+00 +0.0000e+00
7 0 +6.669540649e+01 +6.509540649e+01 +6.509540649e+01 +3.9094e+00 -1.8748e-01 -5.0635e-01 -8.6620e-01 -1.1613e-01 +2.2555e+00 +1.4697e+00 +4.7081e-02 -7.8477e-02 -9.3524e-01 -1.8574e+00 -2.5096e-01 -2.5622e+00 +1.2703e+00 -1.2423e+00 -2.7982e+00 -6.7373e-01 -2.1512e-01 -3.7061e-01 -4.7191e+00
% f evaluations | g evaluations | best noise-free fitness - Fopt (-3.708400000000e+02) + sum g_i+ | measured fitness | best measured fitness or single-digit g-values | x1 | x2...
1 0 +7.714978743e+01 -2.936902126e+02 -2.936902126e+02 +0.0000e+00 +0.0000e+00 +0.0000e+00 +0.0000e+00 +0.0000e+00 +0.0000e+00 +0.0000e+00 +0.0000e+00 +0.0000e+00 +0.0000e+00 +0.0000e+00 +0.0000e+00 +0.0000e+00 +0.0000e+00 +0.0000e+00 +0.0000e+00 +0.0000e+00 +0.0000e+00 +0.0000e+00 +0.0000e+00
4 0 +7.233059634e+01 -2.985094037e+02 -2.985094037e+02 +1.1937e+00 +1.8200e+00 +1.4197e+00 -1.8912e+00 +1.4776e+00 -8.1372e-01 -5.5261e-01 +1.0245e+00 -1.2006e+00 +3.2380e+00 -1.2385e+00 -1.3652e+00 +2.9515e+00 -5.8389e-01 -2.4178e+00 -2.2918e+00 -1.6259e+00 -1.1433e+00 +1.0086e+00 -1.0848e+00
% f evaluations | g evaluations | best noise-free fitness - Fopt (-3.256000000000e+01) + sum g_i+ | measured fitness | best measured fitness or single-digit g-values | x1 | x2...
1 0 +8.070000981e+01 +4.814000981e+01 +4.814000981e+01 +0.0000e+00 +0.0000e+00 +0.0000e+00 +0.0000e+00 +0.0000e+00 +0.0000e+00 +0.0000e+00 +0.0000e+00 +0.0000e+00 +0.0000e+00 +0.0000e+00 +0.0000e+00 +0.0000e+00 +0.0000e+00 +0.0000e+00 +0.0000e+00 +0.0000e+00 +0.0000e+00 +0.0000e+00 +0.0000e+00
12 0 +8.049798893e+01 +4.793798893e+01 +4.793798893e+01 -1.6902e+00 -2.6568e+00 -1.6119e-01 +4.1974e+00 +4.3983e-01 -2.5691e+00 +2.6986e+00 +1.8742e+00 -1.1989e+00 +8.4100e-01 -2.7670e+00 +1.1793e+00 -3.8738e-01 +2.5307e+00 +8.3323e-01 +1.4765e-01 -5.8747e-01 +1.2207e+00 -7.3516e-02 -1.1174e-01
15 0 +7.922234298e+01 +4.666234298e+01 +4.666234298e+01 -5.1036e-01 +2.4703e+00 +6.7418e-01 +3.6528e+00 -1.5908e+00 -4.0389e+00 +1.5831e+00 +3.7686e-01 -4.6084e-01 -1.6305e+00 -4.4620e+00 +2.3262e+00 -3.5007e-01 +2.1369e+00 -1.7341e+00 +4.0539e-01 -6.8823e-01 +1.2484e+00 -1.1189e+00 +4.7407e+00
20 0 +7.708482687e+01 +4.452482687e+01 +4.452482687e+01 -1.0997e+00 -8.2333e-01 +9.5558e-01 -2.2222e-01 +7.2257e-01 -5.0952e+00 +1.0599e+00 +2.7634e-01 +1.6780e+00 +4.7852e-02 -1.8409e+00 +1.0513e+00 +2.9573e+00 +2.6123e+00 +1.4853e-01 +1.5222e+00 +8.4289e-01 +2.1995e+00 -4.0239e+00 -3.5473e-01
45 0 +7.169374391e+01 +3.913374391e+01 +3.913374391e+01 -2.3131e+00 -5.7525e-01 -8.8318e-01 +1.1474e+00 +1.8027e+00 -2.2647e+00 +2.6494e+00 +2.5923e+00 +1.7488e+00 -1.5651e+00 -2.4591e+00 +4.0616e+00 -1.1206e+00 +1.9593e+00 +8.5433e-03 +2.2320e+00 +1.1289e+00 -3.0960e-01 -1.8463e+00 -8.4385e-02
% f evaluations | g evaluations | best noise-free fitness - Fopt (5.154000000000e+02) + sum g_i+ | measured fitness | best measured fitness or single-digit g-values | x1 | x2...
1 0 +7.644921374e+01 +5.918492137e+02 +5.918492137e+02 +0.0000e+00 +0.0000e+00 +0.0000e+00 +0.0000e+00 +0.0000e+00 +0.0000e+00 +0.0000e+00 +0.0000e+00 +0.0000e+00 +0.0000e+00 +0.0000e+00 +0.0000e+00 +0.0000e+00 +0.0000e+00 +0.0000e+00 +0.0000e+00 +0.0000e+00 +0.0000e+00 +0.0000e+00 +0.0000e+00
9 0 +7.565717148e+01 +5.910571715e+02 +5.910571715e+02 -1.5443e-01 +1.8144e+00 +1.9794e+00 +9.3945e-01 +2.8103e-01 +9.3426e-01 +1.4458e+00 +6.3954e-01 -1.8305e+00 -3.8877e+00 -3.2506e-01 -8.1692e-01 -1.2379e+00 +1.1547e+00 -1.2745e+00 +1.7075e+00 +4.7785e-01 +3.7321e-01 +1.6336e+00 +2.1830e+00
17 0 +7.364838060e+01 +5.890483806e+02 +5.890483806e+02 -1.4498e+00 +2.9629e+00 +1.3751e-01 +7.0258e-01 +1.5048e+00 +9.4569e-01 -1.4860e-01 +1.9570e+00 +2.0756e+00 +8.2866e-01 +3.3323e+00 -1.1645e+00 +7.6274e-01 -4.8890e-01 -1.1350e+00 +2.7288e+00 +5.6543e-01 +2.5403e+00 +2.5486e+00 -4.6689e-01
22 0 +6.845691862e+01 +5.838569186e+02 +5.838569186e+02 +1.6506e+00 +7.8488e-01 +4.9372e+00 +3.1987e+00 +3.1630e+00 +3.4726e+00 +2.7798e+00 -4.0889e+00 -7.5797e-01 -5.8363e-01 +7.9262e-02 -1.8955e+00 +8.0035e-01 -2.3347e+00 -1.2357e+00 +1.3789e-01 +9.7248e-01 +1.0232e+00 +3.1264e+00 +4.3150e+00
39 0 +6.603456393e+01 +5.814345639e+02 +5.814345639e+02 +3.0701e-01 +3.5355e+00 +4.0567e+00 +2.0060e+00 +3.8848e+00 +4.0512e+00 +1.5414e-01 -3.4670e+00 +2.7784e+00 -1.1046e+00 +1.9782e+00 +1.4790e-01 +1.1461e-01 -1.1291e+00 +9.3445e-01 +2.6306e+00 +1.2817e+00 -1.8461e+00 +3.5592e+00 +3.8303e-01
