% f evaluations | g evaluations | best noise-free fitness - Fopt (1.000000000000e+03) + sum g_i+ | measured fitness | best measured fitness or single-digit g-values | x1 | x2...
1 0 +6.423771670e+02 +1.642377167e+03 +1.642377167e+03 +0.0000e+00 +0.0000e+00 +0.0000e+00 +0.0000e+00 +0.0000e+00 +0.0000e+00 +0.0000e+00 +0.0000e+00 +0.0000e+00 +0.0000e+00 +0.0000e+00 +0.0000e+00 +0.0000e+00 +0.0000e+00 +0.0000e+00 +0.0000e+00 +0.0000e+00 +0.0000e+00 +0.0000e+00 +0.0000e+00
23 0 +6.036222627e+02 +1.603622263e+03 +1.603622263e+03 +5.7084e-02 +4.9555e+00 -3.8018e-01 +1.3482e+00 -9.4201e-01 -1.1877e+00 -9.1150e-01 +2.5777e+00 -1.1607e+00 +3.7097e+00 -1.2049e+00 -1.4629e+00 -3.4444e-01 -2.4319e+00 +6.6821e-01 -1.6816e+00 +1.2560e+00 -5.2664e+00 +7.0971e-01 -1.4183e+00
46 0 +5.912932886e+02 +1.591293289e+03 +1.591293289e+03 -2.0426e+00 +4.2704e+00 +8.0308e-01 +3.6668e+00 -2.1055e+00 -4.4054e-01 -7.1905e-01 +2.7562e-01 -7.2367e-01 +1.2078e+00 +2.3020e-01 +1.8659e+00 -6.4385e-01 -2.7883e+00 +9.8069e-01 +5.7464e-01 +1.6675e+00 -1.3152e+00 -2.1203e+00 -1.2192e+00
% f evaluations | g evaluations | best noise-free fitness - Fopt (7.003000000000e+01) + sum g_i+ | measured fitness | best measured fitness or single-digit g-values | x1 | x2...
1 0 +7.420924595e+02 +8.121224595e+02 +8.121224595e+02 +0.0000e+00 +0.0000e+00 +0.0000e+00 +0.0000e+00 +0.0000e+00 +0.0000e+00 +0.0000e+00 +0.0000e+00 +0.0000e+00 +0.0000e+00 +0.0000e+00 +0.0000e+00 +0.0000e+00 +0.0000e+00 +0.0000e+00 +0.0000e+00 +0.0000e+00 +0.0000e+00 +0.0000e+00 +0.0000e+00
13 0 +7.262846989e+02 +7.963146989e+02 +7.963146989e+02 +2.3430e+00 +3.1829e+00 -1.4776e+00 +2.4809e+00 -1.1652e+00 -3.4745e+00 +3.5239e-01 +8.9698e-01 -2.4695e+00 -3.4796e+00 +3.2016e-01 +1.5566e+00 -5.3659e-01 +5.3384e+00 -3.4855e+00 -3.0359e+00 -2.4057e-01 +3.3345e+00 -3.0110e+00 -3.4225e+00
33 0 +7.111259191e+02 +7.811559191e+02 +7.811559191e+02 +1.2924e+00 +3.6121e+00 -3.4890e+00 +1.1758e+00 +7.6132e-01 -1.4792e-01 -2.9998e+00 +2.3147e+00 -6.9193e+00 -1.7730e+00 +4.4720e-01 +8.3886e-01 +5.4490e+00 +2.4106e+00 -3.4048e+00 -3.1543e+00 -5.5619e-01 +2.5894e+00 -1.5523e+00 +2.6698e+00
37 0 +5.369515156e+02 +6.069815156e+02 +6.069815156e+02 +2.4768e+00 +2.3012e+00 -3.6894e+00 +3.3343e+00 +1.3443e+00 -3.1160e+00 -1.3058e+00 +3.7150e-01 -2.6013e+00 -7.0836e-01 -1.3881e+00 -1.6203e+00 +2.8761e-01 +3.7726e-01 -4.3457e+00 -8.3237e-01 -3.3374e-02 +3.9304e+00 -4.0874e+00 +1.3901e+00
% f evaluations | g evaluations | best noise-free fitness - Fopt (-4.822000000000e+01) + sum g_i+ | measured fitness | best measured fitness or single-digit g-values | x1 | x2...
1 0 +9.669989686e+02 +9.187789686e+02 +9.187789686e+02 +0.0000e+00 +0.0000e+00 +0.0000e+00 +0.0000e+00 +0.0000e+00 +0.0000e+00 +0.0000e+00 +0.0000e+00 +0.0000e+00 +0.0000e+00 +0.0000e+00 +0.0000e+00 +0.0000e+00 +0.0000e+00 +0.0000e+00 +0.0000e+00 +0.0000e+00 +0.0000e+00 +0.0000e+00 +0.0000e+00
3 0 +7.732290773e+02 +7.250090773e+02 +7.250090773e+02 +1.3883e+00 -3.6263e+00 +4.9919e-01 +2.8873e+00 -7.8983e-01 +1.8647e+00 +5.4867e-01 -6.4508e-01 +3.0349e-01 +2.6192e-01 +1.4874e+00 +1.1654e+00 -6.5276e-01 -8.2963e-01 -3.2387e+00 -6.7374e-01 -1.6503e+00 -2.7602e+00 +1.7236e+00 -7.2403e-01
20 0 +7.459670336e+02 +6.977470336e+02 +6.977470336e+02 -3.9977e+00 -3.7434e+00 +2.8838e-01 +4.2936e+00 -3.7182e+00 +1.9876e+00 -2.7830e+00 -5.6076e-01 +2.8069e-01 +3.2368e-01 +1.6737e+00 -7.2324e-01 +7.7565e-01 -4.2175e-01 -2.4059e+00 +3.2537e+00 -2.3467e+00 -4.3388e-01 +6.1695e-01 -1.2229e+00
30 0 +6.482753822e+02 +6.000553822e+02 +6.000553822e+02 +1.9006e-01 -5.2644e+00 -9.7366e-02 +1.5600e+00 +3.3025e-01 +5.6675e+00 -3.8316e+00 -8.6537e-01 +6.4631e-01 +2.7665e+00 +3.2304e+00 -6.2052e-01 +8.0759e-01 +1.3564e+00 -3.0967e+00 +1.6673e-01 -3.4280e-01 -3.0184e+00 +2.2408e-03 -5.9607e-01
31 0 +6.452913987e+02 +5.970713987e+02 +5.970713987e+02 -2.2671e+00 -3.5206e+00 -7.8904e-01 +2.1590e+00 -1.6534e+00 -2.5000e-01 +3.6714e-01 +1.4538e+00 -1.6697e+00 +1.5771e+00 +1.7762e-01 -2.3225e+00 +2.8497e+00 +1.5682e+00 -2.9939e+00 +1.2353e+00 -2.1926e+00 -1.5940e+00 +2.4013e-01 -2.5506e+00
% f evaluations | g evaluations | best noise-free fitness - Fopt (2.547000000000e+01) + sum g_i+ | measured fitness | best measured fitness or single-digit g-values | x1 | x2...
1 0 +1.228006449e+03 +1.253476449e+03 +1.253476449e+03 +0.0000e+00 +0.0000e+00 +0.0000e+00 +0.0000e+00 +0.0000e+00 +0.0000e+00 +0.0000e+00 +0.0000e+00 +0.0000e+00 +0.0000e+00 +0.0000e+00 +0.0000e+00 +0.0000e+00 +0.0000e+00 +0.0000e+00 +0.0000e+00 +0.0000e+00 +0.0000e+00 +0.0000e+00 +0.0000e+00
5 0 +1.148690811e+03 +1.174160811e+03 +1.174160811e+03 -2.1489e+00 -1.5117e+00 +9.8127e-01 +1.2470e+00 -1.8908e+00 +2.8593e+00 +2.4201e-01 -3.4616e+00 -1.3755e+00 +2.4951e-01 +9.5014e-01 +4.1361e-01 -4.5677e-01 -5.3269e-01 +8.6247e-02 -2.9706e+00 +1.0780e+00 +4.0046e+00 +2.0190e-01 +1.1700e+00
9 0 +8.255273092e+02 +8.509973092e+02 +8.509973092e+02 -1.3897e+00 -6.8539e-01 +2.7467e+00 +2.6986e+00 -7.6268e-01 +1.8749e+00 -2.1420e-01 -5.4244e-02 -4.4220e-01 -1.2041e+00 +1.9050e+00 +5.2383e-02 -3.3243e+00 +3.7622e-01 +1.1740e+00 -1.6090e+00 -1.4955e+00 +3.0572e+00 +1.4210e+00 -1.4553e+00
26 0 +7.732647406e+02 +7.987347406e+02 +7.987347406e+02 -5.8212e-01 -2.6641e+00 +1.6727e+00 -4.2428e-01 +1.5274e-01 +2.9576e+00 -2.8896e-01 +5.2785e-01 -1.4005e+00 +1.9932e+00 -1.5302e+00 -2.3602e+00 -2.1452e+00 +2.7799e-01 +1.4552e+00 -1.3510e+00 +1.2990e+00 +4.5204e+00 +2.2168e+00 +1.7809e+00
28 0 +7.280829462e+02 +7.535529462e+02 +7.535529462e+02 -3.2695e+00 -2.1059e+00 +3.0691e+00 +2.0068e-01 -6.0204e-01 +3.1687e+00 +3.7027e+00 +1.5583e+00 -2.2319e+00 +4.9104e-01 -1.3853e+00 -1.7597e+00 -3.3477e-01 +3.1554e+00 +2.4670e+00 -4.0521e+00 -5.0258e-01 +6.4135e+00 +3.3690e+00 -1.0639e+00
35 0 +6.781427327e+02 +7.036127327e+02 +7.036127327e+02 -2.3747e+00 +3.4075e-01 +1.7670e+00 +1.2974e+00 -1.4448e+00 +2.1118e+00 +2.9624e+00 +1.3962e+00 +1.6153e+00 +1.9258e+00 -2.6176e+00 -3.5005e+00 -8.1527e-01 -3.9359e-01 +1.5078e+00 -1.7742e+00 +8.5018e-01 +1.5791e+00 +3.6008e+00 -4.0179e-01
41 0 +5.846395750e+02 +6.101095750e+02 +6.101095750e+02 -3.6433e+00 -2.0316e+00 +2.0333e+00 -2.7281e+00 -1.1318e+00 +4.3055e-01 -2.7409e+00 -1.2209e+00 -1.7057e-01 -8.9600e-01 -3.1709e+00 -5.9371e+00 +1.9109e-01 -6.5220e-01 +2.5310e+00 -3.1163e+00 +1.2394e+00 +2.2318e+00 +7.7494e-01 +3.5444e+00
% f evaluations | g evaluations | best noise-free fitness - Fopt (-1.008100000000e+02) + sum g_i+ | measured fitness | best measured fitness or single-digit g-values | x1 | x2...
1 0 +6.498547399e+02 +5.490447399e+02 +5.490447399e+02 +0.0000e+00 +0.0000e+00 +0.0000e+00 +0.0000e+00 +0.0000e+00 +0.0000e+00 +0.0000e+00 +0.0000e+00 +0.0000e+00 +0.0000e+00 +0.0000e+00 +0.0000e+00 +0.0000e+00 +0.0000e+00 +0.0000e+00 +0.0000e+00 +0.0000e+00 +0.0000e+00 +0.0000e+00 +0.0000e+00
7 0 +5.932260988e+02 +4.924160988e+02 +4.924160988e+02 -4.0662e+00 -1.0140e+00 -1.7846e+00 -1.9389e+00 +1.4322e+00 -5.3179e-01 +1.6817e-02 -1.3141e+00 -2.2711e-01 -2.6756e+00 +4.9945e-01 -2.0055e+00 +6.4568e-01 +3.7059e-01 -1.4908e+00 +1.1064e+00 +1.0444e+00 -1.7217e+00 +6.8593e-01 -2.0833e+00
15 0 +5.493655547e+02 +4.485555547e+02 +4.485555547e+02 -4.4364e+00 -1.5627e+00 +1.6658e+00 -2.7217e+00 +2.5415e+00 +1.8793e+00 -5.1121e-01 -1.8638e-01 +5.4274e-01 -1.9981e+00 -4.0360e-02 -1.5417e+00 +1.5461e+00 +1.2114e+00 +2.7612e+00 +5.4105e-01 +1.7656e+00 -1.4582e+00 +5.5676e-01 -1.7112e+00
