% f evaluations | g evaluations | best noise-free fitness - Fopt (-1.694000000000e+01) + sum g_i+ | measured fitness | best measured fitness or single-digit g-values | x1 | x2...
1 0 +3.707168231e+01 +2.013168231e+01 +2.013168231e+01 +0.0000e+00 +0.0000e+00 +0.0000e+00 +0.0000e+00 +0.0000e+00 +0.0000e+00 +0.0000e+00 +0.0000e+00 +0.0000e+00 +0.0000e+00 +0.0000e+00 +0.0000e+00 +0.0000e+00 +0.0000e+00 +0.0000e+00 +0.0000e+00 +0.0000e+00 +0.0000e+00 +0.0000e+00 +0.0000e+00
5 0 +2.298577062e+01 +6.045770623e+00 +6.045770623e+00 +2.4715e+00 -3.4906e+00 -1.6100e+00 -1.3244e-01 +1.0181e+00 +1.0991e+00 +2.1298e-01 -1.8931e+00 -2.5367e-01 -2.3130e-01 -7.4733e-01 -4.6755e+00 +2.0585e+00 +1.4899e+00 +1.1777e+00 +8.5597e-01 +3.1733e+00 +3.7519e-01 -1.9336e+00 +1.1396e+00
11 0 +2.187721528e+01 +4.937215276e+00 +4.937215276e+00 +1.2341e+00 +1.3916e-01 -4.3997e+00 -9.6586e-01 +2.6073e+00 -2.7676e+00 +1.5556e+00 -1.5036e+00 -4.6920e-01 -3.2066e+00 +2.2606e+00 -1.9688e+00 -2.5865e+00 +2.2846e+00 -7.9210e-01 -1.6193e+00 -1.2771e+00 +1.3982e+00 -1.7027e+00 +3.0023e+00
17 0 +2.051213282e+01 +3.572132817e+00 +3.572132817e+00 -1.6773e+00 +1.1078e+00 -5.4694e-01 +2.8065e-01 +2.2320e+00 +1.9070e+00 +9.1773e-01 +5.3879e-01 +2.1140e-01 -2.6868e+00 -3.2281e-01 -5.4120e-01 -8.5040e-01 +1.7701e+00 -1.2226e-01 +9.0285e-02 +1.0715e+00 +1.5313e+00 -2.0709e+00 +2.5497e+00
18 0 +1.351645509e+01 -3.423544906e+00 -3.423544906e+00 +3.0556e+00 +3.6129e+00 -4.8900e+00 -9.9133e-03 +2.3086e+00 +2.6513e+00 +5.0633e-01 -1.9296e+00 +1.5052e+00 -7.1125e-01 +3.6249e+00 -1.2073e+00 -1.3600e+00 +1.0086e+00 -2.3775e+00 +2.6216e+00 +8.7458e-01 +1.2257e+00 -3.5180e+00 +3.4884e-01
% f evaluations | g evaluations | best noise-free fitness - Fopt (1.881000000000e+01) + sum g_i+ | measured fitness | best measured fitness or single-digit g-values | x1 | x2...
1 0 +1.544776293e+01 +3.425776293e+01 +3.425776293e+01 +0.0000e+00 +0.0000e+00 +0.0000e+00 +0.0000e+00 +0.0000e+00 +0.0000e+00 +0.0000e+00 +0.0000e+00 +0.0000e+00 +0.0000e+00 +0.0000e+00 +0.0000e+00 +0.0000e+00 +0.0000e+00 +0.0000e+00 +0.0000e+00 +0.0000e+00 +0.0000e+00 +0.0000e+00 +0.0000e+00
8 0 +1.485206217e+01 +3.366206217e+01 +3.366206217e+01 -7.4443e-01 -2.8179e+00 +8.4431e-01 -1.8982e+00 -9.3322e-01 +3.2410e+00 +8.0518e-02 -1.5231e+00 +4.5011e-01 +4.7643e-01 -1.6056e+00 -2.0887e+00 -1.3117e+00 +1.7019e-01 +3.2823e+00 +7.8221e-01 -3.0272e+00 +2.9197e+00 -1.4819e+00 -2.3892e-01
22 0 +1.184635025e+01 +3.065635025e+01 +3.065635025e+01 +1.4981e+00 -4.7753e+00 -1.3995e+00 +1.3972e+00 +1.9276e+00 +8.9448e-01 +8.9673e-01 -2.7061e-01 +1.8413e+00 +4.1831e+00 -2.8779e+00 +2.4213e+00 -6.8762e-01 -3.9027e+00 +1.0831e+00 +2.4588e-01 -1.6317e+00 +1.4565e+00 +6.7681e-01 +1.9304e+00
50 0 +9.907084630e+00 +2.871708463e+01 +2.871708463e+01 -4.2231e-01 -1.1662e+00 +2.1023e+00 +1.1118e+00 +1.0265e+00 +9.9571e-01 +2.3043e+00 -1.3619e+00 +2.5735e-01 +3.6615e+00 -1.6418e+00 +2.2836e+00 -3.6890e-01 -2.9917e+00 +4.8297e-01 +4.1926e-01 -2.0829e+00 -2.9625e-02 -5.8225e-01 +2.7963e+00
% f evaluations | g evaluations | best noise-free fitness - Fopt (2.731500000000e+02) + sum g_i+ | measured fitness | best measured fitness or single-digit g-values | x1 | x2...
1 0 +3.571434203e+01 +3.088643420e+02 +3.088643420e+02 +0.0000e+00 +0.0000e+00 +0.0000e+00 +0.0000e+00 +0.0000e+00 +0.0000e+00 +0.0000e+00 +0.0000e+00 +0.0000e+00 +0.0000e+00 +0.0000e+00 +0.0000e+00 +0.0000e+00 +0.0000e+00 +0.0000e+00 +0.0000e+00 +0.0000e+00 +0.0000e+00 +0.0000e+00 +0.0000e+00
4 0 +3.057110470e+01 +3.037211047e+02 +3.037211047e+02 -7.7820e-01 -3.7194e+00 -9.1244e-01 +3.0268e-01 +5.5918e-01 -1.8472e+00 -1.7056e+00 -8.5761e-01 -2.1744e+00 +1.8479e-01 +2.5109e+00 -3.1709e-02 +2.2883e-01 +2.4553e-01 -2.2058e+00 -3.2991e-01 -4.0397e-01 +3.5565e+00 -1.4109e+00 -9.2930e-01
5 0 +2.268758144e+01 +2.958375814e+02 +2.958375814e+02 -2.6655e+00 +2.9770e+00 +2.6515e+00 -6.1985e-01 +2.1460e+00 +2.9558e-01 -8.5795e-01 +5.3010e-01 -2.1822e+00 -2.6794e+00 +2.9557e+00 +7.3485e-01 -3.7933e+00 -1.1814e-01 +7.5485e-01 -5.7028e-01 +2.5888e+00 -2.3431e+00 +2.6784e+00 -1.6381e+00
15 0 +1.915074830e+01 +2.923007483e+02 +2.923007483e+02 -3.1367e+00 +1.5538e+00 +2.5631e+00 +1.8116e+00 +3.3033e+00 -7.9197e-01 -2.2629e+00 -3.5374e-01 -5.2936e+00 +3.2830e+00 +2.0153e+00 +6.1381e-01 -2.6162e+00 +2.3933e+00 -6.9655e-01 -1.5479e+00 -1.0976e+00 +1.8397e+00 +4.9561e-01 +2.0013e+00
16 0 +1.654495277e+01 +2.896949528e+02 +2.896949528e+02 -3.3697e+00 +1.9691e+00 -2.8355e-01 -2.0064e+00 +3.1247e+00 +4.4139e-01 -2.3049e+00 -1.2798e+00 -4.3960e+00 -3.7216e-01 +8.1221e-01 +2.6837e+00 -1.7993e-01 -2.0437e-01 +1.1416e+00 -1.6299e+00 +4.3094e+00 -2.7028e+00 +5.6495e-01 +1.0058e-01
33 0 +1.263811799e+01 +2.857881180e+02 +2.857881180e+02 -4.0007e+00 +1.9154e+00 +4.7640e+00 -6.4424e-01 +1.8977e+00 -2.2385e+00 -3.5958e+00 -2.7217e+00 -5.1539e+00 +8.8305e-01 +3.5309e+00 -1.3228e+00 -1.0824e+00 +4.3637e-01 -1.3734e+00 -1.5548e+00 +2.1647e+00 -1.1885e+00 +9.3928e-01 -3.4469e+00
% f evaluations | g evaluations | best noise-free fitness - Fopt (3.718000000000e+01) + sum g_i+ | measured fitness | best measured fitness or single-digit g-values | x1 | x2...
1 0 +1.574854264e+01 +5.292854264e+01 +5.292854264e+01 +0.0000e+00 +0.0000e+00 +0.0000e+00 +0.0000e+00 +0.0000e+00 +0.0000e+00 +0.0000e+00 +0.0000e+00 +0.0000e+00 +0.0000e+00 +0.0000e+00 +0.0000e+00 +0.0000e+00 +0.0000e+00 +0.0000e+00 +0.0000e+00 +0.0000e+00 +0.0000e+00 +0.0000e+00 +0.0000e+00
12 0 +1.504109306e+01 +5.222109306e+01 +5.222109306e+01 +3.1849e+00 +1.9165e+00 -7.7991e-01 -2.7806e+00 -8.8306e-01 +6.6819e-02 +2.6205e+00 -1.1713e+00 -1.2871e+00 -2.6995e+00 -2.4921e+00 +9.5504e-01 -6.5310e-01 -1.2159e+00 +2.6909e+00 +1.6769e+00 -2.3298e+00 +9.7567e-01 -3.4877e+00 -1.3035e+00
14 0 +1.166747190e+01 +4.884747190e+01 +4.884747190e+01 -1.2156e-01 +1.3067e+00 +1.8234e+00 -2.1549e+00 -1.5914e+00 +1.0493e+00 +2.7513e+00 +5.1380e-01 +3.0237e+00 -1.1542e+00 -7.3948e-01 -2.4676e+00 +2.0351e+00 +1.3659e+00 +1.7621e+00 -5.2403e-01 -1.3798e+00 -1.5653e+00 -2.3326e+00 -1.9504e-01
24 0 +1.023095599e+01 +4.741095599e+01 +4.741095599e+01 +6.6714e-01 +3.5064e-01 -4.0360e-01 -6.6546e-01 +6.1149e-01 +1.0280e+00 -6.7168e-01 +4.7841e-01 +9.2780e-01 -4.1187e-01 +9.7828e-01 +7.7804e-01 -4.6909e-01 -2.7616e+00 +1.8303e+00 +2.5701e+00 -4.9520e-01 +2.4774e+00 -3.4019e+00 -1.0091e+00
% f evaluations | g evaluations | best noise-free fitness - Fopt (-1.479000000000e+02) + sum g_i+ | measured fitness | best measured fitness or single-digit g-values | x1 | x2...
1 0 +1.445935349e+01 -1.334406465e+02 -1.334406465e+02 +0.0000e+00 +0.0000e+00 +0.0000e+00 +0.0000e+00 +0.0000e+00 +0.0000e+00 +0.0000e+00 +0.0000e+00 +0.0000e+00 +0.0000e+00 +0.0000e+00 +0.0000e+00 +0.0000e+00 +0.0000e+00 +0.0000e+00 +0.0000e+00 +0.0000e+00 +0.0000e+00 +0.0000e+00 +0.0000e+00
8 0 +1.191668325e+01 -1.359833167e+02 -1.359833167e+02 -4.9740e-03 -2.0157e+00 -3.0011e-02 +7.1465e-01 -1.0938e-01 +1.2669e+00 +2.0380e+00 -1.0956e-01 +3.5740e-01 -1.8934e+00 -2.5766e+00 +2.3180e+00 +3.4396e-01 +7.4881e-01 -3.5188e-01 +6.4168e-01 +2.4165e-02 -1.6150e+00 -8.1910e-01 +4.3507e-01
39 0 +1.132867563e+01 -1.365713244e+02 -1.365713244e+02 -4.5460e-01 -1.6816e+00 +2.2509e+00 +9.6487e-01 -3.9690e+00 +3.9896e+00 -3.4549e-01 +6.2664e-01 -6.5845e-01 -4.1576e-01 +9.6676e-01 +1.8513e+00 +4.0604e+00 -2.3196e+00 -8.2210e-02 -1.0281e+00 +1.3031e+00 -2.4762e+00 -2.6941e+00 +2.5943e+00
