% f evaluations | g evaluations | best noise-free fitness - Fopt (9.294000000000e+01) + sum g_i+ | measured fitness | best measured fitness or single-digit g-values | x1 | x2...
1 0 +1.756574751e+03 +1.849514751e+03 +1.849514751e+03 +0.0000e+00 +0.0000e+00 +0.0000e+00 +0.0000e+00 +0.0000e+00 +0.0000e+00 +0.0000e+00 +0.0000e+00 +0.0000e+00 +0.0000e+00 +0.0000e+00 +0.0000e+00 +0.0000e+00 +0.0000e+00 +0.0000e+00 +0.0000e+00 +0.0000e+00 +0.0000e+00 +0.0000e+00 +0.0000e+00
7 0 +1.735744612e+03 +1.828684612e+03 +1.828684612e+03 -2.4429e+00 +8.6793e-01 -1.8727e+00 +1.0575e+00 +1.6645e+00 +1.1610e+00 +2.7285e+00 +1.3408e+00 -3.2166e-01 +1.2113e+00 +7.0371e-01 +2.1929e+00 +2.5774e+00 -2.3792e+00 +1.2869e+00 -8.3426e-01 +2.2933e+00 +2.5243e-01 -2.6928e+00 +6.5333e-01
12 0 +1.553790164e+03 +1.646730164e+03 +1.646730164e+03 +1.0279e+00 +2.0015e+00 +1.4574e+00 +1.6920e+00 +6.9545e-01 +1.4665e+00 -3.1534e-01 +2.8703e+00 -4.8413e-01 +3.9518e+00 +2.9533e+00 -4.1518e-01 +6.7270e-01 +3.2296e+00 -1.7041e+00 -1.6238e+00 +1.3636e+00 +1.3725e+00 -3.4756e+00 -1.8865e+00
29 0 +1.314089945e+03 +1.407029945e+03 +1.407029945e+03 -4.9033e-03 +5.7404e-01 -2.0177e+00 +6.7367e-01 +4.6585e+00 +2.4403e+00 -8.2592e-01 +4.6276e+00 -7.7747e-01 +2.4201e+00 +3.1187e-01 +8.8337e-01 +4.2833e-01 +2.2465e+00 +1.6792e+00 -3.1446e+00 +1.0386e+00 -9.3360e-01 -4.4406e+00 -2.3105e+00
31 0 +7.753935408e+02 +8.683335408e+02 +8.683335408e+02 -2.7016e+00 +1.0986e+00 -1.9285e+00 +5.2131e+00 +1.5891e+00 +2.6305e+00 +3.4536e+00 +3.2821e+00 +6.6515e-01 +2.7436e+00 -1.7109e+00 -5.2799e-01 +4.7206e+00 -8.3613e-01 -5.0478e-01 -1.9289e+00 +4.3050e+00 +2.7117e+00 -5.8429e+00 -1.1815e+00
47 0 +7.343736981e+02 +8.273136981e+02 +8.273136981e+02 -2.3818e+00 +1.2287e+00 -5.0359e+00 +1.3335e+00 +3.3680e-01 +2.9959e+00 +2.0119e+00 +6.0980e+00 -6.4820e-01 +8.1037e-01 +5.1543e-01 -2.0646e+00 +5.0909e+00 -6.9921e-01 +1.7394e+00 -1.7658e+00 +4.8893e+00 -1.5827e-01 -2.8759e+00 -1.8244e+00
% f evaluations | g evaluations | best noise-free fitness - Fopt (3.535000000000e+01) + sum g_i+ | measured fitness | best measured fitness or single-digit g-values | x1 | x2...
1 0 +2.653243133e+03 +2.688593133e+03 +2.688593133e+03 +0.0000e+00 +0.0000e+00 +0.0000e+00 +0.0000e+00 +0.0000e+00 +0.0000e+00 +0.0000e+00 +0.0000e+00 +0.0000e+00 +0.0000e+00 +0.0000e+00 +0.0000e+00 +0.0000e+00 +0.0000e+00 +0.0000e+00 +0.0000e+00 +0.0000e+00 +0.0000e+00 +0.0000e+00 +0.0000e+00
4 0 +1.997677709e+03 +2.033027709e+03 +2.033027709e+03 -1.1588e+00 +1.3938e+00 +1.3789e+00 +3.4095e+00 -2.4280e+00 -1.4234e-01 +3.2779e+00 -1.8899e+00 +1.5320e+00 +6.1098e-01 +8.8072e-01 -7.8783e-01 +3.2073e+00 -4.5345e-01 -1.0516e-01 -1.8050e+00 +2.5541e-01 -2.0443e+00 -2.2861e+00 -4.5108e-01
14 0 +1.859590068e+03 +1.894940068e+03 +1.894940068e+03 -3.6713e+00 -1.4073e-01 -1.6848e-01 +3.8461e+00 -1.9306e+00 +3.3959e+00 +1.2374e+00 -3.3294e+00 +1.0086e+00 +9.1758e-01 +1.9357e+00 +1.4415e+00 +1.3540e+00 +2.2080e+00 -7.3434e-01 -8.7681e-01 +3.0429e+00 +4.6154e-01 +5.1563e-01 +2.5903e+00
24 0 +1.309711409e+03 +1.345061409e+03 +1.345061409e+03 +1.3472e+00 -9.1764e-01 +2.6025e+00 +6.9074e-01 -6.2952e-01 +7.4171e-01 +1.4375e+00 -2.0938e+00 -6.3601e-01 -2.4464e+00 +6.0544e-01 +1.8919e+00 +5.1956e+00 +2.8082e+00 +9.2283e-01 -1.8087e+00 +3.0554e+00 +3.1503e-01 -4.0069e-01 -8.6458e-01
26 0 +9.658389847e+02 +1.001188985e+03 +1.001188985e+03 +5.9845e-01 -1.9603e+00 +1.2069e+00 +5.1823e+00 -9.9373e-01 -1.7546e+00 +1.9625e+00 -9.8818e-01 +8.4551e-01 -3.1778e+00 +1.6104e+00 -4.3772e-01 +4.4740e+00 +3.0267e+00 -1.8246e+00 -1.4248e+00 +2.8451e+00 -1.3262e+00 -1.1140e-02 -2.7235e+00
29 0 +7.841034590e+02 +8.194534590e+02 +8.194534590e+02 -1.0727e+00 -1.8976e+00 -3.3942e+00 +3.6610e+00 -2.7794e+00 +1.8885e-01 +4.9660e-01 -2.7051e+00 +1.6265e+00 -2.2148e+00 -2.6283e+00 -5.3058e-01 +4.0351e+00 +5.8658e+00 -1.1764e+00 +3.4830e-01 +2.2900e+00 +4.1627e-01 +3.2856e+00 -1.0603e+00
40 0 +7.299779333e+02 +7.653279333e+02 +7.653279333e+02 -6.6203e-01 +1.2630e+00 +2.2657e+00 +4.4651e+00 -1.9189e+00 -1.0141e+00 +4.6824e-01 +3.0439e-01 -9.8349e-01 -1.2961e+00 +5.2539e-01 -1.0099e+00 +3.4374e+00 +3.6320e+00 +2.2916e+00 +8.1290e-01 -9.6989e-01 -1.1298e+00 +4.1063e+00 +2.5445e+00
% f evaluations | g evaluations | best noise-free fitness - Fopt (3.820000000000e+00) + sum g_i+ | measured fitness | best measured fitness or single-digit g-values | x1 | x2...
1 0 +7.959996499e+02 +7.998196499e+02 +7.998196499e+02 +0.0000e+00 +0.0000e+00 +0.0000e+00 +0.0000e+00 +0.0000e+00 +0.0000e+00 +0.0000e+00 +0.0000e+00 +0.0000e+00 +0.0000e+00 +0.0000e+00 +0.0000e+00 +0.0000e+00 +0.0000e+00 +0.0000e+00 +0.0000e+00 +0.0000e+00 +0.0000e+00 +0.0000e+00 +0.0000e+00
2 0 +6.983602601e+02 +7.021802601e+02 +7.021802601e+02 -1.3419e+00 -4.0349e+00 -4.4505e-01 -2.3834e+00 -8.6276e-01 +1.6563e+00 -1.3388e+00 -1.1372e+00 +3.9800e-01 +1.9494e+00 +2.3812e+00 +5.5114e-01 +3.3721e-01 +1.6394e+00 +5.2225e+00 -1.2031e+00 -3.3158e+00 -4.3861e+00 +2.7028e+00 -9.2619e-01
18 0 +5.632589914e+02 +5.670789914e+02 +5.670789914e+02 -4.3312e+00 -1.3655e+00 -8.0407e-01 -5.7185e+00 +3.5671e-01 -2.5058e-01 +5.1200e-01 +2.0594e+00 -3.0351e+00 +1.5392e-01 +9.9348e-01 +9.7505e-01 -1.3777e+00 +1.3054e+00 +2.8403e+00 -1.1335e+00 +2.4850e+00 -3.3300e+00 +3.8027e+00 +1.6673e+00
26 0 +4.176797534e+02 +4.214997534e+02 +4.214997534e+02 +4.1446e-01 +8.0538e-01 +2.2803e-01 -3.6527e+00 -1.9944e-01 -3.8651e+00 +2.2272e+00 +1.1539e-01 -3.7328e+00 -4.1478e-01 -1.6124e+00 +1.8495e-02 -4.2142e-01 -3.3514e+00 +3.4467e+00 +2.8096e+00 +2.6716e+00 -3.3405e+00 +2.8554e+00 -5.1663e-02
% f evaluations | g evaluations | best noise-free fitness - Fopt (2.175000000000e+01) + sum g_i+ | measured fitness | best measured fitness or single-digit g-values | x1 | x2...
1 0 +1.198388697e+03 +1.220138697e+03 +1.220138697e+03 +0.0000e+00 +0.0000e+00 +0.0000e+00 +0.0000e+00 +0.0000e+00 +0.0000e+00 +0.0000e+00 +0.0000e+00 +0.0000e+00 +0.0000e+00 +0.0000e+00 +0.0000e+00 +0.0000e+00 +0.0000e+00 +0.0000e+00 +0.0000e+00 +0.0000e+00 +0.0000e+00 +0.0000e+00 +0.0000e+00
4 0 +9.455315923e+02 +9.672815923e+02 +9.672815923e+02 +3.0548e+00 -1.2656e+00 -6.4558e-01 +4.8700e+00 -1.7115e+00 +2.6433e-01 -3.0009e+00 -2.8452e-01 +6.9827e-01 -1.7852e+00 +7.9525e+00 -1.7924e+00 +1.0463e+00 +2.8586e+00 -6.2462e-02 -2.0771e+00 -5.1418e+00 -2.7629e+00 -3.6605e+00 -9.2087e-01
10 0 +8.936888923e+02 +9.154388923e+02 +9.154388923e+02 +2.5580e-01 -1.1109e+00 -1.5058e+00 -1.1491e+00 +1.9870e+00 -8.1718e-01 -1.5080e+00 +3.9605e-01 +2.3085e+00 +9.0731e-01 -2.1454e-01 -1.6374e+00 -4.2265e-01 -6.4465e-01 +8.9924e-01 -3.8951e+00 +1.7108e-01 +4.8976e-01 -9.6032e-01 +6.0971e-01
14 0 +6.492064638e+02 +6.709564638e+02 +6.709564638e+02 -3.6454e-01 -4.8890e+00 +3.3630e-01 +3.0744e+00 -6.5856e-01 -2.6647e+00 -1.6609e+00 -1.5634e+00 +2.6947e+00 +5.0584e-01 +3.4551e+00 +3.3165e-02 +2.1917e+00 +3.4502e-01 +5.4598e-01 -2.6688e+00 -1.4491e+00 -1.8985e+00 +5.2815e-01 +2.5660e+00
26 0 +5.774590936e+02 +5.992090936e+02 +5.992090936e+02 -1.4717e-01 -3.6112e+00 -2.5231e+00 +3.3419e-01 +2.5168e+00 -7.7452e-01 -2.6079e+00 -3.1122e+00 -7.3945e-01 +2.5637e+00 +1.9602e+00 -5.1466e-01 +2.1724e+00 +7.7902e-01 +1.2964e-01 -4.3766e+00 -2.5459e-02 -3.6047e+00 -2.1596e+00 -6.6337e-01
27 0 +5.154028401e+02 +5.371528401e+02 +5.371528401e+02 +3.3847e+00 +8.0030e-01 +6.1923e-01 +1.0132e+00 +5.8861e-01 +5.1740e-01 -3.3211e+00 +1.2571e-01 +1.6767e-01 -6.3761e-01 +6.2064e+00 +6.8358e-01 +3.0306e+00 +9.6176e-01 +1.6650e-01 -4.2935e+00 -2.5929e+00 -1.6262e+00 -1.6697e+00 +1.6488e+00
36 0 +5.109270553e+02 +5.326770553e+02 +5.326770553e+02 -3.5083e+00 -1.9571e-01 +2.8073e-01 +2.6001e+00 +7.5690e-01 -2.2461e+00 -9.2983e-01 +5.5397e-02 +2.3679e+00 +2.2899e+00 +3.4357e+00 -1.8527e+00 +3.3275e+00 +3.0274e+00 -1.5737e-01 -4.5043e+00 -6.8408e-01 -2.1576e+00 -7.5994e-01 -1.0030e-01
40 0 +3.888177235e+02 +4.105677235e+02 +4.105677235e+02 -2.5539e+00 -3.5958e+00 -1.0938e+00 -1.9396e+00 +4.4300e+00 -1.7062e+00 -1.4402e+00 -1.7988e-01 +5.1325e+00 +1.6908e+00 +2.8098e+00 +1.7312e-02 +1.3894e+00 +9.3758e-01 -4.5016e-01 -1.3701e+00 -2.3753e+00 -2.5659e-02 -2.9078e+00 +1.5289e+00
42 0 +2.491159090e+02 +2.708659090e+02 +2.708659090e+02 +1.5751e+00 -5.8937e-01 +4.3671e-01 -1.1038e+00 +1.5546e+00 +1.0544e+00 -1.4037e-01 +5.2756e-01 +2.3610e+00 +2.6100e+00 +4.8004e+00 -1.2724e+00 +2.7356e+00 +6.6854e-01 -1.0823e+00 -2.7748e+00 -3.5690e-01 -6.8142e-02 -2.6997e+00 -1.3077e-01
48 0 +2.281492368e+02 +2.498992368e+02 +2.498992368e+02 +2.6830e-01 -2.0978e+00 -2.7072e+00 +7.4514e-01 +1.2349e+00 -9.0902e-02 +3.8631e-01 -1.1160e+00 +3.0101e-01 +3.6657e+00 +4.2015e+00 +2.2751e+00 +1.4908e+00 +2.9864e+00 -6.5352e-01 -5.6544e+00 -2.1144e+00 +1.0725e+00 -1.1091e+00 -4.5277e-01
% f evaluations | g evaluations | best noise-free fitness - Fopt (6.479000000000e+01) + sum g_i+ | measured fitness | best measured fitness or single-digit g-values | x1 | x2...
1 0 +8.307298063e+02 +8.955198063e+02 +8.955198063e+02 +0.0000e+00 +0.0000e+00 +0.0000e+00 +0.0000e+00 +0.0000e+00 +0.0000e+00 +0.0000e+00 +0.0000e+00 +0.0000e+00 +0.0000e+00 +0.0000e+00 +0.0000e+00 +0.0000e+00 +0.0000e+00 +0.0000e+00 +0.0000e+00 +0.0000e+00 +0.0000e+00 +0.0000e+00 +0.0000e+00
25 0 +8.236990748e+02 +8.884890748e+02 +8.884890748e+02 +1.1488e-01 +1.0232e+00 +1.8151e+00 +1.1024e+00 -4.6859e+00 -3.8705e+00 -2.7330e+00 -3.1275e+00 -3.4445e-01 -6.5726e-01 -4.5320e+00 -1.7599e+00 -2.1186e+00 +3.0840e+00 -1.1272e+00 +9.7931e-01 -3.7994e-01 +3.1884e+00 -1.0333e+00 +2.3270e+00
