% f evaluations | g evaluations | best noise-free fitness - Fopt (-5.235000000000e+01) + sum g_i+ | measured fitness | best measured fitness or single-digit g-values | x1 | x2...
1 0 +3.680316576e+01 -1.554683424e+01 -1.554683424e+01 +0.0000e+00 +0.0000e+00 +0.0000e+00 +0.0000e+00 +0.0000e+00 +0.0000e+00 +0.0000e+00 +0.0000e+00 +0.0000e+00 +0.0000e+00 +0.0000e+00 +0.0000e+00 +0.0000e+00 +0.0000e+00 +0.0000e+00 +0.0000e+00 +0.0000e+00 +0.0000e+00 +0.0000e+00 +0.0000e+00
42 0 +3.150251099e+01 -2.084748901e+01 -2.084748901e+01 -3.9489e+00 -1.0224e+00 +4.5821e-01 +9.9312e-01 -2.3716e-01 +4.1799e+00 +8.3941e-01 -2.8414e+00 +6.5054e-01 +1.3240e+00 -2.3069e+00 +1.9418e+00 -1.2741e+00 -5.6345e-01 -1.4166e+00 -4.1221e+00 -1.7296e-01 -3.2813e+00 +5.8762e+00 -1.4246e+00
97 0 +2.856607939e+01 -2.378392061e+01 -2.378392061e+01 +2.2161e+00 +1.2584e+00 +9.9021e-01 -2.6726e+00 +4.4437e-01 +1.2407e+00 -9.8526e-01 -2.8501e+00 +2.1709e+00 +1.1422e+00 -1.4427e+00 +4.5021e+00 -1.6060e+00 -2.4591e+00 +6.0194e-01 -1.9535e+00 -2.5188e+00 -3.4141e+00 +4.7684e+00 -1.7059e+00
106 0 +2.776849528e+01 -2.458150472e+01 -2.458150472e+01 -2.4660e+00 +6.5816e-01 -3.6605e-02 -2.5721e+00 -1.1522e-01 -1.3889e+00 -1.0208e+00 -5.3571e+00 +1.4400e+00 +1.2315e+00 -2.4031e+00 +2.2236e+00 +4.6827e-01 -2.9226e+00 -1.7874e-01 -9.8793e-01 -2.4868e+00 -7.2954e-01 +2.9659e-01 -1.4860e+00
130 0 +2.716333198e+01 -2.518666802e+01 -2.518666802e+01 -1.8757e+00 +7.1419e-01 -1.6479e-02 -3.4381e+00 -7.2686e-01 +1.6806e+00 -1.8820e+00 -5.5787e+00 +1.8358e+00 +2.4908e+00 +1.7834e-01 +1.7887e+00 +7.3722e-01 +2.6036e-01 +8.3365e-01 -3.3010e+00 -3.6129e+00 -2.9560e+00 +3.0349e+00 -1.3657e+00
132 0 +2.581006996e+01 -2.653993004e+01 -2.653993004e+01 -1.1313e+00 -4.9250e-01 +1.3023e+00 -1.4733e+00 -1.5901e+00 +1.3413e+00 -4.2042e-02 -6.1580e+00 +1.4996e+00 -2.8933e-01 +8.3843e-01 -9.4539e-01 -3.1766e-01 +3.0377e-02 +3.2745e+00 -3.5934e+00 -4.0783e+00 -3.3020e+00 +1.9745e+00 -1.2061e+00
145 0 +2.493765384e+01 -2.741234616e+01 -2.741234616e+01 -1.8184e+00 -5.5258e-01 +3.0668e-01 -3.7364e+00 -2.8886e+00 +1.0633e+00 -2.3271e+00 -6.5014e+00 +2.1535e+00 +5.3088e-01 +2.9818e-01 -3.8967e+00 +1.0343e+00 -1.8572e+00 +1.2058e-01 -4.7049e+00 -4.1028e+00 -2.8366e+00 +1.0001e+00 -4.2493e+00
172 0 +2.084087294e+01 -3.150912706e+01 -3.150912706e+01 -2.0210e+00 -2.8896e+00 +9.3166e-01 -4.4002e-02 +6.3243e-01 -4.2571e-01 -5.0838e+00 -4.0571e+00 +1.3886e+00 +2.1136e+00 +2.2060e+00 +2.9183e+00 +1.5556e+00 -3.3597e+00 -1.2215e+00 -2.1336e+00 -4.0400e+00 -8.9326e-01 +3.8787e+00 -4.5326e+00
216 0 +1.870636570e+01 -3.364363430e+01 -3.364363430e+01 -2.1260e-01 -4.4321e-01 -1.1471e+00 -2.2377e+00 +3.1072e+00 +2.0090e+00 -4.4408e+00 -4.5413e+00 +1.2311e-01 -1.5128e+00 -9.7272e-01 +2.0587e+00 -2.8260e-01 -1.4030e+00 -1.4456e+00 -1.9072e+00 -2.8881e+00 -3.8759e-01 +3.2020e+00 -2.9315e+00
229 0 +1.816078631e+01 -3.418921369e+01 -3.418921369e+01 -7.7641e-01 -9.5809e-01 -4.5166e-01 -2.6832e+00 +1.6936e+00 +1.4905e+00 -5.9873e+00 -2.3110e+00 -3.7221e-01 -6.5138e-01 +1.1244e+00 +2.2787e+00 +1.2302e+00 -3.6612e+00 -8.8034e-01 -6.5579e-01 -1.4241e+00 +9.7423e-04 +2.6031e+00 -3.1002e+00
263 0 +1.579194683e+01 -3.655805317e+01 -3.655805317e+01 -3.7788e-01 -2.0450e+00 -1.1727e+00 -3.6313e+00 -6.9774e-01 +3.4389e+00 -7.2644e+00 -1.6951e+00 +2.4513e+00 -7.2140e-01 +5.6853e-01 +2.0955e+00 +1.6063e+00 -2.9985e+00 -6.7049e-01 -1.2523e+00 -2.9365e+00 -2.2900e+00 +2.5473e+00 -4.3453e+00
271 0 +1.486432815e+01 -3.748567185e+01 -3.748567185e+01 -6.2587e-03 -2.5214e+00 -1.9956e+00 -9.4775e-01 +1.5214e-01 +5.3893e+00 -5.7934e+00 -2.5842e+00 +2.8658e+00 -2.4876e+00 +1.8000e+00 +2.0486e+00 +6.8865e-01 -1.2890e+00 +7.6986e-01 -7.1575e-01 -3.4109e+00 -2.0081e+00 +3.1916e+00 -2.2265e+00
281 0 +1.219901618e+01 -4.015098382e+01 -4.015098382e+01 +6.1936e-01 -2.0936e+00 -8.3873e-01 -1.8920e+00 -1.1897e+00 +2.7901e+00 -5.3264e+00 -7.8609e-01 +1.2320e+00 -9.7355e-01 +3.4407e+00 +5.0041e-01 -2.7876e-01 -2.4625e+00 +5.9678e-01 -1.3830e+00 -2.5465e+00 -1.2963e+00 +4.4793e+00 -3.0954e+00
353 0 +1.162058009e+01 -4.072941991e+01 -4.072941991e+01 -3.3848e-01 -2.3813e+00 -6.4569e-01 -2.7731e+00 -9.7199e-01 +3.3514e+00 -2.5896e+00 -9.0311e-01 +3.3662e+00 +1.3451e+00 +1.8295e+00 -1.9008e+00 +1.7573e+00 -2.5000e+00 +4.8006e-01 -1.5748e+00 -2.4421e+00 -3.7855e-01 +4.5162e+00 -2.7457e+00
376 0 +9.134069621e+00 -4.321593038e+01 -4.321593038e+01 +3.3305e-01 -2.5536e+00 +4.3887e-01 -3.5845e+00 -6.7411e-01 +1.7968e+00 -3.4012e+00 -1.4634e+00 +3.0932e+00 -1.3522e-01 +2.6939e+00 -7.5528e-01 +1.2519e+00 -2.8736e+00 +5.2107e-01 -1.1472e+00 -1.2861e+00 -1.3252e-01 +4.7721e+00 -3.5682e+00
389 0 +8.988007371e+00 -4.336199263e+01 -4.336199263e+01 -2.5656e-01 -2.8472e+00 +2.9968e-01 -3.0637e+00 -9.2345e-01 +2.2744e+00 -4.5471e+00 -1.2450e+00 +2.5797e+00 +1.1143e-01 +2.6989e+00 -2.1753e+00 +2.5037e+00 -2.3325e+00 -2.8562e-01 -1.2472e+00 -8.9702e-01 -6.4447e-01 +4.7252e+00 -2.9823e+00
395 0 +8.378126943e+00 -4.397187306e+01 -4.397187306e+01 +2.5955e-01 -1.9317e+00 +2.2042e+00 -3.6642e+00 -7.3798e-02 +3.4386e+00 -4.7003e+00 +2.5076e-01 +2.4532e+00 -2.2226e-01 +1.3177e+00 -6.2175e-01 +2.6938e+00 -1.9738e+00 -2.9172e-01 -3.5516e-01 +1.1067e+00 +1.7077e+00 +4.0902e+00 -3.0736e+00
399 0 +6.449724840e+00 -4.590027516e+01 -4.590027516e+01 -5.1227e-01 -2.4882e+00 +9.4555e-01 -2.6034e+00 -6.8724e-01 +3.6126e+00 -3.0285e+00 -1.7830e+00 +2.6023e+00 +3.3684e-01 +3.4918e+00 -2.1384e+00 +1.4232e+00 -1.8909e+00 -6.1784e-01 +8.5167e-02 -5.1725e-01 +1.7957e-01 +4.0073e+00 -3.6544e+00
416 0 +4.687777675e+00 -4.766222233e+01 -4.766222233e+01 -9.4257e-01 -2.3544e+00 +1.3882e+00 -1.9120e+00 -1.6292e+00 +2.9959e+00 -4.3182e+00 -3.4012e-01 +3.2005e+00 -8.8194e-01 +3.8004e+00 -1.3553e+00 +2.3521e+00 -1.1701e+00 -3.7941e-01 -4.9845e-03 -4.0197e-01 +4.1258e-01 +4.5736e+00 -3.4441e+00
