% f evaluations | g evaluations | best noise-free fitness - Fopt (-6.300000000000e+00) + sum g_i+ | measured fitness | best measured fitness or single-digit g-values | x1 | x2...
1 0 +6.592654473e+03 +6.586354473e+03 +6.586354473e+03 +0.0000e+00 +0.0000e+00 +0.0000e+00 +0.0000e+00 +0.0000e+00
4 0 +3.351684973e+03 +3.345384973e+03 +3.345384973e+03 -2.1852e+00 -1.1770e+00 -2.2619e+00 +6.3056e-01 -1.0268e-01
6 0 +1.834790151e+02 +1.771790151e+02 +1.771790151e+02 +8.8440e-01 -2.0290e+00 -1.8958e+00 -6.7139e-02 -2.6135e+00
16 0 +2.139130589e+01 +1.509130589e+01 +1.509130589e+01 -2.7210e+00 -3.4304e+00 +7.7056e-01 +2.7965e+00 -1.1709e+00
34 0 +4.345519324e+00 -1.954480676e+00 -1.954480676e+00 -2.3567e+00 -3.0897e+00 -5.1986e-01 +1.1408e+00 -1.7204e+00
71 0 +3.744412449e+00 -2.555587551e+00 -2.555587551e+00 -1.3263e+00 -2.2037e+00 -2.3432e-01 +2.6904e+00 -1.7001e+00
72 0 +3.097588054e+00 -3.202411946e+00 -3.202411946e+00 +3.5798e-01 -1.7755e+00 -1.1609e+00 +2.5030e+00 -2.0171e+00
82 0 +3.010405101e+00 -3.289594899e+00 -3.289594899e+00 +1.0451e+00 -1.4441e+00 -9.6781e-01 +1.9004e+00 -1.2900e+00
95 0 +2.555272881e+00 -3.744727119e+00 -3.744727119e+00 -7.5167e-01 -2.6596e+00 +8.9773e-02 +1.5866e+00 -1.1103e+00
