% f evaluations | g evaluations | best noise-free fitness - Fopt (1.366000000000e+01) + sum g_i+ | measured fitness | best measured fitness or single-digit g-values | x1 | x2...
1 0 +6.739884890e+06 +6.739898550e+06 +6.739898550e+06 +0.0000e+00 +0.0000e+00 +0.0000e+00 +0.0000e+00 +0.0000e+00
2 0 +6.190374802e+06 +6.190388462e+06 +6.190388462e+06 +1.5653e+00 +2.5566e-01 +6.6464e-01 -1.5131e+00 -1.7764e+00
5 0 +1.491639378e+06 +1.491653038e+06 +1.491653038e+06 -9.9739e-01 +8.6655e-01 -1.0744e+00 -2.6163e-01 -1.2409e+00
10 0 +6.455374200e+05 +6.455510800e+05 +6.455510800e+05 -2.7013e-01 -7.4025e-01 +7.7550e-02 +1.0927e-02 -4.6557e+00
11 0 +4.921722527e+05 +4.921859127e+05 +4.921859127e+05 -8.4955e-01 +1.7155e+00 +5.3333e-01 -1.2486e-01 -6.6721e-01
19 0 +4.358579599e+04 +4.359945599e+04 +4.359945599e+04 +5.3244e-01 +2.9741e+00 +9.2625e-02 +2.1404e-01 +1.2240e-01
29 0 +1.709150601e+04 +1.710516601e+04 +1.710516601e+04 +2.6140e+00 +3.1961e+00 +2.5646e-01 -4.0986e-01 -1.0963e+00
35 0 +3.081490353e+03 +3.095150353e+03 +3.095150353e+03 +1.2499e+00 +3.3743e+00 -8.4548e-01 -1.0242e+00 -1.1458e+00
40 0 +5.520211261e+02 +5.656811261e+02 +5.656811261e+02 +3.1406e+00 +2.2319e+00 -4.9745e-01 +1.1783e+00 -2.0018e+00
