% f evaluations | g evaluations | best noise-free fitness - Fopt (7.135000000000e+01) + sum g_i+ | measured fitness | best measured fitness or single-digit g-values | x1 | x2...
1 0 +7.357246449e+01 +1.449224645e+02 +1.449224645e+02 +0.0000e+00 +0.0000e+00 +0.0000e+00 +0.0000e+00 +0.0000e+00 +0.0000e+00 +0.0000e+00 +0.0000e+00 +0.0000e+00 +0.0000e+00 +0.0000e+00 +0.0000e+00 +0.0000e+00 +0.0000e+00 +0.0000e+00 +0.0000e+00 +0.0000e+00 +0.0000e+00 +0.0000e+00 +0.0000e+00
5 0 +6.613047064e+01 +1.374804706e+02 +1.374804706e+02 -1.8968e+00 +1.1986e-01 +2.2371e-01 -1.3474e+00 +2.5111e+00 -6.9049e-01 +3.7336e+00 -2.2405e+00 -7.6211e-02 +5.3802e+00 -1.7248e+00 -1.2089e+00 +6.5704e-01 -2.2605e+00 -6.8157e-01 -1.9012e-01 -3.6067e+00 -3.2153e-01 -9.2101e-01 -6.5857e-01
9 0 +6.512390136e+01 +1.364739014e+02 +1.364739014e+02 +1.7447e+00 +1.0061e+00 -2.3061e+00 -2.9966e+00 +1.7080e-01 +1.7957e+00 -2.3578e+00 -1.8545e+00 +2.1983e+00 +5.0104e+00 +1.2768e+00 -2.0188e+00 -5.3877e-02 -1.6687e+00 +1.4409e+00 +2.0024e-01 -2.9895e+00 +1.9339e+00 -3.0882e+00 +3.8849e-01
18 0 +4.729981712e+01 +1.186498171e+02 +1.186498171e+02 +1.7213e-01 +3.2289e+00 +1.6620e+00 -3.5641e-01 +4.0422e-01 -1.6470e+00 +8.1448e-01 -5.1699e-01 -1.9157e+00 +3.6519e+00 +4.0083e-01 +2.5472e-01 -2.6342e+00 -2.1649e+00 +2.0373e+00 -2.1279e+00 -5.1433e-01 +2.6511e+00 +9.2887e-01 +3.5911e-01
33 0 +4.068717395e+01 +1.120371740e+02 +1.120371740e+02 +3.9144e-01 +3.6190e+00 +3.1739e+00 -1.8644e+00 +2.7311e+00 +1.2433e+00 -3.5436e+00 +1.8023e+00 -2.2066e-01 +3.3184e+00 +1.0461e+00 -3.6592e-01 +6.0991e-01 +4.6595e-03 +1.9577e-01 +1.9274e+00 -3.8210e-01 +2.4824e+00 -1.9646e+00 +1.1567e+00
% f evaluations | g evaluations | best noise-free fitness - Fopt (-3.552200000000e+02) + sum g_i+ | measured fitness | best measured fitness or single-digit g-values | x1 | x2...
1 0 +6.508868155e+01 -2.901313185e+02 -2.901313185e+02 +0.0000e+00 +0.0000e+00 +0.0000e+00 +0.0000e+00 +0.0000e+00 +0.0000e+00 +0.0000e+00 +0.0000e+00 +0.0000e+00 +0.0000e+00 +0.0000e+00 +0.0000e+00 +0.0000e+00 +0.0000e+00 +0.0000e+00 +0.0000e+00 +0.0000e+00 +0.0000e+00 +0.0000e+00 +0.0000e+00
2 0 +4.356246485e+01 -3.116575352e+02 -3.116575352e+02 -5.9280e-02 +3.5001e+00 +5.5339e-01 -9.6498e-01 +9.0001e-01 -1.6541e+00 +9.6876e-01 -2.0850e+00 +1.2136e-01 -1.3791e+00 -3.3623e-01 +2.5808e+00 -2.5580e+00 +4.6899e+00 -2.4383e+00 -2.4011e+00 +7.5137e-01 +5.9036e-01 -1.0744e+00 +2.2434e+00
% f evaluations | g evaluations | best noise-free fitness - Fopt (9.917000000000e+01) + sum g_i+ | measured fitness | best measured fitness or single-digit g-values | x1 | x2...
1 0 +6.985921835e+01 +1.690292183e+02 +1.690292183e+02 +0.0000e+00 +0.0000e+00 +0.0000e+00 +0.0000e+00 +0.0000e+00 +0.0000e+00 +0.0000e+00 +0.0000e+00 +0.0000e+00 +0.0000e+00 +0.0000e+00 +0.0000e+00 +0.0000e+00 +0.0000e+00 +0.0000e+00 +0.0000e+00 +0.0000e+00 +0.0000e+00 +0.0000e+00 +0.0000e+00
4 0 +5.005799911e+01 +1.492279991e+02 +1.492279991e+02 -1.0977e+00 +5.1661e-01 +6.2576e-01 -1.4265e+00 -2.3591e+00 +1.4229e+00 +8.7351e-01 -7.1783e-01 -5.8317e+00 -2.1664e-01 +4.7427e-01 -1.6949e+00 +1.6912e+00 +2.6244e+00 -4.2818e-01 +3.4088e+00 +2.4108e+00 -1.0885e+00 -6.5998e+00 +3.1866e+00
8 0 +3.609451794e+01 +1.352645179e+02 +1.352645179e+02 -9.3675e-02 +1.3033e+00 -2.5350e-01 -4.6215e-01 -7.8821e-02 +1.8040e+00 +1.8350e+00 +6.5294e-01 -3.4066e+00 +2.9771e+00 -1.0849e+00 -6.9315e-03 +3.6206e-01 -6.0804e-01 +1.7571e+00 -3.6136e+00 +1.1956e+00 +1.4304e-01 -1.9458e+00 -1.5569e-01
20 0 +3.505902580e+01 +1.342290258e+02 +1.342290258e+02 -9.1728e-01 +2.5539e-01 -2.1464e+00 -4.9445e-01 -1.2542e+00 +2.5425e-02 +4.2797e+00 +5.3680e-01 -1.1138e+00 +6.8339e+00 +2.1679e+00 -2.9008e+00 +6.5852e-01 -1.4014e+00 -8.8880e-01 -3.4106e+00 +1.1581e+00 +2.8212e-01 -4.8325e+00 -7.5984e-01
% f evaluations | g evaluations | best noise-free fitness - Fopt (-5.179100000000e+02) + sum g_i+ | measured fitness | best measured fitness or single-digit g-values | x1 | x2...
1 0 +6.469127597e+01 -4.532187240e+02 -4.532187240e+02 +0.0000e+00 +0.0000e+00 +0.0000e+00 +0.0000e+00 +0.0000e+00 +0.0000e+00 +0.0000e+00 +0.0000e+00 +0.0000e+00 +0.0000e+00 +0.0000e+00 +0.0000e+00 +0.0000e+00 +0.0000e+00 +0.0000e+00 +0.0000e+00 +0.0000e+00 +0.0000e+00 +0.0000e+00 +0.0000e+00
4 0 +6.136566922e+01 -4.565443308e+02 -4.565443308e+02 -2.1284e+00 -3.9379e+00 -5.3714e+00 +1.6361e-01 +8.3758e-01 -3.9397e+00 +2.8231e+00 +1.6420e+00 +1.3171e+00 +1.0310e+00 -1.6619e-01 +3.7693e+00 +1.2106e+00 +5.0157e+00 -3.0402e+00 +1.4235e+00 -3.0998e+00 +5.4847e-01 +4.0102e+00 -1.1770e+00
8 0 +5.337534522e+01 -4.645346548e+02 -4.645346548e+02 +3.4594e-01 -4.1990e-01 +3.4770e-01 -4.3619e+00 +2.7713e+00 +8.6549e-01 -2.0238e+00 +2.1568e+00 -1.4994e+00 -7.2388e-01 +7.2689e-01 -9.4482e-01 +2.8908e+00 +1.0515e+00 +2.3215e+00 +1.4693e+00 -4.7748e+00 -2.8501e+00 -5.4155e-01 +4.8807e-01
27 0 +4.794914751e+01 -4.699608525e+02 -4.699608525e+02 +1.0358e+00 -4.9140e+00 +1.8811e+00 -8.4724e-01 +4.9471e+00 +3.4389e+00 +4.2334e+00 +2.4017e+00 -2.7832e-01 +4.9863e+00 -1.1697e+00 -3.6433e+00 +1.8830e+00 -8.9053e-01 +2.1011e-01 +4.6110e+00 -4.6307e+00 -3.7906e+00 +3.8730e+00 -2.1904e-01
37 0 +3.497955190e+01 -4.829304481e+02 -4.829304481e+02 -2.2865e-01 -2.0345e+00 +1.2358e+00 -2.5190e+00 +2.9245e+00 -1.1159e+00 +1.2364e+00 +3.9071e+00 +1.9969e+00 -2.2101e+00 +2.4484e+00 -2.3451e+00 +5.7915e+00 +8.9125e-01 +9.8590e-01 +1.3111e+00 -2.7169e+00 -1.7287e+00 -5.4198e-02 +1.6694e+00
% f evaluations | g evaluations | best noise-free fitness - Fopt (-5.721000000000e+01) + sum g_i+ | measured fitness | best measured fitness or single-digit g-values | x1 | x2...
1 0 +8.082507635e+01 +2.361507635e+01 +2.361507635e+01 +0.0000e+00 +0.0000e+00 +0.0000e+00 +0.0000e+00 +0.0000e+00 +0.0000e+00 +0.0000e+00 +0.0000e+00 +0.0000e+00 +0.0000e+00 +0.0000e+00 +0.0000e+00 +0.0000e+00 +0.0000e+00 +0.0000e+00 +0.0000e+00 +0.0000e+00 +0.0000e+00 +0.0000e+00 +0.0000e+00
5 0 +6.541880890e+01 +8.208808899e+00 +8.208808899e+00 +1.0088e+00 +7.6646e-01 -6.4523e-01 -8.3565e-01 -2.9271e-01 -3.5185e+00 +4.1618e-01 +4.0290e-01 -3.0679e+00 -1.6138e+00 +1.3121e+00 +2.1166e+00 -4.3684e-01 -2.4364e+00 -1.1737e+00 -1.6986e+00 -1.4418e+00 +1.8177e+00 -8.7479e-01 -2.9985e-01
7 0 +4.278280853e+01 -1.442719147e+01 -1.442719147e+01 -2.1031e+00 +9.2723e-01 +2.2169e-01 -2.1894e+00 -1.5219e+00 -2.7528e+00 -1.6396e+00 -3.3172e-01 -1.0208e+00 -4.3175e+00 +3.9163e-01 +1.7026e+00 +5.6180e+00 -2.1460e+00 -1.6506e+00 -5.4856e+00 -1.9917e+00 +1.9851e+00 -3.2473e+00 -2.2678e+00
