% f evaluations | g evaluations | best noise-free fitness - Fopt (-3.745000000000e+01) + sum g_i+ | measured fitness | best measured fitness or single-digit g-values | x1 | x2...
1 0 +3.992761284e+02 +3.618261284e+02 +3.618261284e+02 +0.0000e+00 +0.0000e+00 +0.0000e+00 +0.0000e+00 +0.0000e+00 +0.0000e+00 +0.0000e+00 +0.0000e+00 +0.0000e+00 +0.0000e+00 +0.0000e+00 +0.0000e+00 +0.0000e+00 +0.0000e+00 +0.0000e+00 +0.0000e+00 +0.0000e+00 +0.0000e+00 +0.0000e+00 +0.0000e+00
2 0 +3.875966366e+02 +3.501466366e+02 +3.501466366e+02 +8.9203e-01 +7.2238e+00 +1.9466e+00 -1.4450e+00 +2.6126e+00 +2.5098e+00 +7.9474e-01 -1.2768e+00 -1.3312e+00 -7.6491e-01 -7.7133e-01 +1.9439e+00 +3.0087e+00 -1.8231e+00 -1.8605e+00 -3.8308e-01 -1.6032e+00 -5.1848e-01 -1.2830e+00 -1.7474e+00
6 0 +3.560344177e+02 +3.185844177e+02 +3.185844177e+02 -1.1684e+00 +2.5387e+00 +4.0317e+00 -3.2326e+00 -1.8602e-01 +2.6908e-01 -8.1431e-01 +1.0624e+00 -1.3035e+00 -3.7085e+00 -1.6955e+00 +2.5130e+00 +8.7815e-01 -6.2469e-01 +2.0116e+00 +4.2628e+00 +7.0446e-01 +1.8622e+00 +5.0786e-01 +4.9333e-01
11 0 +2.876905838e+02 +2.502405838e+02 +2.502405838e+02 -3.5475e-01 +5.8031e+00 +3.3713e+00 +2.0766e-02 -7.7960e-01 +3.7887e+00 +3.4711e+00 -1.4880e+00 +3.1842e+00 +1.0467e+00 -2.1849e+00 +2.2494e+00 +1.2980e+00 +2.9301e+00 +3.4690e+00 -6.7296e-01 -2.2480e+00 +4.6710e+00 +9.4207e-01 -1.4769e+00
26 0 +2.124627708e+02 +1.750127708e+02 +1.750127708e+02 -1.9161e+00 +5.0198e+00 -1.3993e+00 -2.2054e+00 -8.5070e-01 +6.5513e-01 +2.9144e+00 +1.3317e+00 +9.3002e-01 +2.2660e+00 +7.3266e-01 +3.8245e+00 +3.5174e+00 -6.1004e-01 +4.5759e+00 +7.7002e+00 +1.2151e-02 +5.2725e+00 +7.3371e+00 -2.2938e+00
40 0 +1.953652021e+02 +1.579152021e+02 +1.579152021e+02 -3.3093e+00 +6.3190e+00 -3.9792e-01 -1.6176e+00 +2.6180e+00 +3.3079e+00 +3.8360e+00 +3.5461e-01 +2.3247e+00 +3.0359e+00 -4.9692e-01 +2.0839e+00 -1.0824e+00 +3.8042e-01 +4.5111e+00 +6.3999e+00 -2.4857e+00 +2.3878e+00 +1.0354e+01 -3.0925e+00
41 0 +1.844663067e+02 +1.470163067e+02 +1.470163067e+02 -2.9192e+00 +8.7829e+00 -4.8397e-02 -2.5618e+00 -1.3775e+00 +3.1278e+00 +4.4500e+00 -6.0199e-01 +4.0903e-02 -3.3084e+00 -8.2713e-01 +4.8331e+00 +1.9456e+00 -3.9969e+00 +4.7691e+00 +6.6318e+00 -2.5578e+00 +6.7747e+00 +5.1046e+00 -1.4954e+00
47 0 +1.813658187e+02 +1.439158187e+02 +1.439158187e+02 -2.9575e-01 +4.9040e+00 +1.2464e+00 +2.1586e-01 -1.9319e+00 +7.3630e-02 +2.1939e+00 -8.1713e-01 +2.7087e+00 -7.4296e-01 -1.3550e+00 +4.3672e+00 -5.3318e+00 -1.8291e+00 +1.7429e+00 +4.9994e+00 -1.4016e-01 +3.2968e+00 +1.0058e+01 -4.3048e+00
52 0 +1.182331320e+02 +8.078313198e+01 +8.078313198e+01 +1.4381e+00 +4.2069e+00 -7.5945e-01 -5.7077e+00 -2.3628e+00 +2.9325e+00 +6.4104e+00 +1.1657e+00 +2.9746e+00 +4.9613e+00 +1.8135e-01 +7.9747e+00 -1.5999e+00 -9.9595e-01 +3.4786e+00 +5.7888e+00 -2.1909e+00 +7.6142e+00 +9.3882e+00 -4.9419e+00
56 0 +8.521833430e+01 +4.776833430e+01 +4.776833430e+01 +1.6130e+00 +6.3105e+00 +2.9986e+00 -4.9761e+00 -3.2880e+00 +3.5406e+00 +2.7776e+00 -1.9047e+00 +4.3829e+00 +5.3542e-01 +3.9636e-01 +2.8957e+00 -4.9038e+00 -3.1494e-01 +4.9000e+00 +5.5749e+00 -5.4182e+00 +6.1455e+00 +6.3454e+00 -7.8992e+00
77 0 +5.556313446e+01 +1.811313446e+01 +1.811313446e+01 -3.3279e-01 +2.1729e+00 +2.7527e+00 -4.7891e+00 -1.9329e+00 +3.3350e+00 +1.2276e+00 -5.0035e+00 +6.5389e+00 +5.5214e+00 +4.9083e-01 +6.9771e+00 -9.1065e+00 -5.3952e+00 +2.6384e+00 +1.2670e+01 -9.2731e+00 +6.5951e+00 +1.3312e+01 -8.8969e+00
113 0 +4.644158337e+01 +8.991583370e+00 +8.991583370e+00 +2.1699e+00 +7.5526e-01 +2.6656e+00 -4.8938e+00 -4.9625e-01 +8.4859e+00 +7.7004e+00 -2.0265e+00 +1.6863e+01 +9.5221e+00 -7.3267e-01 +6.0804e+00 -7.9427e+00 -4.5503e+00 +7.7495e+00 +7.1452e+00 -1.1054e+01 +7.8799e+00 +1.1159e+01 -1.4124e+01
129 0 +3.940386658e+01 +1.953866581e+00 +1.953866581e+00 +4.6666e+00 +2.6848e+00 -9.3923e-02 -4.2619e+00 -4.3597e+00 +4.3119e+00 +3.0061e+00 -4.9361e+00 +4.8805e+00 +8.2362e+00 -6.2262e-01 +4.1768e+00 -7.6026e+00 -1.0258e+01 +5.5285e+00 +5.6299e+00 -6.8280e+00 +8.8921e+00 +1.4865e+01 -1.7236e+01
141 0 +1.688909790e+01 -2.056090210e+01 -2.056090210e+01 +1.0722e+01 +6.4129e+00 +7.8080e+00 -1.0363e+01 -4.1970e+00 +1.1971e+01 +5.5392e+00 -1.5329e+00 +2.3977e+01 +1.0149e+01 +2.7716e+00 +6.6656e+00 -1.3613e+01 -7.9359e+00 +7.0822e+00 +1.7563e+01 -5.0469e+00 +9.0941e+00 +1.6465e+01 -1.8674e+01
159 0 +1.061354193e+01 -2.683645807e+01 -2.683645807e+01 +1.0607e+01 +8.3608e+00 +9.0617e+00 -1.1359e+01 +1.5363e+00 +1.0554e+01 +1.2538e+01 -9.8717e+00 +1.3634e+01 +8.8849e+00 +1.1297e+01 +9.8932e+00 -1.0783e+01 -1.0189e+01 +5.6996e+00 +1.8960e+01 -9.3261e+00 +2.0017e+01 +1.7878e+01 -1.9867e+01
172 0 +6.902854064e+00 -3.054714594e+01 -3.054714594e+01 +7.8249e+00 +3.0926e+00 +1.2726e+00 -6.1185e+00 -6.7479e+00 +9.4641e+00 +6.6529e+00 -6.9936e+00 +1.2868e+01 +8.8017e+00 +9.9092e+00 +7.9221e+00 -1.0355e+01 -9.5941e+00 +6.5027e+00 +2.1546e+01 -9.8655e+00 +1.3136e+01 +1.2068e+01 -1.3984e+01
178 0 +2.779765767e+00 -3.467023423e+01 -3.467023423e+01 +1.1465e+01 +1.2945e+01 +4.7569e+00 -1.8029e+01 -1.0948e+01 +8.3214e+00 +1.1044e+01 -7.0679e+00 +2.4102e+01 +1.4411e+01 +4.2649e+00 +6.3009e+00 -1.0181e+01 -9.1149e+00 +7.4959e+00 +1.4828e+01 -1.0857e+01 +2.1355e+01 +1.5346e+01 -1.9254e+01
179 0 +2.675677752e+00 -3.477432225e+01 -3.477432225e+01 +9.2416e+00 +6.4971e+00 +7.3105e+00 -4.9504e+00 -6.3860e+00 +3.5792e+00 +8.6554e+00 -1.1005e+01 +9.0432e+00 +1.2203e+01 +6.4461e+00 +7.9813e+00 -1.8842e+01 -1.9276e+01 +5.2703e+00 +2.0707e+01 -1.0674e+01 +1.3745e+01 +1.4208e+01 -2.7056e+01
189 0 +0.000000000e+00 -3.745000000e+01 -3.745000000e+01 +8.8211e+00 +1.0782e+01 +1.1001e+01 -7.7305e+00 -1.0731e+01 +1.0184e+01 +1.1161e+01 -9.2324e+00 +1.3901e+01 +1.7808e+01 +6.9637e+00 +5.1747e+00 -2.0102e+01 -1.6479e+01 +1.1353e+01 +1.6853e+01 -9.6118e+00 +2.1037e+01 +1.7205e+01 -2.8107e+01
