% f evaluations | g evaluations | best noise-free fitness - Fopt (1.321800000000e+02) + sum g_i+ | measured fitness | best measured fitness or single-digit g-values | x1 | x2...
1 0 +7.427879767e+02 +8.749679767e+02 +8.749679767e+02 +0.0000e+00 +0.0000e+00 +0.0000e+00 +0.0000e+00 +0.0000e+00 +0.0000e+00 +0.0000e+00 +0.0000e+00 +0.0000e+00 +0.0000e+00 +0.0000e+00 +0.0000e+00 +0.0000e+00 +0.0000e+00 +0.0000e+00 +0.0000e+00 +0.0000e+00 +0.0000e+00 +0.0000e+00 +0.0000e+00
3 0 +6.027921802e+02 +7.349721802e+02 +7.349721802e+02 +1.4402e+00 -2.1676e+00 +3.4854e+00 -6.2194e+00 -1.6667e+00 -3.9842e+00 +1.7769e+00 -2.6544e+00 -1.7738e+00 +4.7609e-01 -1.3214e+00 +1.7245e+00 -1.7137e+00 +1.6975e+00 -4.2407e-01 -7.4129e-01 +1.1296e+00 +1.7754e+00 -1.2836e+00 -1.4382e+00
38 0 +5.608013251e+02 +6.929813251e+02 +6.929813251e+02 +1.5088e+00 -1.9456e+00 +1.0354e+00 -4.5607e+00 -1.2845e+00 +2.4205e-01 -2.8828e+00 -8.6397e-01 -2.0739e-01 -3.6242e+00 +2.2025e+00 +3.6849e-01 -4.3681e+00 +2.3663e+00 -3.2623e+00 -3.3162e-01 +4.5404e+00 +2.5963e+00 -3.4828e-01 +2.4402e+00
52 0 +4.876319069e+02 +6.198119069e+02 +6.198119069e+02 +3.7421e-02 -3.9458e+00 +1.4988e+00 -6.8262e+00 -1.1990e+00 -6.7784e-01 -9.2360e-02 -1.9944e+00 +3.5102e+00 -2.9185e-01 +6.0739e-01 +3.9433e+00 -4.8675e+00 +1.6895e+00 -5.2569e+00 +1.6205e+00 +3.4434e+00 +3.2625e+00 -1.7663e+00 -2.9254e-01
63 0 +4.766460982e+02 +6.088260982e+02 +6.088260982e+02 +1.2047e+00 -1.8625e+00 +2.2802e+00 -4.5761e+00 -9.2716e-01 -9.4149e-01 -1.3596e+00 -4.9789e-01 +3.5618e+00 -1.1179e+00 +7.2034e-01 +1.5814e+00 -1.1743e+00 -2.1945e+00 -5.3402e+00 -5.7242e-01 +1.0574e+00 +2.3982e+00 -1.3240e+00 +1.1095e+00
68 0 +4.665175953e+02 +5.986975953e+02 +5.986975953e+02 -3.8089e+00 -2.3323e+00 +4.0813e+00 -5.5401e+00 -9.3230e-01 -2.7817e+00 -4.1957e+00 -2.5007e+00 +1.2766e-01 -4.1677e+00 -2.7889e-01 +1.7469e-01 -2.8189e+00 +1.7273e+00 -2.0462e+00 +1.4081e+00 +1.4025e+00 +8.2768e-01 -1.8345e+00 +1.6720e-02
75 0 +3.848142238e+02 +5.169942238e+02 +5.169942238e+02 -1.0801e+00 -3.3561e+00 +1.3157e+00 -3.9397e+00 -1.0806e+00 -1.5575e+00 -3.1656e-01 -2.5482e+00 +1.9819e+00 -1.8638e+00 +1.0988e+00 -1.1788e-01 -5.6709e-01 +1.0953e+00 -2.4485e+00 +5.2296e-01 +1.2622e+00 +4.6763e+00 -1.4024e+00 -7.8779e-01
155 0 +3.394752708e+02 +4.716552708e+02 +4.716552708e+02 +2.3439e+00 -3.4645e+00 +3.2992e+00 -4.4486e+00 -3.2032e+00 +9.5350e-01 -1.6110e+00 -1.3595e+00 +2.1512e+00 -9.8865e-01 +6.9715e-01 +4.0552e+00 -2.4979e+00 +2.8325e+00 -3.3549e+00 +2.9295e+00 +2.0823e+00 +2.8579e+00 -2.5410e+00 +2.3824e+00
190 0 +2.997545016e+02 +4.319345016e+02 +4.319345016e+02 +1.1900e+00 -3.6560e+00 +2.6781e+00 -4.2581e+00 -2.5161e+00 +2.6969e+00 -2.7905e+00 -2.9590e-01 +2.5760e+00 -1.9053e+00 -8.4571e-01 +4.3372e+00 -1.6078e+00 +3.8368e+00 -3.6222e+00 +2.6956e+00 +1.3261e+00 +3.0773e+00 -2.2384e+00 +1.0186e+00
242 0 +2.879219653e+02 +4.201019653e+02 +4.201019653e+02 -8.2532e-01 -3.0500e+00 +1.6034e+00 -1.9717e+00 -4.4972e+00 +2.8325e+00 -1.7739e+00 -7.2947e-02 +1.7527e+00 +1.3087e+00 -8.1352e-01 +4.0077e+00 -3.6836e+00 +3.3973e+00 -2.7003e+00 +2.3827e+00 +1.6961e+00 +3.3043e+00 -1.6915e+00 +8.2268e-01
287 0 +2.779350703e+02 +4.101150703e+02 +4.101150703e+02 -9.6029e-01 -4.0176e+00 +3.8355e+00 -3.1668e+00 -2.5428e+00 +1.6433e+00 -3.6339e+00 -7.3692e-01 +8.1693e-01 +5.4347e-01 +7.5938e-01 +2.8521e+00 -3.2051e+00 +4.0404e+00 -2.8570e+00 +2.2401e+00 +1.2751e+00 +3.4145e+00 -2.1037e+00 +1.1301e+00
309 0 +2.723145352e+02 +4.044945352e+02 +4.044945352e+02 -4.7724e+00 -2.3827e+00 +2.3105e+00 -3.2342e+00 -4.2333e+00 +7.8179e-01 -1.5617e+00 +2.9200e-01 +8.9484e-01 -4.5477e-01 +1.9883e+00 +3.8820e+00 -1.9358e+00 +3.6630e+00 -3.8632e+00 +2.5767e+00 +1.6942e+00 +3.0839e+00 -1.7035e+00 -3.2633e-02
312 0 +2.604497054e+02 +3.926297054e+02 +3.926297054e+02 -2.5952e+00 -3.0779e+00 +3.4241e+00 -2.8744e+00 -4.3650e+00 +3.9526e-01 -1.9053e+00 +5.3545e-01 +2.0983e+00 +1.0606e+00 +1.2274e+00 +3.8705e+00 -3.4284e+00 +2.3448e+00 -4.6731e+00 +2.0823e+00 +2.0555e+00 +2.6252e+00 -7.7212e-01 +1.0369e+00
314 0 +2.431280316e+02 +3.753080316e+02 +3.753080316e+02 -2.6022e+00 -2.8829e+00 +3.5235e+00 -3.7280e+00 -4.2545e+00 -1.3503e+00 -2.0457e+00 -4.7548e-01 +2.1829e+00 +5.5450e-01 +9.9195e-01 +2.0922e+00 -2.7606e+00 +3.3058e+00 -3.9456e+00 +2.3871e+00 +1.2826e+00 +2.8221e+00 -1.4218e+00 -1.2274e-01
348 0 +2.392531277e+02 +3.714331277e+02 +3.714331277e+02 -1.6517e+00 -4.7970e+00 +5.1457e+00 -3.4003e+00 -4.4412e+00 -1.5169e+00 -1.7406e+00 -5.6360e-01 +1.4074e+00 +9.9519e-01 +1.3958e+00 +2.2421e+00 -8.3750e-01 +3.3393e+00 -3.6164e+00 +2.2628e+00 +1.7308e+00 +2.6127e+00 -6.7063e-01 +2.6783e-01
398 0 +2.275660883e+02 +3.597460883e+02 +3.597460883e+02 -1.2870e+00 -3.4671e+00 +1.9923e+00 -3.2055e+00 -5.7782e+00 +5.2314e-01 -1.5665e+00 -3.6987e-01 +2.7251e+00 -2.1003e-01 +1.8738e+00 +4.4705e+00 -7.2383e-01 +2.4437e+00 -3.9775e+00 +1.5762e+00 +1.7165e+00 +2.6996e+00 -1.2268e+00 +7.7080e-01
454 0 +2.130782866e+02 +3.452582866e+02 +3.452582866e+02 -1.6226e+00 -2.9190e+00 +2.4711e+00 -3.1026e+00 -3.4968e+00 -4.3633e-01 -1.0509e+00 -7.9627e-03 +1.7872e+00 +5.9306e-01 +1.2730e-01 +4.6012e+00 -1.5062e+00 +2.7397e+00 -4.0028e+00 +1.0029e+00 +1.6380e+00 +3.7108e+00 -7.7990e-01 +1.0748e+00
459 0 +2.088828726e+02 +3.410628726e+02 +3.410628726e+02 -7.1048e-01 -3.2524e+00 +2.4381e+00 -2.9633e+00 -2.7787e+00 -1.0070e-01 -1.0324e+00 -2.9782e-01 +1.6212e+00 -1.9411e-01 +1.2156e+00 +4.4398e+00 -2.2448e+00 +3.4299e+00 -4.0415e+00 +1.6530e+00 +1.7639e+00 +3.0632e+00 -7.6179e-01 +1.2195e+00
484 0 +1.881973250e+02 +3.203773250e+02 +3.203773250e+02 -3.9004e+00 -3.0151e+00 +2.5869e+00 -3.4663e+00 -3.8623e+00 -1.1626e+00 -1.7680e+00 +3.9696e-02 +1.8563e+00 +1.0628e+00 +1.6630e+00 +4.0400e+00 -1.3624e+00 +3.8110e+00 -4.2999e+00 +1.5523e+00 +1.5863e+00 +3.4382e+00 -1.2783e+00 +7.3291e-01
