% f evaluations | g evaluations | best noise-free fitness - Fopt (-4.822000000000e+01) + sum g_i+ | measured fitness | best measured fitness or single-digit g-values | x1 | x2...
1 0 +1.511162314e+02 +1.028962314e+02 +1.028962314e+02 +0.0000e+00 +0.0000e+00 +0.0000e+00 +0.0000e+00 +0.0000e+00
4 0 +1.380663972e+02 +8.984639720e+01 +8.984639720e+01 +7.5093e-01 -7.3969e-02 +1.3061e+00 -3.1197e+00 -2.6313e+00
9 0 +1.113481368e+02 +6.312813684e+01 +6.312813684e+01 -1.2550e+00 -1.4551e+00 -5.5599e-01 -1.9724e+00 -2.8848e+00
13 0 +8.804624922e+01 +3.982624922e+01 +3.982624922e+01 +2.4397e-01 +1.2569e+00 -4.7127e-01 -1.1131e+00 -3.0303e+00
39 0 +7.745533253e+01 +2.923533253e+01 +2.923533253e+01 +1.0505e+00 -2.9202e+00 -2.6769e+00 +4.4283e-03 -2.7476e+00
45 0 +7.311158787e+01 +2.489158787e+01 +2.489158787e+01 +1.9091e+00 +8.7280e-01 -1.6119e+00 -6.3048e-01 -4.9345e+00
48 0 +5.025950175e+01 +2.039501751e+00 +2.039501751e+00 +5.2203e-01 +4.4323e-01 -1.6252e+00 -4.8515e-01 -1.8066e+00
79 0 +4.276009515e+01 -5.459904854e+00 -5.459904854e+00 -1.9988e-01 -3.5048e-01 -1.1512e+00 -1.4443e+00 -2.6496e+00
110 0 +3.611864874e+01 -1.210135126e+01 -1.210135126e+01 -3.5585e-01 +5.0214e-01 -2.2655e+00 +1.6974e+00 -4.4977e+00
