% f evaluations | g evaluations | best noise-free fitness - Fopt (3.752000000000e+01) + sum g_i+ | measured fitness | best measured fitness or single-digit g-values | x1 | x2...
1 0 +1.154291979e+04 +1.158043979e+04 +1.158043979e+04 +0.0000e+00 +0.0000e+00 +0.0000e+00
2 0 +7.159282421e+03 +7.196802421e+03 +7.196802421e+03 +3.4179e+00 -3.3035e-01 +4.7011e-01
6 0 +5.145335656e+03 +5.182855656e+03 +5.182855656e+03 -1.3618e+00 -1.9664e+00 +2.2160e+00
8 0 +2.797903427e+03 +2.835423427e+03 +2.835423427e+03 -8.5964e-01 -1.3435e+00 +9.7719e-01
10 0 +5.510330147e+02 +5.885530147e+02 +5.885530147e+02 +5.8692e-02 -1.1614e+00 +2.8440e+00
12 0 +3.538172377e+02 +3.913372377e+02 +3.913372377e+02 +2.7593e+00 -1.3570e+00 +2.6161e+00
19 0 +4.516840788e+01 +8.268840788e+01 +8.268840788e+01 +7.5367e-01 -2.2335e+00 +1.8188e+00
25 0 +3.683483244e+01 +7.435483244e+01 +7.435483244e+01 +1.7402e+00 -2.3208e+00 +2.4526e+00
31 0 +1.299042867e+01 +5.051042867e+01 +5.051042867e+01 +5.8268e-01 -2.4304e+00 +2.0847e+00
