% f evaluations | g evaluations | best noise-free fitness - Fopt (6.870000000000e+00) + sum g_i+ | measured fitness | best measured fitness or single-digit g-values | x1 | x2...
1 0 +1.817093392e+01 +2.504093392e+01 +2.504093392e+01 +0.0000e+00 +0.0000e+00 +0.0000e+00 +0.0000e+00 +0.0000e+00 +0.0000e+00 +0.0000e+00 +0.0000e+00 +0.0000e+00 +0.0000e+00 +0.0000e+00 +0.0000e+00 +0.0000e+00 +0.0000e+00 +0.0000e+00 +0.0000e+00 +0.0000e+00 +0.0000e+00 +0.0000e+00 +0.0000e+00
3 0 +1.266893534e+01 +1.953893534e+01 +1.953893534e+01 +3.7040e+00 +2.0157e+00 -2.1781e+00 +3.2910e+00 -1.2013e+00 -4.2560e-01 +1.8539e-01 +5.5740e+00 -1.1562e+00 -1.7668e+00 +8.4783e-01 +1.5946e+00 +6.7057e-01 -5.1303e-01 +4.3674e+00 -2.2683e+00 -2.1800e+00 +5.4469e-01 +3.6710e-01 -3.3126e+00
4 0 +1.178873921e+01 +1.865873921e+01 +1.865873921e+01 +3.2456e+00 +2.9335e+00 -1.2357e+00 +3.3317e+00 -7.1853e-01 -3.8259e+00 -1.9372e+00 +4.3551e-01 +2.7075e+00 -1.2392e+00 +3.2355e+00 +6.9065e+00 +3.6720e+00 -7.9785e-01 +2.8021e+00 +2.1263e+00 +2.0488e+00 -4.1879e-01 -5.4307e-01 -6.3219e-01
11 0 +9.853006146e+00 +1.672300615e+01 +1.672300615e+01 +1.1513e+00 -3.8912e-01 -1.5382e+00 +1.3525e+00 -2.5995e+00 -4.4071e+00 -3.0627e+00 +3.7278e+00 +3.3011e+00 +2.6245e+00 +4.5153e-01 -1.6141e+00 +9.9199e-01 +2.8351e+00 +3.0467e+00 +4.0386e+00 +1.9341e+00 -2.2932e+00 -3.0585e+00 +5.6525e-01
14 0 +8.931520283e+00 +1.580152028e+01 +1.580152028e+01 -1.4286e+00 +7.0918e-01 -7.5151e-01 +2.0093e+00 -6.8466e-01 -3.7641e+00 -2.6054e+00 +9.8219e-01 +4.0236e+00 -1.9832e+00 +7.6843e-01 +5.5273e+00 -3.1492e-01 +4.7100e+00 +2.2305e+00 +1.7154e+00 +2.4919e+00 +3.6625e-01 -8.0561e-01 +1.7674e+00
22 0 +8.581119308e+00 +1.545111931e+01 +1.545111931e+01 +1.3871e-01 +2.7845e+00 -4.5727e-01 +2.4453e+00 +1.2736e+00 -1.6485e-01 -9.3174e-01 +3.3779e+00 +3.5459e+00 +1.7799e+00 +2.5795e+00 +3.3244e-01 +7.9242e-01 -8.8317e-01 +2.1046e-01 +1.9267e+00 +5.3290e-01 -2.7145e-01 +3.7106e-01 +6.9420e-01
27 0 +5.342278405e+00 +1.221227840e+01 +1.221227840e+01 -2.9635e-01 +8.6507e-01 +8.2004e-01 +1.6359e+00 +8.2043e-01 -3.4669e-01 -2.1440e+00 +2.5851e+00 -1.3149e+00 -2.4130e+00 +1.7093e+00 +1.7686e+00 -1.6280e+00 +8.2851e-01 -3.3066e-01 -3.6293e-01 +2.1022e+00 -1.8005e+00 -2.0276e+00 +2.2625e+00
83 0 +4.871189093e+00 +1.174118909e+01 +1.174118909e+01 +2.6387e+00 +1.8540e+00 -2.0252e+00 -1.0961e+00 -2.0713e-02 +1.7094e-02 -3.3519e+00 +1.9438e+00 +4.2931e-01 +5.8456e-01 -4.5029e+00 -1.6947e-01 +1.3009e+00 +5.3155e+00 -1.4739e+00 +1.0893e-04 +1.8431e+00 -3.1153e+00 +2.8629e+00 -2.6374e+00
136 0 +4.047168667e+00 +1.091716867e+01 +1.091716867e+01 +9.9764e-01 +1.9262e+00 +1.8464e+00 +1.4742e+00 +1.6095e+00 -1.0763e+00 -1.0628e+00 +1.4244e+00 +1.1303e+00 -5.2813e+00 -1.5767e+00 +3.6256e+00 +8.9280e-01 +1.2429e+00 +2.8279e+00 +7.7568e-01 +1.5721e+00 -5.3871e+00 +4.2817e+00 +2.5849e-03
