% f evaluations | g evaluations | best noise-free fitness - Fopt (-1.000000000000e+03) + sum g_i+ | measured fitness | best measured fitness or single-digit g-values | x1 | x2...
1 0 +8.287602554e+01 -9.171239745e+02 -9.171239745e+02 +0.0000e+00 +0.0000e+00 +0.0000e+00 +0.0000e+00 +0.0000e+00 +0.0000e+00 +0.0000e+00 +0.0000e+00 +0.0000e+00 +0.0000e+00 +0.0000e+00 +0.0000e+00 +0.0000e+00 +0.0000e+00 +0.0000e+00 +0.0000e+00 +0.0000e+00 +0.0000e+00 +0.0000e+00 +0.0000e+00
2 0 +7.931461272e+01 -9.206853873e+02 -9.206853873e+02 -4.3723e-01 -9.5006e-01 +2.2084e+00 -5.2565e-01 +2.1072e-01 -1.3943e+00 -2.3351e+00 -5.9643e-01 -1.8169e+00 -1.8901e-01 +1.5555e+00 -4.9933e-01 +3.1206e+00 -1.6636e-01 -2.6757e+00 -2.1158e-01 -4.5637e-01 +3.3831e-02 +2.4618e+00 -7.4023e-01
35 0 +7.707385629e+01 -9.229261437e+02 -9.229261437e+02 -1.0425e+00 -5.6849e+00 -1.9493e-01 -2.4743e+00 -3.3379e+00 -1.3918e+00 -1.9750e+00 -2.5591e+00 -1.7332e+00 +2.1216e+00 +3.4663e+00 +2.8101e-01 +3.9433e+00 +5.9863e-01 -9.7583e-01 -7.8005e-02 -9.0118e-01 +2.0696e-01 +2.6456e+00 -1.4068e+00
38 0 +7.482170178e+01 -9.251782982e+02 -9.251782982e+02 -6.9189e-01 +1.3375e+00 -9.7211e-01 -3.5145e+00 -1.0069e+00 -2.4772e+00 -2.8053e+00 -4.2689e+00 +3.4879e+00 -2.6369e+00 +5.2126e+00 +9.2974e-01 +3.7825e+00 +4.7857e-01 -2.2549e+00 -4.3480e+00 -8.0979e-01 -1.8756e-01 +2.5007e+00 -3.2470e+00
43 0 +7.289262252e+01 -9.271073775e+02 -9.271073775e+02 +1.1470e+00 -6.0637e-01 +5.9375e-01 -3.1373e+00 -2.0731e+00 -1.9441e+00 -1.4132e+00 -2.2406e+00 +2.6811e-01 +1.0794e+00 +2.8235e+00 -2.3500e-01 -2.3528e-02 +1.8329e+00 -2.1423e+00 -2.9869e+00 -4.7289e-01 -2.8028e+00 +1.7814e+00 -1.4038e+00
50 0 +6.501126641e+01 -9.349887336e+02 -9.349887336e+02 -2.9448e-01 -1.6503e+00 +7.1093e-01 -2.7457e+00 -1.9772e+00 -2.2453e+00 -2.2538e+00 -2.4821e+00 +7.3495e-01 +1.5420e+00 +2.0660e+00 +3.5792e-01 +1.8830e+00 +1.2419e+00 -1.7296e+00 -2.9967e+00 -6.4945e-03 -1.9515e+00 +1.0175e+00 -1.8855e+00
% f evaluations | g evaluations | best noise-free fitness - Fopt (1.000000000000e+03) + sum g_i+ | measured fitness | best measured fitness or single-digit g-values | x1 | x2...
1 0 +8.367961493e+01 +1.083679615e+03 +1.083679615e+03 +0.0000e+00 +0.0000e+00 +0.0000e+00 +0.0000e+00 +0.0000e+00 +0.0000e+00 +0.0000e+00 +0.0000e+00 +0.0000e+00 +0.0000e+00 +0.0000e+00 +0.0000e+00 +0.0000e+00 +0.0000e+00 +0.0000e+00 +0.0000e+00 +0.0000e+00 +0.0000e+00 +0.0000e+00 +0.0000e+00
3 0 +8.159442098e+01 +1.081594421e+03 +1.081594421e+03 -2.9919e+00 -1.9975e-01 -1.5526e+00 -1.2415e+00 -6.0783e-02 -2.1376e+00 -2.3069e+00 +1.0680e+00 -1.0588e+00 -1.7884e+00 -1.2547e+00 +1.9905e+00 -1.5318e+00 -2.5547e+00 -4.8971e-02 -5.6157e-01 +1.6385e+00 -8.4235e-01 -7.4490e-01 -8.9652e-01
8 0 +7.990589961e+01 +1.079905900e+03 +1.079905900e+03 -1.4988e+00 +2.2239e+00 +2.3092e+00 -8.6112e-01 -1.4410e+00 +2.0274e-01 -1.0592e+00 +2.8598e-01 +1.5562e+00 -2.8773e-01 +5.8855e-02 +1.7358e+00 +1.2568e+00 +3.2611e-01 -1.6499e+00 -7.7384e-01 -1.5658e+00 +2.0751e+00 -1.0916e+00 +1.6910e+00
17 0 +7.703817058e+01 +1.077038171e+03 +1.077038171e+03 +8.4114e-01 +2.6195e+00 +1.0877e+00 +1.0697e+00 -9.0561e-01 +1.1988e+00 -1.2532e-01 -3.9947e-01 -2.6390e+00 +1.7144e+00 -2.1041e-01 +3.4679e+00 -6.7473e-02 -1.5896e+00 +6.3800e-01 -2.3504e-01 -3.0765e+00 +3.2568e+00 -1.4715e+00 -3.0088e+00
50 0 +7.427716828e+01 +1.074277168e+03 +1.074277168e+03 -2.1667e+00 +7.4027e-01 -7.9079e-02 +1.5165e+00 -1.3981e+00 +8.4146e-01 -7.9103e-01 -3.0272e-01 -1.4752e+00 -1.6225e-01 +1.0588e+00 +1.6620e+00 +1.9343e+00 -1.8555e+00 -1.0258e-01 -2.4365e+00 +2.5414e-01 +3.0912e+00 +1.1239e+00 -1.0224e+00
% f evaluations | g evaluations | best noise-free fitness - Fopt (-4.913000000000e+01) + sum g_i+ | measured fitness | best measured fitness or single-digit g-values | x1 | x2...
1 0 +8.282343011e+01 +3.369343011e+01 +3.369343011e+01 +0.0000e+00 +0.0000e+00 +0.0000e+00 +0.0000e+00 +0.0000e+00 +0.0000e+00 +0.0000e+00 +0.0000e+00 +0.0000e+00 +0.0000e+00 +0.0000e+00 +0.0000e+00 +0.0000e+00 +0.0000e+00 +0.0000e+00 +0.0000e+00 +0.0000e+00 +0.0000e+00 +0.0000e+00 +0.0000e+00
5 0 +8.072620093e+01 +3.159620093e+01 +3.159620093e+01 +1.2840e+00 -3.7754e-01 +5.3414e-01 +1.3845e+00 -1.0480e+00 +2.1307e+00 -1.2336e-01 +1.4395e+00 -5.8879e-01 +1.6540e+00 -6.4988e-01 -1.4848e-01 +1.1435e+00 -4.7877e-01 -2.5087e+00 -1.1496e+00 +1.1762e+00 +1.4794e+00 -3.1974e-01 +9.0928e-01
28 0 +7.189549215e+01 +2.276549215e+01 +2.276549215e+01 -2.2810e+00 -1.1021e+00 -2.6742e-01 +3.1908e+00 -9.4778e-01 +2.1260e+00 +6.1264e-01 +2.7126e+00 +3.3435e+00 +1.0288e+00 -5.6625e-01 -7.4602e-01 +2.8674e+00 -1.4196e+00 -1.7040e+00 -1.5577e+00 -2.8518e+00 -2.7373e+00 -4.4178e+00 +3.6532e+00
37 0 +6.944186568e+01 +2.031186568e+01 +2.031186568e+01 +6.2712e-01 -2.4673e-01 -2.7720e-01 +7.1746e-01 +3.1178e+00 +2.2568e+00 -3.7532e-01 +4.4161e-01 +8.0815e-01 +3.2802e+00 -6.0523e-01 -1.3020e+00 +1.7221e+00 -3.0562e+00 +9.9179e-02 -5.0157e+00 -1.1838e+00 -1.8298e+00 -2.0752e+00 +1.5642e+00
50 0 +6.508774902e+01 +1.595774902e+01 +1.595774902e+01 +9.2408e-01 -8.2640e-01 +1.5458e+00 +1.9303e+00 +1.1755e+00 +1.5254e+00 +1.4344e+00 +2.4737e+00 +1.2936e+00 +1.8161e+00 -2.3108e+00 -2.7186e+00 +1.8027e+00 -1.6376e+00 +1.3556e-01 -2.0297e+00 -5.6438e-01 -3.3688e+00 -2.5264e+00 +4.4899e+00
% f evaluations | g evaluations | best noise-free fitness - Fopt (2.977300000000e+02) + sum g_i+ | measured fitness | best measured fitness or single-digit g-values | x1 | x2...
1 0 +7.754602683e+01 +3.752760268e+02 +3.752760268e+02 +0.0000e+00 +0.0000e+00 +0.0000e+00 +0.0000e+00 +0.0000e+00 +0.0000e+00 +0.0000e+00 +0.0000e+00 +0.0000e+00 +0.0000e+00 +0.0000e+00 +0.0000e+00 +0.0000e+00 +0.0000e+00 +0.0000e+00 +0.0000e+00 +0.0000e+00 +0.0000e+00 +0.0000e+00 +0.0000e+00
42 0 +6.949477666e+01 +3.672247767e+02 +3.672247767e+02 -5.1586e+00 +3.1706e+00 -1.3769e+00 -2.3666e+00 +1.9617e-01 -3.3597e+00 -6.0470e-01 -2.0807e-01 +3.8935e+00 -1.8182e+00 -2.4762e+00 +3.8496e+00 -3.7458e-01 -3.6189e+00 +3.0555e+00 +1.1486e-01 +2.7880e-01 +2.6736e+00 -3.2495e+00 -6.8364e-01
50 0 +5.935020795e+01 +3.570802080e+02 +3.570802080e+02 -3.0724e+00 +3.2341e+00 -2.4812e-01 -2.6065e+00 +5.5397e-01 -1.3949e+00 -1.5951e+00 -2.7217e-01 +1.9239e+00 -9.3293e-01 -2.1546e+00 +2.8478e+00 -6.0748e-01 -2.3519e+00 +3.4539e-01 +8.4967e-02 +1.1394e+00 +2.6686e+00 -1.9699e+00 +9.4659e-01
% f evaluations | g evaluations | best noise-free fitness - Fopt (5.157000000000e+01) + sum g_i+ | measured fitness | best measured fitness or single-digit g-values | x1 | x2...
1 0 +8.156121458e+01 +1.331312146e+02 +1.331312146e+02 +0.0000e+00 +0.0000e+00 +0.0000e+00 +0.0000e+00 +0.0000e+00 +0.0000e+00 +0.0000e+00 +0.0000e+00 +0.0000e+00 +0.0000e+00 +0.0000e+00 +0.0000e+00 +0.0000e+00 +0.0000e+00 +0.0000e+00 +0.0000e+00 +0.0000e+00 +0.0000e+00 +0.0000e+00 +0.0000e+00
6 0 +8.149302529e+01 +1.330630253e+02 +1.330630253e+02 +1.8579e+00 +4.5490e-01 -2.1092e-01 +2.2878e+00 -1.1220e+00 +6.5305e-01 +1.9919e+00 +3.8369e-01 +2.1693e+00 -1.1311e+00 +3.5403e-01 -2.8313e+00 +1.0108e+00 +2.2734e+00 +4.1647e-01 +1.4143e+00 +8.2056e-01 -1.7278e+00 +3.2525e+00 -5.9279e-01
7 0 +8.058673686e+01 +1.321567369e+02 +1.321567369e+02 -2.3225e+00 -8.2023e-01 +3.1108e-01 +8.4485e-01 -1.4890e+00 -3.7239e-02 +3.1498e+00 -2.5414e+00 -1.4145e+00 +2.3423e-01 +1.4802e+00 +1.6278e+00 -2.3587e+00 -1.8004e+00 +1.8694e+00 +5.2328e-01 -1.9591e+00 -7.5762e-01 +4.1535e-01 -3.0746e-01
14 0 +7.758325649e+01 +1.291532565e+02 +1.291532565e+02 +8.2104e-01 +1.8230e+00 +4.9883e-01 +1.6919e+00 -1.4688e+00 -2.7067e+00 +2.1120e+00 -2.4419e+00 -6.6416e-01 -5.4977e-01 +1.5567e+00 +9.3356e-01 -1.4906e+00 -3.3716e+00 +5.9738e+00 -1.6691e+00 +1.5054e+00 -3.0124e+00 -8.6104e-01 -2.4054e+00
26 0 +7.553956110e+01 +1.271095611e+02 +1.271095611e+02 -1.5758e-01 +1.8368e+00 +1.8295e-01 +9.3478e-02 +1.6048e+00 -6.0233e-01 +2.3898e+00 -2.9044e+00 -1.7833e+00 -1.9037e+00 +3.4495e+00 -9.7786e-01 -1.1140e+00 -3.4731e+00 +2.8314e-01 +5.3156e-01 -2.0717e+00 +2.8405e-01 -1.7718e-01 -2.7641e+00
