% f evaluations | g evaluations | best noise-free fitness - Fopt (-6.211100000000e+02) + sum g_i+ | measured fitness | best measured fitness or single-digit g-values | x1 | x2...
1 0 +4.288577618e+08 +4.288571407e+08 +4.288571407e+08 +0.0000e+00 +0.0000e+00 +0.0000e+00 +0.0000e+00 +0.0000e+00 +0.0000e+00 +0.0000e+00 +0.0000e+00 +0.0000e+00 +0.0000e+00 +0.0000e+00 +0.0000e+00 +0.0000e+00 +0.0000e+00 +0.0000e+00 +0.0000e+00 +0.0000e+00 +0.0000e+00 +0.0000e+00 +0.0000e+00
6 0 +4.024196194e+08 +4.024189983e+08 +4.024189983e+08 -2.6630e+00 +3.8956e+00 +8.9997e-01 -1.7398e+00 -6.6714e+00 -8.4208e-01 +1.8858e-01 +2.9673e+00 +1.8767e+00 +7.5678e-01 +6.9188e-01 -3.0554e+00 -5.4208e+00 +3.6234e+00 -3.5309e-01 +6.9076e-01 -2.8116e-01 +3.5838e-01 +3.1817e+00 +1.9992e+00
12 0 +2.196626906e+08 +2.196620695e+08 +2.196620695e+08 +1.2439e+00 +4.0109e+00 +1.3189e+00 -1.2532e+00 +1.4993e+00 -3.3507e-01 -2.7154e+00 +2.9593e+00 -1.3219e+00 +3.2868e+00 -1.8905e+00 +4.9891e-01 -3.8326e-01 -5.6074e-01 +2.7278e+00 -2.5801e+00 -2.9002e+00 -1.8190e+00 +1.9172e+00 -1.2970e+00
13 0 +2.013769938e+08 +2.013763727e+08 +2.013763727e+08 +4.7525e-01 +1.9067e+00 -4.6235e+00 -1.6070e+00 +4.1605e+00 -1.3501e+00 -3.0431e+00 +2.0289e+00 -1.8223e+00 -2.2997e+00 +1.3112e-01 +1.2929e+00 -1.5817e+00 +3.0856e+00 +4.9684e+00 +1.9493e-02 -8.4779e-01 +2.3864e+00 +6.7043e-01 +1.0805e+00
23 0 +1.858892785e+08 +1.858886574e+08 +1.858886574e+08 +5.8319e-01 +5.1691e+00 -4.4038e+00 -3.3511e+00 -3.9250e-01 +1.7358e+00 -9.1426e-02 +3.0005e+00 +1.0502e+00 -7.8018e-01 -1.0028e+00 -2.3539e+00 +9.8040e-02 +3.1124e+00 +1.8420e+00 -5.0738e+00 -4.3831e+00 +1.0888e+00 +3.4387e+00 +1.6401e+00
24 0 +1.295213152e+08 +1.295206940e+08 +1.295206940e+08 -1.0347e+00 +3.1165e+00 -4.6397e+00 -2.0245e+00 -1.6434e+00 -1.9499e+00 -5.8991e-01 -1.2526e+00 +1.9995e+00 +6.4803e-01 +6.0056e-01 -8.5933e-01 +1.2508e+00 +1.2940e+00 +2.8742e+00 -8.6517e-01 -9.4215e-01 +1.5747e+00 +2.8696e+00 -1.8518e+00
% f evaluations | g evaluations | best noise-free fitness - Fopt (-2.548200000000e+02) + sum g_i+ | measured fitness | best measured fitness or single-digit g-values | x1 | x2...
1 0 +6.098664382e+08 +6.098661834e+08 +6.098661834e+08 +0.0000e+00 +0.0000e+00 +0.0000e+00 +0.0000e+00 +0.0000e+00 +0.0000e+00 +0.0000e+00 +0.0000e+00 +0.0000e+00 +0.0000e+00 +0.0000e+00 +0.0000e+00 +0.0000e+00 +0.0000e+00 +0.0000e+00 +0.0000e+00 +0.0000e+00 +0.0000e+00 +0.0000e+00 +0.0000e+00
7 0 +3.283485375e+08 +3.283482826e+08 +3.283482826e+08 +2.5533e+00 -3.6841e+00 -1.8882e+00 -3.0805e+00 -5.9524e-01 -3.0050e+00 -7.2688e-01 +2.3489e+00 -8.3389e-01 +1.9487e+00 -1.5346e+00 +6.3833e+00 -2.1973e+00 -7.0596e-01 -1.1823e+00 -4.2060e-01 +3.0227e+00 -9.8310e-01 +2.8368e-01 -7.0218e-01
17 0 +2.740687181e+08 +2.740684633e+08 +2.740684633e+08 +1.0718e+00 -4.0638e+00 -9.1790e-01 +6.3163e-01 +4.0529e-01 -5.2936e+00 -2.3063e+00 +4.3345e+00 +2.0904e-02 +1.2356e+00 -4.8905e-01 +9.3194e-01 -2.3045e+00 -1.5387e+00 -3.8315e+00 +7.6237e-02 +2.9912e+00 -8.3803e-01 -1.0046e+00 +9.6292e-01
28 0 +1.312630875e+08 +1.312628327e+08 +1.312628327e+08 +3.3435e+00 +5.8618e-01 -1.6620e+00 +2.0725e-01 -2.2771e+00 -5.2474e+00 -7.4753e-01 +3.0686e+00 -1.2141e+00 +1.6111e+00 +2.7151e-01 +2.4228e+00 -2.0925e+00 -5.4794e-01 -8.2964e-01 -8.2653e-02 +3.4531e+00 -1.7699e+00 -1.1208e+00 -6.8400e-01
% f evaluations | g evaluations | best noise-free fitness - Fopt (5.661000000000e+01) + sum g_i+ | measured fitness | best measured fitness or single-digit g-values | x1 | x2...
1 0 +2.859133070e+08 +2.859133636e+08 +2.859133636e+08 +0.0000e+00 +0.0000e+00 +0.0000e+00 +0.0000e+00 +0.0000e+00 +0.0000e+00 +0.0000e+00 +0.0000e+00 +0.0000e+00 +0.0000e+00 +0.0000e+00 +0.0000e+00 +0.0000e+00 +0.0000e+00 +0.0000e+00 +0.0000e+00 +0.0000e+00 +0.0000e+00 +0.0000e+00 +0.0000e+00
5 0 +2.259026015e+08 +2.259026581e+08 +2.259026581e+08 -2.1658e+00 -3.8873e-01 -1.0427e+00 -6.8117e-01 -1.8320e-01 +4.9966e-01 -2.3994e+00 -5.6980e+00 -1.0240e+00 +1.8026e+00 +1.0418e+00 +8.1371e-01 +1.0345e+00 +3.0035e+00 -5.2734e-01 +2.0956e+00 +1.7444e+00 -4.7350e+00 -1.3102e+00 -7.9503e-01
6 0 +1.865385066e+08 +1.865385632e+08 +1.865385632e+08 -1.1738e+00 -5.4014e-01 +1.4711e+00 +7.2627e-01 -1.9399e+00 -2.3152e+00 +1.0722e+00 -2.5411e+00 -1.4369e+00 -4.6826e-02 -3.6462e-01 -5.2692e-01 +1.8874e+00 -1.3624e-01 +1.5035e+00 +1.0995e+00 +2.8940e+00 -1.3859e+00 +2.8697e+00 -3.7328e+00
31 0 +1.369523267e+08 +1.369523833e+08 +1.369523833e+08 -2.5582e+00 -8.3642e-01 -1.6806e+00 +3.6321e-01 -2.3958e+00 -3.8313e-01 +7.1839e-01 -1.4808e+00 +2.5802e-01 +3.0735e+00 +3.0871e-02 -5.5511e-01 +7.6148e-01 -9.9211e-01 -1.3927e+00 +4.0521e+00 +9.0134e-01 -1.4501e+00 -1.6215e+00 -6.2722e-01
46 0 +1.254304233e+08 +1.254304799e+08 +1.254304799e+08 -5.4520e+00 +6.2860e-01 -3.4456e+00 +2.4009e+00 -1.8687e+00 -8.6992e-01 +2.4858e+00 +4.2941e-01 -1.3186e+00 +3.6078e+00 +5.9178e-01 -2.8971e-01 +1.8971e+00 +4.1968e+00 -1.5695e+00 +4.2268e+00 -1.1595e+00 -2.1172e+00 +3.0651e+00 -4.4228e+00
% f evaluations | g evaluations | best noise-free fitness - Fopt (-1.810000000000e+01) + sum g_i+ | measured fitness | best measured fitness or single-digit g-values | x1 | x2...
1 0 +1.629154048e+08 +1.629153867e+08 +1.629153867e+08 +0.0000e+00 +0.0000e+00 +0.0000e+00 +0.0000e+00 +0.0000e+00 +0.0000e+00 +0.0000e+00 +0.0000e+00 +0.0000e+00 +0.0000e+00 +0.0000e+00 +0.0000e+00 +0.0000e+00 +0.0000e+00 +0.0000e+00 +0.0000e+00 +0.0000e+00 +0.0000e+00 +0.0000e+00 +0.0000e+00
2 0 +1.263863539e+08 +1.263863358e+08 +1.263863358e+08 -1.2039e-01 +2.3953e+00 -3.2262e+00 +1.4213e+00 -6.3014e-01 +8.5664e-01 +9.1161e-01 -3.4847e+00 +8.5044e-01 +9.3636e-01 -1.4130e+00 -1.1695e+00 +2.6414e+00 -1.1016e+00 -1.8966e+00 -1.3033e+00 +1.8131e+00 -2.9955e-01 +2.1138e+00 -1.3560e+00
20 0 +1.168817623e+08 +1.168817442e+08 +1.168817442e+08 -3.4878e-01 +5.8599e-01 -1.4527e+00 +4.2741e+00 +1.3045e+00 +1.1987e+00 -3.8275e+00 +1.6177e+00 +1.6983e+00 +1.3943e+00 +1.1311e+00 -2.7436e+00 +1.0063e+00 -8.3837e-01 -2.7205e+00 +8.6777e-01 +1.2959e+00 -1.5304e+00 +3.9060e+00 +2.7004e-01
% f evaluations | g evaluations | best noise-free fitness - Fopt (3.777000000000e+01) + sum g_i+ | measured fitness | best measured fitness or single-digit g-values | x1 | x2...
1 0 +9.102553206e+07 +9.102556983e+07 +9.102556983e+07 +0.0000e+00 +0.0000e+00 +0.0000e+00 +0.0000e+00 +0.0000e+00 +0.0000e+00 +0.0000e+00 +0.0000e+00 +0.0000e+00 +0.0000e+00 +0.0000e+00 +0.0000e+00 +0.0000e+00 +0.0000e+00 +0.0000e+00 +0.0000e+00 +0.0000e+00 +0.0000e+00 +0.0000e+00 +0.0000e+00
