% f evaluations | g evaluations | best noise-free fitness - Fopt (-6.300000000000e+00) + sum g_i+ | measured fitness | best measured fitness or single-digit g-values | x1 | x2...
1 0 +1.831961742e+04 +1.831331742e+04 +1.831331742e+04 +0.0000e+00 +0.0000e+00 +0.0000e+00 +0.0000e+00 +0.0000e+00 +0.0000e+00 +0.0000e+00 +0.0000e+00 +0.0000e+00 +0.0000e+00 +0.0000e+00 +0.0000e+00 +0.0000e+00 +0.0000e+00 +0.0000e+00 +0.0000e+00 +0.0000e+00 +0.0000e+00 +0.0000e+00 +0.0000e+00
32 0 +8.357859133e+03 +8.351559133e+03 +8.351559133e+03 -1.5410e-02 +1.3480e+00 +7.2379e-02 +4.8132e-01 +5.3053e-01 -9.9498e-01 +7.1311e-01 -2.1001e+00 -6.5665e-01 +2.6224e+00 -8.2763e-01 -3.5615e-01 -3.6373e+00 +1.4867e+00 -7.2831e-01 +2.0294e+00 -3.6637e+00 +6.0988e-01 -3.2091e+00 -2.5611e-01
52 0 +7.962156475e+03 +7.955856475e+03 +7.955856475e+03 +4.0221e-02 +3.6719e+00 +1.1054e+00 +1.8471e+00 +2.3582e+00 -2.8338e+00 -9.1835e-01 -2.9534e+00 +5.6484e-01 +2.8064e+00 -2.3037e+00 -1.7461e+00 -2.9960e+00 +3.0163e+00 -1.6381e+00 +2.1399e-01 -3.1603e+00 -1.8538e+00 -1.7253e+00 -1.2581e+00
57 0 +4.652195430e+03 +4.645895430e+03 +4.645895430e+03 -5.3796e-01 -1.3966e+00 -1.3609e+00 +5.0382e-01 +1.7882e+00 -1.8442e+00 -2.0764e-02 -2.5846e+00 +1.1479e+00 -1.0504e+00 -1.5158e+00 -6.6017e-01 -2.6208e+00 +1.2148e-01 -3.0142e-01 -2.9391e-01 -4.9492e-01 -2.3191e+00 -8.0653e-01 -1.7265e+00
112 0 +1.817632217e+03 +1.811332217e+03 +1.811332217e+03 -1.8813e+00 +1.5092e+00 -5.2202e-01 +8.9747e-01 +1.1689e+00 -2.5479e+00 -2.0763e+00 +8.3843e-01 +9.8132e-03 +5.6862e-01 -2.3580e+00 +1.4821e+00 -1.7832e+00 -2.7497e-02 -3.0867e+00 +9.3908e-01 -2.4340e+00 -3.5309e-01 -8.5902e-01 -2.5220e+00
124 0 +1.692185470e+02 +1.629185470e+02 +1.629185470e+02 -7.0861e-01 +1.1864e+00 -2.3191e+00 +1.2377e+00 +1.2285e+00 -7.9783e-01 -5.5543e-01 +4.0435e-01 -2.9576e-01 +9.6852e-02 -1.1730e+00 +2.5668e+00 -2.4037e+00 +1.3421e+00 -2.0564e+00 +3.6755e-01 -1.9538e+00 -2.3516e+00 -1.4958e+00 -1.7501e+00
154 0 +1.623319799e+02 +1.560319799e+02 +1.560319799e+02 -1.6543e+00 -1.8913e-02 -3.3619e+00 +1.1794e+00 -1.8223e+00 +4.9569e-01 +1.0286e+00 +2.4836e-01 +1.8312e+00 +1.1867e+00 -1.4680e+00 -3.0176e-01 -2.5729e+00 -2.1143e-01 -1.7053e+00 +2.3393e+00 -1.1891e+00 -1.3391e+00 -1.6434e+00 -1.0556e+00
178 0 +5.139207466e+01 +4.509207466e+01 +4.509207466e+01 -1.6244e+00 +3.7966e-01 -3.2080e+00 +9.2087e-01 +6.0741e-01 -9.0712e-01 +1.9449e+00 -1.2512e+00 +2.7395e+00 +1.6023e+00 -6.3625e-01 +2.5535e+00 -1.2787e+00 +1.4214e+00 -9.6783e-01 +2.5916e+00 -1.0471e+00 -1.0871e+00 -2.4029e+00 -1.3436e+00
202 0 +3.991170299e+00 -2.308829701e+00 -2.308829701e+00 -6.5374e-01 +5.0397e-01 -1.3412e+00 +1.4295e+00 +4.4215e-01 -4.2655e-01 -6.6168e-01 -1.1558e-01 +2.1966e-01 +1.1179e+00 -1.1277e+00 +1.5986e+00 -1.8539e+00 +1.1656e+00 -1.6911e+00 +1.8755e+00 -1.7720e+00 -1.8714e+00 -2.1253e+00 -1.4537e+00
