% f evaluations | g evaluations | best noise-free fitness - Fopt (6.559900000000e+02) + sum g_i+ | measured fitness | best measured fitness or single-digit g-values | x1 | x2...
1 0 +5.500000000e+01 +7.109900000e+02 +7.109900000e+02 +0.0000e+00 +0.0000e+00
2 0 +3.912172584e+01 +6.951117258e+02 +6.951117258e+02 -3.6225e-01 -1.6241e+00
6 0 +2.094572771e+01 +6.769357277e+02 +6.769357277e+02 +3.3376e-01 -3.3721e+00
10 0 +4.981100927e+00 +6.609711009e+02 +6.609711009e+02 +9.2750e-01 -4.9091e+00
15 0 +4.422495959e+00 +6.604124960e+02 +6.604124960e+02 +5.7750e-01 -7.6510e+00
19 0 +2.693757512e+00 +6.586837575e+02 +6.586837575e+02 +2.3062e+00 -5.0275e+00
21 0 +1.583490611e+00 +6.575734906e+02 +6.575734906e+02 +3.4165e+00 -9.0485e+00
22 0 +7.785800462e-01 +6.567685800e+02 +6.567685800e+02 +4.2214e+00 -8.5081e+00
31 0 +0.000000000e+00 +6.559900000e+02 +6.559900000e+02 +6.9909e+00 -8.9873e+00
