% f evaluations | g evaluations | best noise-free fitness - Fopt (-6.211100000000e+02) + sum g_i+ | measured fitness | best measured fitness or single-digit g-values | x1 | x2...
1 0 +4.523086186e+07 +4.523024075e+07 +4.523024075e+07 +0.0000e+00 +0.0000e+00 +0.0000e+00 +0.0000e+00 +0.0000e+00 +0.0000e+00 +0.0000e+00 +0.0000e+00 +0.0000e+00 +0.0000e+00
9 0 +3.265518354e+07 +3.265456243e+07 +3.265456243e+07 +9.8329e-01 +3.3683e+00 +4.0002e-01 -7.9737e-01 -8.9674e-01 +1.1176e+00 -1.3658e-01 -1.2700e+00 +4.5423e+00 -3.7637e-01
16 0 +1.714955576e+07 +1.714893465e+07 +1.714893465e+07 +2.1179e+00 +4.1550e+00 -6.3836e-01 -2.7953e+00 +5.0330e-01 -3.6680e-03 -3.0818e-01 -1.3912e+00 +7.1585e-01 -3.2410e-01
26 0 +1.500749858e+07 +1.500687747e+07 +1.500687747e+07 -1.2595e+00 +3.6409e+00 -1.1588e+00 -1.4241e+00 +1.5833e-01 +3.6114e-01 +1.5527e+00 +1.4193e+00 +1.4472e+00 +7.7063e-01
32 0 +6.169828593e+06 +6.169207483e+06 +6.169207483e+06 -1.0137e+00 +3.6615e+00 -6.6698e-02 -2.4373e+00 -3.9963e-01 +1.3329e-01 +7.2638e-01 -1.7237e-01 +1.5220e+00 -4.1305e-01
% f evaluations | g evaluations | best noise-free fitness - Fopt (-2.548200000000e+02) + sum g_i+ | measured fitness | best measured fitness or single-digit g-values | x1 | x2...
1 0 +1.781801414e+08 +1.781798866e+08 +1.781798866e+08 +0.0000e+00 +0.0000e+00 +0.0000e+00 +0.0000e+00 +0.0000e+00 +0.0000e+00 +0.0000e+00 +0.0000e+00 +0.0000e+00 +0.0000e+00
3 0 +9.798761025e+07 +9.798735543e+07 +9.798735543e+07 -7.9372e-01 +3.7016e+00 -2.2064e+00 -3.3263e+00 -8.6509e-01 +2.0914e+00 -4.4326e+00 -5.5569e-01 +4.9150e-01 +2.4906e-01
4 0 +8.306099007e+07 +8.306073525e+07 +8.306073525e+07 -3.1784e-02 +2.8541e+00 +6.4122e-01 +2.8085e-01 -7.4620e-01 +4.4950e-01 +2.5190e+00 +2.5059e+00 +5.5371e-01 -2.1370e+00
5 0 +6.961543749e+07 +6.961518267e+07 +6.961518267e+07 +1.7546e+00 +5.0201e-03 -1.2638e+00 -2.5229e+00 +1.2230e+00 -5.4825e-01 -1.4061e+00 +1.7761e-02 -7.7717e-01 +3.2415e+00
7 0 +6.907074030e+07 +6.907048548e+07 +6.907048548e+07 +2.8725e+00 +2.6923e+00 -1.0148e+00 -2.7439e+00 +2.1465e+00 +5.4776e-01 +1.4056e+00 -1.8785e+00 +9.8793e-01 -3.3262e-01
12 0 +4.207122766e+07 +4.207097284e+07 +4.207097284e+07 +1.0881e+00 +2.7682e+00 -8.1000e-01 +8.6611e-01 -1.8241e+00 +9.9749e-01 +3.1250e+00 +1.2896e+00 +1.7279e-01 +2.7497e+00
22 0 +3.289337703e+07 +3.289312221e+07 +3.289312221e+07 +2.9379e+00 +2.7365e+00 -1.0584e+00 -1.0221e+00 -6.5933e-01 +3.6033e-01 +2.0355e+00 -1.1689e+00 +5.9106e-01 +2.7845e+00
28 0 +2.905290269e+07 +2.905264787e+07 +2.905264787e+07 +2.3062e+00 +9.9494e-01 -1.4219e+00 +1.4361e-01 -1.1407e+00 -1.2949e+00 -6.3879e-01 +1.3966e+00 +1.5099e+00 +1.0664e+00
32 0 +2.162132668e+07 +2.162107186e+07 +2.162107186e+07 +2.4040e+00 +1.7325e+00 -1.4748e+00 -6.9702e-01 -9.3357e-01 -1.9512e-01 +1.9686e-01 +4.6377e-01 +1.3186e+00 +1.6538e+00
% f evaluations | g evaluations | best noise-free fitness - Fopt (5.661000000000e+01) + sum g_i+ | measured fitness | best measured fitness or single-digit g-values | x1 | x2...
1 0 +2.160529482e+08 +2.160530049e+08 +2.160530049e+08 +0.0000e+00 +0.0000e+00 +0.0000e+00 +0.0000e+00 +0.0000e+00 +0.0000e+00 +0.0000e+00 +0.0000e+00 +0.0000e+00 +0.0000e+00
3 0 +1.302455471e+08 +1.302456037e+08 +1.302456037e+08 +1.1200e+00 -2.5861e+00 -3.3258e+00 +2.0420e+00 -1.0236e-01 +1.0376e+00 +1.6868e+00 +7.6017e-01 +3.4336e+00 -1.1302e+00
12 0 +6.045221077e+07 +6.045226738e+07 +6.045226738e+07 -2.6330e+00 -1.1877e+00 -8.4611e-01 +8.2393e-01 -1.0000e-01 -1.3626e+00 -7.1558e-01 -1.5775e+00 +1.7184e-01 -1.3556e+00
25 0 +4.886009932e+07 +4.886015593e+07 +4.886015593e+07 -2.6180e+00 -2.0481e+00 -1.9539e+00 +5.3185e-01 +1.1590e+00 -1.7476e+00 -9.1424e-01 -3.0629e-01 -1.3497e-01 +1.3818e+00
26 0 +4.595036272e+07 +4.595041933e+07 +4.595041933e+07 -2.2966e+00 -2.9560e+00 -2.6921e+00 +1.1434e+00 +1.7784e+00 -3.2431e+00 +5.8303e-01 -2.0214e+00 +1.5178e+00 +2.5719e-01
32 0 +3.902224378e+07 +3.902230039e+07 +3.902230039e+07 -2.7181e+00 -2.3948e+00 -2.1951e+00 +1.1891e+00 +4.6295e-01 -2.3218e+00 -1.1248e-01 -1.1916e+00 +1.1261e+00 +2.3857e-01
% f evaluations | g evaluations | best noise-free fitness - Fopt (-1.810000000000e+01) + sum g_i+ | measured fitness | best measured fitness or single-digit g-values | x1 | x2...
1 0 +1.051796638e+08 +1.051796457e+08 +1.051796457e+08 +0.0000e+00 +0.0000e+00 +0.0000e+00 +0.0000e+00 +0.0000e+00 +0.0000e+00 +0.0000e+00 +0.0000e+00 +0.0000e+00 +0.0000e+00
4 0 +5.803895319e+07 +5.803893509e+07 +5.803893509e+07 -6.1193e-01 -6.0382e-01 -3.8537e-01 +3.6952e-01 +2.7001e+00 +7.8806e-01 +9.7672e-01 -2.7279e+00 -5.7759e-01 +5.6937e-01
16 0 +2.322887197e+07 +2.322885387e+07 +2.322885387e+07 -1.0246e+00 -6.3835e-01 +8.3873e-01 +4.0700e+00 +3.4181e+00 -8.1836e-01 -4.8417e-01 -1.8152e+00 +2.0247e-02 -2.0767e-01
% f evaluations | g evaluations | best noise-free fitness - Fopt (3.777000000000e+01) + sum g_i+ | measured fitness | best measured fitness or single-digit g-values | x1 | x2...
1 0 +5.387250641e+07 +5.387254418e+07 +5.387254418e+07 +0.0000e+00 +0.0000e+00 +0.0000e+00 +0.0000e+00 +0.0000e+00 +0.0000e+00 +0.0000e+00 +0.0000e+00 +0.0000e+00 +0.0000e+00
3 0 +3.851186456e+07 +3.851190233e+07 +3.851190233e+07 +1.3828e-01 +3.6490e+00 +1.7038e+00 -7.9469e-01 +2.9350e+00 +2.6344e-01 -1.5860e+00 +1.9312e+00 -4.5373e-01 +7.5943e-01
16 0 +2.656593247e+07 +2.656597024e+07 +2.656597024e+07 -6.7485e-01 +1.6900e+00 +6.8378e-01 +3.1034e+00 +3.2600e+00 -1.9073e+00 -3.4095e+00 +3.5633e+00 +1.8430e+00 +1.3909e+00
17 0 +2.573289736e+07 +2.573293513e+07 +2.573293513e+07 -1.7085e+00 +1.1950e+00 +1.1247e-01 +2.5811e-01 +3.8095e+00 +1.3125e+00 -1.9906e+00 +1.3733e+00 -1.9820e-01 -3.1756e+00
29 0 +1.706461758e+07 +1.706465535e+07 +1.706465535e+07 +5.4432e-02 -1.3236e-01 +6.5863e-01 +7.3944e-01 +3.4301e+00 -2.4321e+00 -2.2976e+00 +2.5888e+00 +1.0516e+00 -3.3689e+00
32 0 +1.311324972e+07 +1.311328749e+07 +1.311328749e+07 -4.1087e-01 +1.1994e+00 +1.3038e+00 +2.2717e-01 +3.1730e+00 -1.3783e+00 -1.5263e+00 +2.3354e+00 +6.4975e-01 -2.6143e+00
