% f evaluations | g evaluations | best noise-free fitness - Fopt (-6.211100000000e+02) + sum g_i+ | measured fitness | best measured fitness or single-digit g-values | x1 | x2...
1 0 +4.288577618e+08 +4.288571407e+08 +4.288571407e+08 +0.0000e+00 +0.0000e+00 +0.0000e+00 +0.0000e+00 +0.0000e+00 +0.0000e+00 +0.0000e+00 +0.0000e+00 +0.0000e+00 +0.0000e+00 +0.0000e+00 +0.0000e+00 +0.0000e+00 +0.0000e+00 +0.0000e+00 +0.0000e+00 +0.0000e+00 +0.0000e+00 +0.0000e+00 +0.0000e+00
6 0 +4.249995346e+08 +4.249989135e+08 +4.249989135e+08 +1.3770e+00 -1.0601e+00 +1.1508e-01 -2.4421e+00 +1.2563e+00 +4.5332e-01 -3.2271e+00 +4.7871e-02 +1.0040e+00 -2.0699e-01 +1.3079e-01 -8.2938e-01 +1.9746e-01 +2.5774e-01 +3.1380e+00 -1.7086e+00 +4.3046e-01 -2.5431e+00 +4.0560e+00 +3.2890e-01
8 0 +1.482953375e+08 +1.482947164e+08 +1.482947164e+08 -1.3281e+00 +4.8508e+00 +2.3458e-01 -2.7372e+00 +1.8349e+00 +5.1716e-01 +4.7823e-01 +2.8038e+00 +2.7899e+00 +3.1920e+00 -2.8838e-01 +1.3685e+00 +1.5652e+00 -1.5590e-01 -1.9090e+00 -2.9212e-01 +1.6429e+00 -4.0150e+00 -1.3891e+00 +2.4552e+00
24 0 +1.090438944e+08 +1.090432733e+08 +1.090432733e+08 -9.4591e-01 +2.7681e+00 +1.1987e+00 -4.3739e+00 -6.6920e-01 -1.6898e+00 -7.0527e-01 +1.5575e-02 +2.4570e+00 +9.1135e-01 -9.1527e-01 +1.0115e+00 +6.2367e-01 +1.1496e+00 +7.2199e-01 +9.5144e-01 +1.8043e+00 -2.3499e+00 -1.3620e+00 +2.0877e+00
50 0 +4.918159036e+07 +4.918096925e+07 +4.918096925e+07 +1.1066e-01 +4.8479e+00 +2.2816e+00 -4.6228e+00 -2.0409e+00 -7.9842e-01 +1.2478e+00 +6.5027e-01 +1.9793e+00 +2.0618e+00 -2.0203e-02 +2.4233e+00 +1.5735e+00 +2.5871e+00 +1.6076e+00 -2.4384e+00 +2.0522e+00 -2.3848e+00 +7.2923e-01 -3.5061e-01
% f evaluations | g evaluations | best noise-free fitness - Fopt (-2.548200000000e+02) + sum g_i+ | measured fitness | best measured fitness or single-digit g-values | x1 | x2...
1 0 +6.098664382e+08 +6.098661834e+08 +6.098661834e+08 +0.0000e+00 +0.0000e+00 +0.0000e+00 +0.0000e+00 +0.0000e+00 +0.0000e+00 +0.0000e+00 +0.0000e+00 +0.0000e+00 +0.0000e+00 +0.0000e+00 +0.0000e+00 +0.0000e+00 +0.0000e+00 +0.0000e+00 +0.0000e+00 +0.0000e+00 +0.0000e+00 +0.0000e+00 +0.0000e+00
12 0 +2.729270606e+08 +2.729268058e+08 +2.729268058e+08 +2.3198e+00 +2.0953e+00 +1.3645e+00 +3.5430e+00 -1.7368e+00 -1.6167e+00 +3.3492e-01 -6.2756e-01 -1.9085e+00 +1.8923e+00 +2.9704e+00 -2.1757e-01 -1.0743e+00 +3.2494e-02 -1.8333e+00 +1.4106e+00 +1.0407e-01 -7.0966e-01 -1.6312e+00 +1.3197e+00
22 0 +2.008968074e+08 +2.008965526e+08 +2.008965526e+08 +2.4241e+00 +1.3058e+00 +1.3341e+00 -1.7405e+00 -1.8578e+00 -2.6087e+00 -3.2429e+00 -2.0895e-01 +1.5275e+00 -2.0511e+00 +2.1702e+00 +8.2424e-01 +1.5768e+00 +1.8559e+00 +1.0729e+00 +3.6088e-01 +1.5065e+00 -2.9928e+00 +5.2805e-01 -2.2594e-01
24 0 +1.307496201e+08 +1.307493652e+08 +1.307493652e+08 +2.2007e+00 -1.8275e+00 +6.9479e-01 +1.0893e+00 -1.2034e+00 -3.2792e+00 -1.7595e+00 -1.1656e+00 -1.0704e+00 +2.1567e+00 +5.2297e-01 +3.5038e+00 -1.9350e+00 -1.1957e+00 -2.6267e+00 -2.3687e+00 +1.2066e+00 -1.2468e+00 -7.8137e-01 +3.8999e+00
28 0 +1.179343565e+08 +1.179341017e+08 +1.179341017e+08 +4.2424e+00 +8.4522e-01 +1.2665e+00 -2.9746e+00 -3.0334e+00 -3.8288e+00 -2.0700e+00 +3.1021e+00 -2.8280e+00 +1.2165e-01 +1.5532e+00 +2.5196e+00 -3.0594e+00 +3.3562e+00 -2.6132e+00 -2.0621e+00 +2.8091e+00 -6.0912e-01 +4.1771e-01 +3.4235e+00
50 0 +8.941009749e+07 +8.940984267e+07 +8.940984267e+07 +3.7509e+00 +4.3751e-01 +1.5060e+00 -7.8043e-01 -3.0962e+00 -1.2269e+00 -1.0843e+00 +2.0801e+00 -3.1132e+00 +2.4756e+00 +2.6096e+00 +1.1843e+00 -2.1400e+00 +3.3875e+00 -3.0048e+00 -1.2424e+00 +3.3404e-01 -9.8651e-01 -1.2466e+00 +4.1053e+00
% f evaluations | g evaluations | best noise-free fitness - Fopt (5.661000000000e+01) + sum g_i+ | measured fitness | best measured fitness or single-digit g-values | x1 | x2...
1 0 +2.859133070e+08 +2.859133636e+08 +2.859133636e+08 +0.0000e+00 +0.0000e+00 +0.0000e+00 +0.0000e+00 +0.0000e+00 +0.0000e+00 +0.0000e+00 +0.0000e+00 +0.0000e+00 +0.0000e+00 +0.0000e+00 +0.0000e+00 +0.0000e+00 +0.0000e+00 +0.0000e+00 +0.0000e+00 +0.0000e+00 +0.0000e+00 +0.0000e+00 +0.0000e+00
6 0 +2.272258299e+08 +2.272258865e+08 +2.272258865e+08 +1.0473e+00 +4.1160e-01 +1.4096e-01 +1.0646e+00 +9.8849e-01 +2.1448e+00 -1.5401e+00 -1.5064e+00 +5.0953e-01 +7.1872e-01 +1.7710e+00 +2.7920e-01 -1.2883e+00 -8.5619e-01 -3.7966e+00 +1.6016e+00 -1.5011e+00 -2.6460e+00 +3.0497e+00 -2.1380e+00
9 0 +1.596210864e+08 +1.596211430e+08 +1.596211430e+08 -3.1509e+00 -1.3677e+00 -6.5767e-01 +2.0720e+00 -2.1527e+00 -1.9747e+00 +7.8971e-01 +5.6270e-01 -1.2388e+00 +1.4947e+00 -7.9444e-01 +1.6202e+00 +7.9227e-01 +1.1831e-01 +5.4957e-01 +1.0591e+00 -1.8050e+00 +1.1980e+00 -3.5595e-01 +6.1906e-01
17 0 +1.323540291e+08 +1.323540857e+08 +1.323540857e+08 -1.8229e+00 -2.8647e+00 -2.7513e+00 +3.3687e+00 -1.4189e+00 -4.8221e-01 +4.2320e-02 -1.0912e+00 -1.2528e+00 +4.2620e-02 +9.1570e-01 +2.7661e+00 +1.0313e+00 +2.7154e+00 +1.3423e-01 +2.1400e+00 -4.5212e-01 -1.4935e+00 -1.2524e+00 +8.9349e-01
40 0 +1.293268597e+08 +1.293269163e+08 +1.293269163e+08 -1.4884e+00 -1.0597e+00 -2.3156e+00 +8.9328e-01 -2.7737e+00 -5.2111e-01 -2.3297e+00 -2.0443e+00 +1.0048e-02 +2.7901e-01 -7.9081e-01 -9.3493e-02 +3.5265e+00 +8.0454e-01 -4.6308e-02 +8.1918e-01 -3.4231e+00 +1.3641e+00 +1.7603e+00 -2.3236e+00
42 0 +1.035753478e+08 +1.035754045e+08 +1.035754045e+08 -3.4179e-01 -3.2149e-01 -3.4446e+00 +8.6007e-03 -2.5838e+00 -3.5318e-02 -6.0486e-01 +1.0012e+00 -9.3984e-01 +1.9590e+00 +2.2245e+00 +2.8921e+00 +1.0115e+00 +9.9774e-01 -1.3292e+00 -2.7597e-01 -1.9233e+00 -8.1464e-01 +1.1562e+00 -6.7558e-01
50 0 +8.486903313e+07 +8.486908974e+07 +8.486908974e+07 -1.0352e+00 -1.5184e-01 -2.3847e+00 +1.0451e+00 -1.7140e+00 -3.2706e-01 -1.1126e+00 -9.1180e-01 -3.5775e-01 +1.0909e+00 +1.0453e+00 +1.8820e+00 +1.8401e+00 +9.0357e-01 -6.9449e-01 +1.8017e-01 -2.1884e+00 -1.4371e-02 +1.8672e+00 -2.1516e+00
% f evaluations | g evaluations | best noise-free fitness - Fopt (-1.810000000000e+01) + sum g_i+ | measured fitness | best measured fitness or single-digit g-values | x1 | x2...
1 0 +1.629154048e+08 +1.629153867e+08 +1.629153867e+08 +0.0000e+00 +0.0000e+00 +0.0000e+00 +0.0000e+00 +0.0000e+00 +0.0000e+00 +0.0000e+00 +0.0000e+00 +0.0000e+00 +0.0000e+00 +0.0000e+00 +0.0000e+00 +0.0000e+00 +0.0000e+00 +0.0000e+00 +0.0000e+00 +0.0000e+00 +0.0000e+00 +0.0000e+00 +0.0000e+00
14 0 +1.417574316e+08 +1.417574135e+08 +1.417574135e+08 -2.0676e+00 -7.4912e-01 +4.2677e-01 +7.8814e-01 +1.5328e+00 +1.1877e+00 -2.4650e+00 -6.4720e-01 -7.7021e-01 +9.7235e-01 -1.4657e+00 -5.8578e-01 +9.8812e-02 +2.3434e+00 +1.0706e-01 -3.4589e-01 +2.4460e+00 -3.2364e+00 +1.0148e-01 +1.7066e+00
17 0 +1.025082317e+08 +1.025082136e+08 +1.025082136e+08 -2.8952e+00 -1.7393e-01 +1.7628e+00 -4.5986e-01 +6.9423e-01 -1.8789e+00 +2.7651e-01 +8.8592e-02 -1.3241e+00 +1.5515e+00 -2.9502e+00 -1.7882e-01 +1.5234e+00 -1.9106e+00 -1.7662e+00 -1.7060e+00 -1.1815e-01 -3.6811e+00 +1.3427e+00 +3.8152e+00
28 0 +8.956296103e+07 +8.956294293e+07 +8.956294293e+07 -7.7243e-01 -4.3595e-01 +1.0136e-01 -9.0222e-01 -1.8093e-01 +2.2200e+00 -4.2036e-01 -4.5154e-01 +2.2449e+00 -2.3586e+00 -2.2448e+00 -2.8780e+00 +1.6461e+00 -1.3318e+00 +1.1573e-01 +6.9799e-01 -2.0081e+00 -2.3401e+00 +2.7195e+00 +6.7155e-01
39 0 +8.219111491e+07 +8.219109681e+07 +8.219109681e+07 +4.6390e-03 -1.3592e+00 +7.8423e-01 -1.8052e-01 +1.4798e-01 +9.2017e-01 +1.0354e+00 +3.1392e-01 +1.3506e+00 +3.4012e-01 +5.3061e-01 -7.7455e-01 +2.1529e+00 +5.4026e-01 -8.8639e-01 -1.6507e+00 -5.1039e-01 -5.5019e+00 +3.3116e+00 +2.2162e+00
44 0 +7.768610967e+07 +7.768609157e+07 +7.768609157e+07 +8.9299e-01 -2.0141e-01 +3.2768e+00 +1.0914e+00 -2.2538e-02 +1.8257e+00 -1.4483e+00 -1.7911e+00 +3.1568e+00 +6.7850e-01 -2.5516e+00 -3.0341e+00 +2.1532e+00 +1.6875e+00 -5.3873e-01 +5.9216e-01 -5.8508e-01 -3.0519e+00 +1.4973e+00 +2.5331e+00
50 0 +6.069678837e+07 +6.069677027e+07 +6.069677027e+07 +1.9705e-02 -1.0861e+00 +1.8122e+00 +8.6537e-01 -5.1568e-01 +8.8136e-01 -1.7901e-01 -4.7245e-01 +1.9490e+00 +4.2328e-01 -1.7343e+00 -2.1861e+00 +2.0694e+00 +4.6202e-01 -7.2670e-01 +1.1741e-01 -9.1826e-01 -3.6632e+00 +2.3451e+00 +2.8673e+00
% f evaluations | g evaluations | best noise-free fitness - Fopt (3.777000000000e+01) + sum g_i+ | measured fitness | best measured fitness or single-digit g-values | x1 | x2...
1 0 +9.102553206e+07 +9.102556983e+07 +9.102556983e+07 +0.0000e+00 +0.0000e+00 +0.0000e+00 +0.0000e+00 +0.0000e+00 +0.0000e+00 +0.0000e+00 +0.0000e+00 +0.0000e+00 +0.0000e+00 +0.0000e+00 +0.0000e+00 +0.0000e+00 +0.0000e+00 +0.0000e+00 +0.0000e+00 +0.0000e+00 +0.0000e+00 +0.0000e+00 +0.0000e+00
41 0 +9.041721226e+07 +9.041725003e+07 +9.041725003e+07 -1.3396e+00 +3.3130e+00 +1.4250e+00 +8.7779e-01 +9.7004e-01 -3.1564e+00 -1.5659e+00 +4.5299e-01 -1.0260e+00 +9.0988e-01 +8.2449e-01 -3.0398e-01 -1.9971e+00 -3.1081e+00 -1.1962e+00 +3.3493e+00 -3.5914e+00 +2.6929e-01 +2.6033e+00 +4.9765e-01
50 0 +5.103430982e+07 +5.103434759e+07 +5.103434759e+07 -1.7583e-01 +1.2301e+00 +2.0078e+00 +2.8245e-01 +1.7569e+00 -3.6421e+00 -2.1292e+00 +9.6923e-01 -1.0797e+00 +4.4938e-01 +7.9051e-01 -6.8765e-01 -1.9341e-02 -1.5599e+00 +8.6867e-01 +2.9816e+00 -2.7739e+00 -2.2516e-01 +1.6721e+00 +6.5777e-01
