% f evaluations | g evaluations | best noise-free fitness - Fopt (7.766000000000e+01) + sum g_i+ | measured fitness | best measured fitness or single-digit g-values | x1 | x2...
1 0 +7.513059916e+01 +1.527905992e+02 +1.527905992e+02 +0.0000e+00 +0.0000e+00 +0.0000e+00
5 0 +5.905138261e+01 +1.367113826e+02 +1.367113826e+02 +1.5922e+00 +1.4304e+00 +4.9236e-01
11 0 +4.787454831e+01 +1.255345483e+02 +1.255345483e+02 +1.3487e-01 +1.3346e+00 +4.8899e-01
15 0 +4.635554132e+01 +1.240155413e+02 +1.240155413e+02 +1.3992e+00 +6.7407e-01 +3.7631e-01
23 0 +4.550914412e+01 +1.231691441e+02 +1.231691441e+02 +4.6251e-01 +1.4424e+00 +1.0202e+00
24 0 +3.838570682e+01 +1.160457068e+02 +1.160457068e+02 +2.1347e+00 +6.7737e-02 +6.1859e-01
31 0 +3.338642156e+01 +1.110464216e+02 +1.110464216e+02 +6.5525e-01 -1.2286e+00 +1.0356e+00
55 0 +2.869016798e+01 +1.063501680e+02 +1.063501680e+02 +1.5345e+00 -1.0129e-01 +6.5411e-01
66 0 +2.664164704e+01 +1.043016470e+02 +1.043016470e+02 +4.4276e-01 +1.2578e+00 +5.6896e-01
