% f evaluations | g evaluations | best noise-free fitness - Fopt (-5.235000000000e+01) + sum g_i+ | measured fitness | best measured fitness or single-digit g-values | x1 | x2...
1 0 +3.680316576e+01 -1.554683424e+01 -1.554683424e+01 +0.0000e+00 +0.0000e+00 +0.0000e+00 +0.0000e+00 +0.0000e+00 +0.0000e+00 +0.0000e+00 +0.0000e+00 +0.0000e+00 +0.0000e+00 +0.0000e+00 +0.0000e+00 +0.0000e+00 +0.0000e+00 +0.0000e+00 +0.0000e+00 +0.0000e+00 +0.0000e+00 +0.0000e+00 +0.0000e+00
47 0 +3.400747979e+01 -1.834252021e+01 -1.834252021e+01 +3.1972e+00 -4.9633e-01 +2.3599e+00 -5.1449e-01 -1.1433e+00 -6.5072e-01 +2.6352e-01 -1.2348e+00 -1.4526e+00 -3.1425e+00 +4.2654e+00 -7.5518e-01 +8.3235e-01 -3.9255e+00 +9.4764e-01 -5.4240e-01 -7.9430e-01 +1.9595e+00 +9.5897e-01 -3.2254e+00
48 0 +2.465951986e+01 -2.769048014e+01 -2.769048014e+01 +2.0370e+00 -2.6079e-01 -1.5917e-01 -3.6297e+00 +2.9862e-01 +1.7721e+00 -1.5335e+00 -6.2467e-01 +2.1765e+00 +1.2745e+00 +3.8031e+00 +2.2709e+00 +1.6454e+00 -2.7887e+00 -3.3091e+00 +1.6337e+00 -3.4907e+00 +2.2329e+00 +2.2666e+00 -2.1504e+00
% f evaluations | g evaluations | best noise-free fitness - Fopt (-1.795400000000e+02) + sum g_i+ | measured fitness | best measured fitness or single-digit g-values | x1 | x2...
1 0 +5.080463025e+01 -1.287353697e+02 -1.287353697e+02 +0.0000e+00 +0.0000e+00 +0.0000e+00 +0.0000e+00 +0.0000e+00 +0.0000e+00 +0.0000e+00 +0.0000e+00 +0.0000e+00 +0.0000e+00 +0.0000e+00 +0.0000e+00 +0.0000e+00 +0.0000e+00 +0.0000e+00 +0.0000e+00 +0.0000e+00 +0.0000e+00 +0.0000e+00 +0.0000e+00
28 0 +4.333436860e+01 -1.362056314e+02 -1.362056314e+02 +3.4945e-01 -4.5905e+00 -8.0434e-01 +3.0452e+00 -5.4555e-01 +1.6563e+00 -1.4127e+00 +3.2581e+00 +8.3718e-01 -6.3903e-01 -2.8216e+00 -1.9864e+00 +5.6643e-01 +1.4132e+00 +1.0733e+00 -2.3228e+00 +1.8299e+00 +8.0527e-01 -2.5731e+00 -3.8280e+00
29 0 +3.186560124e+01 -1.476743988e+02 -1.476743988e+02 +3.9867e+00 -1.1153e+00 -3.1714e+00 +4.6943e+00 -9.7008e-01 -3.0902e-01 +3.0069e+00 +2.1924e+00 +1.3964e+00 +4.1029e-01 -2.8166e+00 +1.0340e+00 -7.0935e+00 +1.7640e+00 -1.1997e-01 -3.0868e+00 +3.1330e+00 +2.4563e+00 -1.7201e+00 -3.3226e+00
% f evaluations | g evaluations | best noise-free fitness - Fopt (7.731000000000e+01) + sum g_i+ | measured fitness | best measured fitness or single-digit g-values | x1 | x2...
1 0 +2.420831801e+01 +1.015183180e+02 +1.015183180e+02 +0.0000e+00 +0.0000e+00 +0.0000e+00 +0.0000e+00 +0.0000e+00 +0.0000e+00 +0.0000e+00 +0.0000e+00 +0.0000e+00 +0.0000e+00 +0.0000e+00 +0.0000e+00 +0.0000e+00 +0.0000e+00 +0.0000e+00 +0.0000e+00 +0.0000e+00 +0.0000e+00 +0.0000e+00 +0.0000e+00
% f evaluations | g evaluations | best noise-free fitness - Fopt (3.992000000000e+01) + sum g_i+ | measured fitness | best measured fitness or single-digit g-values | x1 | x2...
1 0 +7.115444340e+01 +1.110744434e+02 +1.110744434e+02 +0.0000e+00 +0.0000e+00 +0.0000e+00 +0.0000e+00 +0.0000e+00 +0.0000e+00 +0.0000e+00 +0.0000e+00 +0.0000e+00 +0.0000e+00 +0.0000e+00 +0.0000e+00 +0.0000e+00 +0.0000e+00 +0.0000e+00 +0.0000e+00 +0.0000e+00 +0.0000e+00 +0.0000e+00 +0.0000e+00
2 0 +6.785242816e+01 +1.077724282e+02 +1.077724282e+02 -9.4068e-01 +1.0123e-01 +1.5964e+00 -4.0777e+00 -4.5222e-01 +2.8143e+00 -1.8621e+00 -8.2681e-01 -5.4971e-01 -1.6424e+00 +6.5227e-01 -1.7702e+00 -7.7504e-01 +5.7064e+00 -2.1581e+00 +1.2058e+00 +5.3563e+00 +1.6002e+00 +1.7958e+00 +1.4821e-01
13 0 +5.753358710e+01 +9.745358710e+01 +9.745358710e+01 +1.4092e+00 +9.2784e-01 +5.2826e+00 -3.6546e+00 +2.7166e+00 +1.5677e+00 -4.5523e+00 -3.6249e+00 +4.7716e-01 -6.3105e-01 +1.0290e+00 +4.7216e-01 -1.3902e+00 +2.5590e+00 -5.1265e-01 +4.4211e+00 -5.3421e-01 +8.4272e-01 +6.1986e-02 +1.4190e+00
14 0 +4.486401931e+01 +8.478401931e+01 +8.478401931e+01 +4.3256e+00 +1.9414e+00 +4.4941e+00 -5.6378e+00 +2.0741e+00 +1.5518e+00 -2.5768e+00 -1.5148e+00 +2.6050e-01 -2.9664e-01 +7.1553e-01 -4.4135e+00 -1.2190e+00 +4.9508e+00 -3.5420e+00 +2.5864e+00 -3.0358e+00 +1.0928e+00 +3.9355e-01 +3.2199e+00
% f evaluations | g evaluations | best noise-free fitness - Fopt (-5.661000000000e+01) + sum g_i+ | measured fitness | best measured fitness or single-digit g-values | x1 | x2...
1 0 +3.349009678e+01 -2.311990322e+01 -2.311990322e+01 +0.0000e+00 +0.0000e+00 +0.0000e+00 +0.0000e+00 +0.0000e+00 +0.0000e+00 +0.0000e+00 +0.0000e+00 +0.0000e+00 +0.0000e+00 +0.0000e+00 +0.0000e+00 +0.0000e+00 +0.0000e+00 +0.0000e+00 +0.0000e+00 +0.0000e+00 +0.0000e+00 +0.0000e+00 +0.0000e+00
13 0 +2.488222831e+01 -3.172777169e+01 -3.172777169e+01 -2.9375e+00 +5.7401e-02 +1.8105e+00 +6.7469e-01 +9.6745e-01 -3.1533e+00 +4.8079e+00 -5.2923e+00 -1.0063e+00 -1.6161e+00 +8.8688e-01 -9.3944e-01 +2.7502e+00 +2.3680e+00 -2.3297e+00 +1.1553e+00 -1.4904e+00 +1.0227e+00 +5.7211e-01 -1.4034e+00
