% f evaluations | g evaluations | best noise-free fitness - Fopt (-5.235000000000e+01) + sum g_i+ | measured fitness | best measured fitness or single-digit g-values | x1 | x2...
1 0 +3.680316576e+01 -1.554683424e+01 -1.554683424e+01 +0.0000e+00 +0.0000e+00 +0.0000e+00 +0.0000e+00 +0.0000e+00 +0.0000e+00 +0.0000e+00 +0.0000e+00 +0.0000e+00 +0.0000e+00 +0.0000e+00 +0.0000e+00 +0.0000e+00 +0.0000e+00 +0.0000e+00 +0.0000e+00 +0.0000e+00 +0.0000e+00 +0.0000e+00 +0.0000e+00
14 0 +3.300209829e+01 -1.934790171e+01 -1.934790171e+01 -1.2192e+00 +1.4572e+00 -1.3020e+00 -1.3117e+00 +6.8385e-01 +1.1728e+00 +1.1959e+00 -3.2670e+00 -2.3221e-01 -1.9632e+00 -3.6142e+00 -1.4154e+00 +1.7633e+00 +1.4331e-01 -1.2850e+00 -1.2064e-02 -2.6922e+00 -3.1377e+00 +2.3499e+00 -2.5712e+00
35 0 +2.830224224e+01 -2.404775776e+01 -2.404775776e+01 +1.2190e-01 +4.3062e+00 +1.2970e+00 -1.4956e+00 +1.7221e+00 +2.2209e+00 +1.6721e+00 -1.4022e+00 +7.8864e-01 -3.2805e+00 -2.1324e+00 -4.1072e-01 +2.5675e+00 -2.3826e+00 -2.8496e+00 -9.5465e-02 -1.6458e+00 -2.6324e+00 +6.1175e+00 -2.8909e+00
50 0 +2.569227482e+01 -2.665772518e+01 -2.665772518e+01 -1.3317e+00 +3.0660e+00 +9.7198e-01 -2.4997e+00 +1.0031e+00 +1.8052e+00 +1.0348e-01 -1.1544e+00 -6.3692e-01 -2.3442e+00 -1.5312e+00 +2.9464e-01 +1.6415e+00 -1.8723e+00 -2.4754e+00 -6.0177e-01 -9.0347e-01 -1.5798e+00 +6.4034e+00 -7.2683e-01
% f evaluations | g evaluations | best noise-free fitness - Fopt (-1.795400000000e+02) + sum g_i+ | measured fitness | best measured fitness or single-digit g-values | x1 | x2...
1 0 +5.080463025e+01 -1.287353697e+02 -1.287353697e+02 +0.0000e+00 +0.0000e+00 +0.0000e+00 +0.0000e+00 +0.0000e+00 +0.0000e+00 +0.0000e+00 +0.0000e+00 +0.0000e+00 +0.0000e+00 +0.0000e+00 +0.0000e+00 +0.0000e+00 +0.0000e+00 +0.0000e+00 +0.0000e+00 +0.0000e+00 +0.0000e+00 +0.0000e+00 +0.0000e+00
20 0 +5.048929676e+01 -1.290507032e+02 -1.290507032e+02 +1.9918e-01 +2.9955e-02 +3.7303e+00 +3.9456e+00 +5.5992e-01 +4.8669e-01 +2.2070e+00 +7.4424e-01 -9.4179e-01 +8.9149e-01 -1.2873e+00 -6.4330e-01 -1.4418e-01 -7.7335e-01 +6.0167e-01 -3.2368e-02 +7.2697e-01 -5.3002e-01 -2.5990e+00 -4.1009e+00
27 0 +2.918348919e+01 -1.503565108e+02 -1.503565108e+02 -7.0739e-01 -3.2937e-01 +2.5693e+00 +1.7772e+00 +2.0162e+00 -3.3630e-01 -1.0047e-01 +2.5110e-01 -1.2165e+00 +2.1311e+00 +2.7445e-01 +6.0659e-01 -4.4758e-01 +9.5140e-01 +1.0046e+00 -1.3922e+00 +2.7367e+00 +3.4621e+00 +2.8277e-01 -3.2257e-01
50 0 +1.991473091e+01 -1.596252691e+02 -1.596252691e+02 -1.0416e+00 -6.9814e-01 +1.7561e+00 +3.8569e+00 -4.8211e-01 +8.5602e-01 +1.7579e+00 +1.7761e+00 -2.9702e-01 +6.8701e-01 -2.2080e+00 +3.7197e-01 -1.9346e+00 +6.0928e-02 +2.0184e+00 -1.3835e+00 +1.1394e+00 +3.6417e+00 -6.9445e-01 -8.3484e-01
% f evaluations | g evaluations | best noise-free fitness - Fopt (7.731000000000e+01) + sum g_i+ | measured fitness | best measured fitness or single-digit g-values | x1 | x2...
1 0 +2.420831801e+01 +1.015183180e+02 +1.015183180e+02 +0.0000e+00 +0.0000e+00 +0.0000e+00 +0.0000e+00 +0.0000e+00 +0.0000e+00 +0.0000e+00 +0.0000e+00 +0.0000e+00 +0.0000e+00 +0.0000e+00 +0.0000e+00 +0.0000e+00 +0.0000e+00 +0.0000e+00 +0.0000e+00 +0.0000e+00 +0.0000e+00 +0.0000e+00 +0.0000e+00
23 0 +2.288860702e+01 +1.001986070e+02 +1.001986070e+02 -1.0126e+00 +1.8327e+00 -5.0822e-01 -2.6162e+00 +2.2795e+00 +7.5346e-01 +3.0652e-01 -3.3001e+00 +1.3828e+00 +2.8791e+00 +1.2239e+00 +2.1569e+00 +2.5190e+00 -1.4281e-01 +1.4879e+00 +3.7637e+00 +2.8895e+00 +3.5260e+00 +1.1816e+00 -7.7548e-01
34 0 +1.822807199e+01 +9.553807199e+01 +9.553807199e+01 +6.2715e-01 -8.5646e-01 -9.3996e-01 -2.6563e+00 +1.3877e+00 -3.0957e+00 -1.5539e+00 +5.4993e-01 +3.0072e-01 -1.1398e-01 +2.9072e-01 +1.6691e+00 +2.5596e+00 -1.1243e+00 +3.8168e-02 +2.3089e+00 +1.8229e+00 -1.7679e-01 +2.3883e+00 +1.1082e+00
46 0 +1.147319621e+01 +8.878319621e+01 +8.878319621e+01 +1.2249e+00 -2.9593e-01 +6.1570e-02 -2.0740e+00 +1.5597e+00 -3.9645e+00 +9.4442e-01 -8.0368e-01 +1.1351e+00 +3.1490e+00 +1.4662e+00 -5.3172e-02 +2.9190e+00 -1.3874e+00 +2.5559e-01 +1.3026e+00 -1.3049e+00 -3.9761e-01 +4.0997e+00 -1.1149e+00
50 0 +6.596702107e+00 +8.390670211e+01 +8.390670211e+01 +1.1567e+00 +7.5234e-01 -1.1835e+00 -1.2847e+00 +1.0437e+00 -2.0553e+00 -1.4975e-02 +1.4305e-01 +6.2632e-01 +1.5702e+00 +1.8532e+00 +1.1532e+00 +1.4520e+00 -1.2692e+00 +9.9136e-01 +1.8831e+00 -6.3699e-01 +2.2199e-01 +3.0165e+00 -2.3767e-01
% f evaluations | g evaluations | best noise-free fitness - Fopt (3.992000000000e+01) + sum g_i+ | measured fitness | best measured fitness or single-digit g-values | x1 | x2...
1 0 +7.115444340e+01 +1.110744434e+02 +1.110744434e+02 +0.0000e+00 +0.0000e+00 +0.0000e+00 +0.0000e+00 +0.0000e+00 +0.0000e+00 +0.0000e+00 +0.0000e+00 +0.0000e+00 +0.0000e+00 +0.0000e+00 +0.0000e+00 +0.0000e+00 +0.0000e+00 +0.0000e+00 +0.0000e+00 +0.0000e+00 +0.0000e+00 +0.0000e+00 +0.0000e+00
2 0 +6.769105683e+01 +1.076110568e+02 +1.076110568e+02 -7.0725e-02 +2.4091e-01 -3.9309e-02 +1.0367e-01 +9.6809e-01 -5.1710e-01 +2.4624e+00 +2.8545e+00 +1.2074e-01 -2.5917e+00 -1.5719e+00 -4.0054e+00 -8.8264e-01 +1.1609e+00 -7.2831e-01 -2.2187e-01 -2.2633e+00 +2.0237e+00 -2.9304e-01 -1.6690e+00
20 0 +3.981230754e+01 +7.973230754e+01 +7.973230754e+01 +1.1591e+00 -2.5610e-01 +2.5251e+00 -1.0380e+00 -4.9492e+00 -1.1277e+00 +1.6092e+00 +3.4299e+00 +5.9257e-01 -6.4380e-01 -2.3011e+00 -1.9092e-01 -2.4946e+00 -2.3184e+00 +1.6322e+00 +1.4236e+00 +4.8264e-01 +8.6548e-01 +1.8038e+00 -1.2861e+00
24 0 +3.904337773e+01 +7.896337773e+01 +7.896337773e+01 -5.2583e-01 +4.8219e-01 +1.8943e+00 -4.7584e-01 +1.9009e-01 +9.4184e-02 +1.5114e+00 +1.0261e+00 -1.6154e-01 +2.2387e+00 -9.3825e-01 -1.5978e-03 -8.6129e-02 +1.3165e+00 -3.4422e-01 +3.0660e+00 -2.1562e+00 +2.7524e+00 +1.0737e+00 -2.4859e-01
30 0 +3.401035940e+01 +7.393035940e+01 +7.393035940e+01 +2.9760e+00 -1.3727e-01 +1.5216e+00 -5.7436e-01 -3.7777e+00 +3.3851e-01 +4.3101e-02 +8.8568e-01 +8.9753e-01 +3.2003e-01 -1.1473e+00 +8.7846e-01 -4.5172e+00 -4.0254e-01 -6.0578e-01 +1.5631e+00 -9.5141e-01 +2.7333e+00 -1.4473e+00 +8.4578e-02
36 0 +1.278355135e+01 +5.270355135e+01 +5.270355135e+01 +2.4140e+00 +8.2994e-01 +2.1594e+00 -1.7247e+00 -3.3096e+00 -8.7253e-02 +5.3879e-01 -5.7257e-01 +8.3740e-01 +1.5642e+00 -8.5387e-01 +7.2784e-01 +4.5917e-01 -1.1454e+00 -1.7224e+00 +1.4309e+00 -3.2654e+00 +4.2445e-01 -3.5407e-01 -1.9818e+00
% f evaluations | g evaluations | best noise-free fitness - Fopt (-5.661000000000e+01) + sum g_i+ | measured fitness | best measured fitness or single-digit g-values | x1 | x2...
1 0 +3.349009678e+01 -2.311990322e+01 -2.311990322e+01 +0.0000e+00 +0.0000e+00 +0.0000e+00 +0.0000e+00 +0.0000e+00 +0.0000e+00 +0.0000e+00 +0.0000e+00 +0.0000e+00 +0.0000e+00 +0.0000e+00 +0.0000e+00 +0.0000e+00 +0.0000e+00 +0.0000e+00 +0.0000e+00 +0.0000e+00 +0.0000e+00 +0.0000e+00 +0.0000e+00
22 0 +2.800749922e+01 -2.860250078e+01 -2.860250078e+01 -2.1265e+00 +2.1846e+00 +1.5978e+00 -1.9778e+00 -1.3676e+00 -1.3103e+00 +2.3301e-02 -3.9082e+00 -1.0219e+00 -1.4650e+00 -1.0605e+00 +1.0329e+00 +1.6319e+00 +1.9574e+00 -1.1933e+00 -8.5634e-02 +1.4657e+00 -7.1630e-01 -2.0719e+00 +1.1553e+00
29 0 +1.933950664e+01 -3.727049336e+01 -3.727049336e+01 +8.9560e-01 +4.5535e+00 -1.9432e-01 -1.0062e+00 +3.4579e-01 -1.3848e+00 +6.2074e-01 -3.4052e+00 -3.4146e+00 -1.7812e-01 +4.6798e-01 +1.3122e+00 +6.6348e-01 -1.3698e+00 +2.5509e+00 -4.9124e-02 -6.9783e-01 -1.0583e+00 -1.2252e+00 +2.0598e+00
38 0 +1.627434780e+01 -4.033565220e+01 -4.033565220e+01 +1.4131e+00 +2.8416e+00 +5.6572e-01 -2.4727e+00 +9.2777e-01 +2.3220e-01 -1.8569e+00 -3.4550e+00 -3.6174e+00 -7.4139e-01 +1.0449e-01 -2.3723e+00 +8.9344e-01 +1.2464e+00 +4.7907e-01 -2.1120e-01 -2.7299e+00 +5.1783e-01 -3.2687e+00 -2.7630e-01
50 0 +1.353796387e+01 -4.307203613e+01 -4.307203613e+01 +7.0338e-01 +1.9229e+00 +1.0060e+00 -1.0486e+00 -1.1965e+00 -8.0341e-01 -7.1392e-01 -2.9633e+00 -3.2509e+00 +2.8189e-02 -5.0909e-01 -8.9356e-01 +8.1329e-01 +2.9372e-01 +7.9685e-01 +3.6535e-01 -1.6415e+00 -1.0838e+00 -2.9897e+00 +7.6469e-01
