% f evaluations | g evaluations | best noise-free fitness - Fopt (7.948000000000e+01) + sum g_i+ | measured fitness | best measured fitness or single-digit g-values | x1 | x2...
1 0 +8.977281728e+01 +1.692528173e+02 +1.692528173e+02 +0.0000e+00 +0.0000e+00 +0.0000e+00 +0.0000e+00 +0.0000e+00 +0.0000e+00 +0.0000e+00 +0.0000e+00 +0.0000e+00 +0.0000e+00 +0.0000e+00 +0.0000e+00 +0.0000e+00 +0.0000e+00 +0.0000e+00 +0.0000e+00 +0.0000e+00 +0.0000e+00 +0.0000e+00 +0.0000e+00
3 0 +8.933971483e+01 +1.688197148e+02 +1.688197148e+02 -1.5775e+00 -4.1388e+00 -1.2040e+00 +2.0713e+00 -2.1895e+00 -1.5113e+00 +1.6576e+00 -8.2344e-01 +1.7192e+00 -1.7748e-01 -3.4922e+00 +4.4594e+00 -5.6678e-01 +2.7390e+00 +1.3858e-01 +2.5364e+00 -5.8348e-01 -2.0776e+00 +2.1896e+00 -2.6795e+00
18 0 +5.237620784e+01 +1.318562078e+02 +1.318562078e+02 -1.6970e+00 -3.7863e+00 +2.4578e+00 +5.8212e-01 -2.0154e+00 -1.6976e+00 +2.1627e+00 -4.9176e-01 -5.7378e-01 -1.1440e+00 -2.9433e+00 +4.9586e+00 +2.3705e-01 +8.7062e-01 +2.6249e+00 +2.7886e+00 -1.1188e+00 -4.2433e+00 +3.1122e+00 +6.1911e-01
% f evaluations | g evaluations | best noise-free fitness - Fopt (3.944800000000e+02) + sum g_i+ | measured fitness | best measured fitness or single-digit g-values | x1 | x2...
1 0 +1.466628819e+02 +5.411428819e+02 +5.411428819e+02 +0.0000e+00 +0.0000e+00 +0.0000e+00 +0.0000e+00 +0.0000e+00 +0.0000e+00 +0.0000e+00 +0.0000e+00 +0.0000e+00 +0.0000e+00 +0.0000e+00 +0.0000e+00 +0.0000e+00 +0.0000e+00 +0.0000e+00 +0.0000e+00 +0.0000e+00 +0.0000e+00 +0.0000e+00 +0.0000e+00
15 0 +1.453798090e+02 +5.398598090e+02 +5.398598090e+02 -1.7576e+00 +9.8753e-01 -3.3127e+00 +2.4892e+00 -2.8577e-01 -2.1835e+00 +2.5181e+00 +1.8119e+00 -2.4999e+00 +2.4860e+00 +1.3071e+00 -3.6364e+00 -6.9831e-01 +2.4936e+00 +5.8485e-02 +4.1756e-02 -2.5239e+00 +1.2831e+00 -6.0926e-01 +4.6180e+00
26 0 +1.342269092e+02 +5.287069092e+02 +5.287069092e+02 +5.2060e-01 +1.2358e+00 -3.2042e+00 +1.6715e+00 +2.1155e+00 -5.2701e-02 +2.6609e-01 +1.2377e+00 +1.0899e+00 +6.6293e-01 +2.5958e+00 +3.0788e+00 -3.7981e-01 +2.5325e+00 -1.5099e+00 -1.1408e+00 -3.1817e+00 -7.8230e-01 -3.6678e+00 +1.2422e+00
30 0 +1.257829820e+02 +5.202629820e+02 +5.202629820e+02 -1.1645e+00 -1.7995e+00 -9.3254e-01 +1.5270e+00 +1.1999e+00 -3.9643e+00 +3.3528e+00 +4.0233e+00 -4.1740e-02 -1.4546e+00 -4.2434e-01 -1.5190e+00 +1.7008e+00 +2.2024e+00 +4.5367e-01 +2.6014e+00 +2.4613e+00 +1.6600e+00 +1.4856e+00 +4.5575e-01
31 0 +1.221784910e+02 +5.166584910e+02 +5.166584910e+02 -2.7044e+00 +4.5144e+00 -1.6730e+00 +3.3843e+00 -1.6466e+00 -3.3584e+00 +4.0901e+00 +3.0448e-01 +7.3120e-01 +1.8602e+00 +1.6373e+00 +2.1059e+00 +8.9511e-01 +3.9141e+00 -4.1148e+00 +8.2998e-01 -1.2312e+00 -1.3574e+00 +1.2600e-01 +4.5733e+00
34 0 +8.820228920e+01 +4.826822892e+02 +4.826822892e+02 -5.1777e-01 -2.3462e+00 -3.4909e+00 +1.7024e+00 -7.0490e-01 -1.3673e+00 +4.3465e+00 -3.2389e+00 -2.3330e+00 -3.9551e-01 +1.3996e-02 -2.5968e+00 +9.3703e-01 +2.3821e+00 -1.3334e+00 +3.6513e+00 +2.6256e-01 +7.6310e-01 +1.7647e+00 +2.1582e+00
% f evaluations | g evaluations | best noise-free fitness - Fopt (-2.471100000000e+02) + sum g_i+ | measured fitness | best measured fitness or single-digit g-values | x1 | x2...
1 0 +1.231669958e+02 -1.239430042e+02 -1.239430042e+02 +0.0000e+00 +0.0000e+00 +0.0000e+00 +0.0000e+00 +0.0000e+00 +0.0000e+00 +0.0000e+00 +0.0000e+00 +0.0000e+00 +0.0000e+00 +0.0000e+00 +0.0000e+00 +0.0000e+00 +0.0000e+00 +0.0000e+00 +0.0000e+00 +0.0000e+00 +0.0000e+00 +0.0000e+00 +0.0000e+00
28 0 +1.217826522e+02 -1.253273478e+02 -1.253273478e+02 -3.3934e+00 -5.4042e-01 +3.3561e+00 -3.0078e+00 -2.3895e+00 -1.6698e+00 +2.2300e+00 -4.0934e+00 +1.6355e+00 +2.0737e-01 -4.4741e-01 +3.6244e-01 -1.5134e+00 +9.3625e-01 +1.8159e+00 +1.0255e+00 -2.0979e+00 +7.7871e-01 -1.9112e+00 +1.3718e+00
44 0 +1.084828881e+02 -1.386271119e+02 -1.386271119e+02 -3.3837e+00 +1.2338e+00 +3.1880e+00 -7.3224e-01 -3.0509e+00 +7.2817e-01 +1.2570e+00 -2.2266e+00 -2.3640e-01 +5.1942e+00 -2.1288e+00 +3.0044e+00 -1.7197e+00 +6.4926e-01 +2.8909e+00 +4.3313e-01 -2.6557e-01 +1.6530e+00 -7.2602e-01 +1.6449e+00
% f evaluations | g evaluations | best noise-free fitness - Fopt (-1.520400000000e+02) + sum g_i+ | measured fitness | best measured fitness or single-digit g-values | x1 | x2...
1 0 +1.096536352e+02 -4.238636480e+01 -4.238636480e+01 +0.0000e+00 +0.0000e+00 +0.0000e+00 +0.0000e+00 +0.0000e+00 +0.0000e+00 +0.0000e+00 +0.0000e+00 +0.0000e+00 +0.0000e+00 +0.0000e+00 +0.0000e+00 +0.0000e+00 +0.0000e+00 +0.0000e+00 +0.0000e+00 +0.0000e+00 +0.0000e+00 +0.0000e+00 +0.0000e+00
13 0 +5.696792740e+01 -9.507207260e+01 -9.507207260e+01 +4.2006e-01 +9.1571e-01 -1.0646e+00 -1.1099e-01 -7.3381e-01 +1.3230e+00 -8.1406e-01 -1.7174e+00 +5.6800e-01 +2.8379e+00 +1.1318e+00 -3.5356e+00 -5.5729e-01 +5.2021e+00 +1.9233e-01 +1.8091e+00 +3.9800e+00 +1.1423e+00 -1.6446e-01 +4.5430e+00
41 0 +5.545296887e+01 -9.658703113e+01 -9.658703113e+01 +1.7414e+00 +1.9791e+00 -3.3313e+00 +8.1242e-01 +2.2993e+00 +2.7290e+00 +5.3389e-01 -2.2004e-01 -9.9637e-01 +2.4372e+00 -1.5717e-01 -1.1715e+00 -7.3301e+00 +5.4763e+00 -1.1967e+00 +2.9778e+00 +1.9205e+00 -2.3067e-01 -1.8461e+00 +1.9981e+00
% f evaluations | g evaluations | best noise-free fitness - Fopt (-2.525000000000e+01) + sum g_i+ | measured fitness | best measured fitness or single-digit g-values | x1 | x2...
1 0 +7.197402816e+01 +4.672402816e+01 +4.672402816e+01 +0.0000e+00 +0.0000e+00 +0.0000e+00 +0.0000e+00 +0.0000e+00 +0.0000e+00 +0.0000e+00 +0.0000e+00 +0.0000e+00 +0.0000e+00 +0.0000e+00 +0.0000e+00 +0.0000e+00 +0.0000e+00 +0.0000e+00 +0.0000e+00 +0.0000e+00 +0.0000e+00 +0.0000e+00 +0.0000e+00
9 0 +7.039993996e+01 +4.514993996e+01 +4.514993996e+01 +3.9757e+00 -2.6920e-01 +4.5572e-01 -4.2993e-01 -1.1325e+00 +9.0332e-01 -7.5180e-01 -3.4708e+00 -1.8077e+00 -3.5334e+00 +3.3205e+00 -6.6864e-01 -4.0301e+00 +3.1165e+00 +1.2920e+00 +1.6791e+00 +1.6449e+00 +4.4437e-01 +7.8978e-01 -1.3616e+00
