% f evaluations | g evaluations | best noise-free fitness - Fopt (3.590000000000e+01) + sum g_i+ | measured fitness | best measured fitness or single-digit g-values | x1 | x2...
1 0 +3.170744060e+05 +3.171103060e+05 +3.171103060e+05 +0.0000e+00 +0.0000e+00 +0.0000e+00 +0.0000e+00 +0.0000e+00 +0.0000e+00 +0.0000e+00 +0.0000e+00 +0.0000e+00 +0.0000e+00
2 0 +2.180635153e+05 +2.180994153e+05 +2.180994153e+05 +9.8018e-01 +1.2747e+00 +1.2063e+00 +4.8955e-01 -2.5062e+00 -3.3317e-01 +1.4905e+00 +9.0714e-01 -2.1344e+00 -1.3909e+00
3 0 +2.009110014e+05 +2.009469014e+05 +2.009469014e+05 +3.8914e-01 -1.2350e+00 +1.7391e+00 -2.4370e-01 -1.0634e+00 +1.0560e+00 -2.1712e-01 -1.7042e+00 -2.8074e-01 +2.6422e+00
11 0 +5.189995469e+04 +5.193585469e+04 +5.193585469e+04 +1.7168e+00 +1.6883e+00 +2.1098e+00 -4.7913e-01 +2.1687e+00 -1.7907e+00 -6.5258e-01 -2.1710e+00 -1.7270e+00 +1.2707e+00
14 0 +1.382273281e+04 +1.385863281e+04 +1.385863281e+04 +1.9853e+00 +2.2274e+00 -1.6759e-01 -2.4821e+00 -1.3253e+00 -2.0823e+00 -8.6309e-01 -1.3278e+00 -3.7263e+00 +6.1368e+00
23 0 +5.451358218e+03 +5.487258218e+03 +5.487258218e+03 +2.3172e+00 +1.8039e+00 +3.8673e+00 -1.3336e+00 +3.3463e+00 -4.2362e+00 -1.4090e+00 -9.7425e-01 -6.1368e+00 +6.9490e+00
32 0 +2.006248470e+03 +2.042148470e+03 +2.042148470e+03 +2.8515e+00 +3.3053e+00 +3.3049e+00 -2.4591e+00 +1.8447e+00 -4.2434e+00 -2.1386e-01 -5.9759e-01 -5.2123e+00 +5.8058e+00
% f evaluations | g evaluations | best noise-free fitness - Fopt (3.137000000000e+01) + sum g_i+ | measured fitness | best measured fitness or single-digit g-values | x1 | x2...
1 0 +1.676612833e+05 +1.676926533e+05 +1.676926533e+05 +0.0000e+00 +0.0000e+00 +0.0000e+00 +0.0000e+00 +0.0000e+00 +0.0000e+00 +0.0000e+00 +0.0000e+00 +0.0000e+00 +0.0000e+00
4 0 +3.480836039e+04 +3.483973039e+04 +3.483973039e+04 -7.2808e-01 -4.8504e-01 -1.3184e+00 -3.7206e-01 -1.9461e+00 -4.4880e-01 +8.5209e-01 +1.3545e+00 +2.1245e+00 +1.2384e+00
% f evaluations | g evaluations | best noise-free fitness - Fopt (-1.000000000000e+03) + sum g_i+ | measured fitness | best measured fitness or single-digit g-values | x1 | x2...
1 0 +3.033745582e+05 +3.023745582e+05 +3.023745582e+05 +0.0000e+00 +0.0000e+00 +0.0000e+00 +0.0000e+00 +0.0000e+00 +0.0000e+00 +0.0000e+00 +0.0000e+00 +0.0000e+00 +0.0000e+00
2 0 +2.397646055e+05 +2.387646055e+05 +2.387646055e+05 -1.4639e-01 +1.2812e+00 +7.9237e-02 +1.9207e+00 -1.9000e+00 -1.3445e+00 +3.4546e+00 +9.6403e-01 -1.8085e+00 +1.0895e+00
14 0 +2.104383432e+05 +2.094383432e+05 +2.094383432e+05 -5.7061e+00 +1.4574e-01 +4.6971e-01 +4.0461e+00 -1.1072e+00 -1.7914e+00 -8.4082e-01 -1.2819e+00 +5.6904e-01 +2.0447e+00
16 0 +1.155894076e+05 +1.145894076e+05 +1.145894076e+05 +9.8532e-01 -1.8423e+00 +3.6800e-01 -1.2151e+00 -2.9644e+00 -1.8300e+00 +5.7387e-01 -6.8491e-01 -2.3466e+00 +2.0629e+00
25 0 +7.132597461e+04 +7.032597461e+04 +7.032597461e+04 +1.1430e+00 -3.0125e+00 +1.6346e+00 -4.3326e-01 -3.0469e+00 -1.5747e+00 -3.0225e+00 -2.4242e+00 +8.8646e-01 +4.5432e+00
27 0 +6.357779867e+04 +6.257779867e+04 +6.257779867e+04 +9.5429e-01 -2.1479e+00 -4.9890e-01 +2.1532e-01 -3.8917e+00 -1.6819e+00 +1.1172e+00 -2.7905e+00 -2.3079e+00 +2.9050e+00
32 0 +3.351109291e+04 +3.251109291e+04 +3.251109291e+04 -3.3778e-01 -2.3162e+00 +2.6952e-01 -2.0159e-02 -3.7581e+00 -1.8970e+00 +1.2781e-01 -1.7262e+00 -9.6053e-01 +2.9712e+00
% f evaluations | g evaluations | best noise-free fitness - Fopt (1.319200000000e+02) + sum g_i+ | measured fitness | best measured fitness or single-digit g-values | x1 | x2...
1 0 +5.701986007e+05 +5.703305207e+05 +5.703305207e+05 +0.0000e+00 +0.0000e+00 +0.0000e+00 +0.0000e+00 +0.0000e+00 +0.0000e+00 +0.0000e+00 +0.0000e+00 +0.0000e+00 +0.0000e+00
2 0 +4.276160342e+05 +4.277479542e+05 +4.277479542e+05 -4.3003e-01 -1.7321e+00 -1.3166e+00 +6.6726e-02 +1.2174e+00 -2.1931e+00 +3.8708e-01 +3.1116e+00 +1.8764e+00 +1.2737e+00
13 0 +3.377051271e+05 +3.378370471e+05 +3.378370471e+05 +1.5444e-02 -7.9991e-01 -1.5857e+00 -1.7649e+00 -5.5342e-04 -2.0192e+00 +2.7988e-01 +1.6599e+00 +1.5236e-01 +1.9793e-02
14 0 +1.479135988e+05 +1.480455188e+05 +1.480455188e+05 -2.4465e+00 +1.7511e+00 -2.5013e+00 -3.0430e+00 -3.9793e+00 -4.0860e-01 -2.2369e-01 +1.3177e+00 -1.4173e-01 -4.8990e-02
24 0 +1.457180993e+05 +1.458500193e+05 +1.458500193e+05 -3.2942e+00 +1.7083e+00 -1.1283e+00 +7.2612e-01 -3.1966e+00 +2.0148e+00 +1.2751e+00 +2.7109e+00 +7.7947e-01 -9.0763e-01
29 0 +1.281800244e+05 +1.283119444e+05 +1.283119444e+05 -2.6615e+00 +2.8249e+00 -2.3239e+00 -3.5869e+00 +4.7501e-02 +1.5653e+00 -2.8886e+00 +3.4322e+00 -1.5697e+00 +3.2298e+00
32 0 +1.028566559e+05 +1.029885759e+05 +1.029885759e+05 -2.7630e+00 +1.8773e+00 -2.0702e+00 -2.1167e+00 -1.4173e+00 +1.0204e+00 -1.0657e+00 +3.1996e+00 -7.9452e-01 +1.2878e+00
% f evaluations | g evaluations | best noise-free fitness - Fopt (5.908400000000e+02) + sum g_i+ | measured fitness | best measured fitness or single-digit g-values | x1 | x2...
1 0 +2.380975383e+04 +2.440059383e+04 +2.440059383e+04 +0.0000e+00 +0.0000e+00 +0.0000e+00 +0.0000e+00 +0.0000e+00 +0.0000e+00 +0.0000e+00 +0.0000e+00 +0.0000e+00 +0.0000e+00
3 0 +5.428186591e+03 +6.019026591e+03 +6.019026591e+03 +1.8247e+00 +2.1416e+00 +1.3424e+00 +2.2431e+00 -1.5756e+00 -1.6467e+00 +1.4497e+00 +2.5081e+00 +2.7291e+00 +1.1296e+00
13 0 +4.155316588e+02 +1.006371659e+03 +1.006371659e+03 +7.1506e-01 +3.1886e+00 +9.9297e-01 +4.0451e+00 -1.8494e+00 -7.0715e+00 +2.4945e+00 +1.5271e+00 +3.4997e+00 +1.0496e+00
26 0 +3.782042289e+02 +9.690442289e+02 +9.690442289e+02 -2.2927e-01 +1.5724e+00 +1.2210e+00 -1.3126e+00 -2.8408e+00 -5.2685e+00 +1.6216e+00 +2.9960e+00 -8.5775e-01 -3.2200e-01
