% f evaluations | g evaluations | best noise-free fitness - Fopt (3.590000000000e+01) + sum g_i+ | measured fitness | best measured fitness or single-digit g-values | x1 | x2...
1 0 +7.743465359e+05 +7.743824359e+05 +7.743824359e+05 +0.0000e+00 +0.0000e+00 +0.0000e+00 +0.0000e+00 +0.0000e+00 +0.0000e+00 +0.0000e+00 +0.0000e+00 +0.0000e+00 +0.0000e+00 +0.0000e+00 +0.0000e+00 +0.0000e+00 +0.0000e+00 +0.0000e+00 +0.0000e+00 +0.0000e+00 +0.0000e+00 +0.0000e+00 +0.0000e+00
11 0 +6.029722296e+05 +6.030081296e+05 +6.030081296e+05 +4.0349e-01 -2.7733e+00 -5.7323e-02 +2.4225e+00 +2.5697e+00 -2.0110e+00 -1.0558e+00 +2.5579e-01 -1.9842e+00 -2.0533e+00 +3.9890e-01 -1.0314e+00 +1.8951e+00 +1.8445e-01 +4.4093e+00 -2.1586e+00 -2.6556e+00 +2.1889e+00 +2.0787e+00 -6.2658e-01
20 0 +5.669706303e+05 +5.670065303e+05 +5.670065303e+05 -5.3806e-02 +1.8248e+00 +2.5340e+00 +5.5073e+00 +1.7976e+00 -5.6590e-01 -1.3998e+00 +2.4483e-01 -8.0797e-01 +5.1013e-02 +1.0123e+00 +1.5954e+00 -1.0846e+00 -3.3449e-02 +6.3743e+00 -2.3434e+00 -1.1321e+00 +1.9585e+00 -4.9802e-01 +6.2393e-01
26 0 +5.382587083e+05 +5.382946083e+05 +5.382946083e+05 +5.6225e-01 +1.9072e+00 +2.6889e+00 +3.6241e+00 -1.3980e+00 -2.7605e+00 -2.1088e+00 -7.7086e-02 +5.1527e-01 -4.2920e+00 +3.0226e-02 -6.2334e-01 -9.4499e-01 +3.4360e+00 +1.9817e+00 -1.9916e-01 -3.2024e+00 +1.0562e+00 -1.1127e+00 +8.6172e-02
27 0 +3.787087853e+05 +3.787446853e+05 +3.787446853e+05 +4.0582e-01 +1.4855e+00 +1.7483e+00 +8.1187e-01 -1.7551e-01 -1.3303e-01 -1.0036e+00 -2.6756e+00 +8.4241e-01 +4.5751e-01 -5.2495e-02 -3.6590e-01 -3.1214e+00 +2.6382e+00 +3.0564e+00 -4.4843e+00 -6.1414e-01 +1.3899e+00 -5.6072e-01 +1.1798e+00
38 0 +3.103834811e+05 +3.104193811e+05 +3.104193811e+05 -2.1977e+00 +2.9657e+00 +2.5503e+00 +3.3590e+00 -1.7295e+00 -5.0398e+00 -1.6028e+00 -5.4823e+00 +1.5166e+00 -1.7130e+00 +1.8362e+00 -3.3946e+00 -4.5049e+00 +7.0693e-01 +4.6912e+00 -9.3354e-01 -3.4214e+00 +4.1467e+00 -2.9438e+00 +2.1100e+00
50 0 +2.033734437e+05 +2.034093437e+05 +2.034093437e+05 -9.1996e-01 +1.8869e+00 +2.0452e+00 +2.3900e+00 -1.3451e+00 -2.4982e+00 -5.4417e-01 -4.8760e+00 +6.6522e-01 -3.1152e-01 +2.3816e-01 -1.8297e+00 -3.6434e+00 +1.7218e+00 +3.4588e+00 -2.3992e+00 -1.4775e+00 +3.2695e+00 -1.1953e+00 +5.2609e-01
% f evaluations | g evaluations | best noise-free fitness - Fopt (3.137000000000e+01) + sum g_i+ | measured fitness | best measured fitness or single-digit g-values | x1 | x2...
1 0 +3.777288378e+05 +3.777602078e+05 +3.777602078e+05 +0.0000e+00 +0.0000e+00 +0.0000e+00 +0.0000e+00 +0.0000e+00 +0.0000e+00 +0.0000e+00 +0.0000e+00 +0.0000e+00 +0.0000e+00 +0.0000e+00 +0.0000e+00 +0.0000e+00 +0.0000e+00 +0.0000e+00 +0.0000e+00 +0.0000e+00 +0.0000e+00 +0.0000e+00 +0.0000e+00
18 0 +1.367549356e+05 +1.367863056e+05 +1.367863056e+05 +2.8162e+00 -2.4550e-01 -2.0330e+00 +1.8443e+00 -2.0436e+00 +1.5579e-02 -1.9103e+00 +1.2541e+00 -2.6776e-01 -1.9776e+00 +1.0344e+00 -5.5953e-01 -2.4841e+00 -1.1846e+00 +7.9844e-02 -9.9531e-01 +1.3126e+00 +3.1441e-01 -2.2864e+00 +2.0339e+00
49 0 +5.543720654e+04 +5.546857654e+04 +5.546857654e+04 +2.8201e+00 -1.8232e+00 -2.2506e+00 +3.8242e+00 -3.4600e+00 -2.0370e+00 -1.5230e+00 -9.7202e-01 -2.0705e+00 -2.8971e+00 +1.1901e+00 -7.1065e-01 -8.5904e-02 -1.4671e+00 -1.5718e+00 +8.6885e-01 +2.7677e+00 -6.0303e-01 -3.8702e-01 +7.2805e-01
% f evaluations | g evaluations | best noise-free fitness - Fopt (-1.000000000000e+03) + sum g_i+ | measured fitness | best measured fitness or single-digit g-values | x1 | x2...
1 0 +3.286849989e+05 +3.276849989e+05 +3.276849989e+05 +0.0000e+00 +0.0000e+00 +0.0000e+00 +0.0000e+00 +0.0000e+00 +0.0000e+00 +0.0000e+00 +0.0000e+00 +0.0000e+00 +0.0000e+00 +0.0000e+00 +0.0000e+00 +0.0000e+00 +0.0000e+00 +0.0000e+00 +0.0000e+00 +0.0000e+00 +0.0000e+00 +0.0000e+00 +0.0000e+00
5 0 +3.226805894e+05 +3.216805894e+05 +3.216805894e+05 -2.5413e+00 -7.5594e-01 -1.9354e+00 -1.4452e+00 -2.5208e+00 -3.4909e-01 -8.3323e-01 +2.5222e+00 +1.1207e+00 -8.4802e-01 +7.0299e-01 +1.1695e-02 +5.6026e-01 +1.0393e+00 -2.3179e+00 -7.0700e-01 -2.2122e+00 +3.2922e+00 -1.1437e+00 +1.3605e+00
24 0 +3.127828965e+05 +3.117828965e+05 +3.117828965e+05 +3.6613e-01 +2.6499e+00 -2.8052e+00 -3.2123e+00 -2.5937e+00 +2.8422e+00 +3.8668e-01 +2.3495e+00 +2.2545e+00 +2.1857e+00 +1.4085e+00 +9.1326e-02 +4.0584e+00 +2.2365e+00 +2.8447e+00 -7.0993e-01 -1.6117e+00 +1.0102e+00 -8.8135e-01 +1.1773e+00
31 0 +2.669529173e+05 +2.659529173e+05 +2.659529173e+05 -4.0503e-03 -2.8558e+00 -1.8044e+00 +2.7708e+00 -2.5944e+00 +2.8784e+00 +1.2256e+00 -1.5710e-01 -4.5676e-01 +3.9944e+00 +4.8762e-01 -1.3831e+00 -7.7362e-02 +8.9760e-01 -9.0544e-02 +6.2663e-01 -6.0831e-01 -1.6278e-01 -1.1159e-01 +2.2162e+00
37 0 +1.494217645e+05 +1.484217645e+05 +1.484217645e+05 -7.1510e-01 +2.2505e+00 +2.2871e-01 -1.2572e+00 -3.3836e-01 -8.0576e-01 -6.0427e-01 +1.7714e+00 +6.0214e-02 +1.6548e+00 -1.4761e+00 +1.4294e+00 +9.3673e-02 +1.2467e-01 +1.7109e+00 +5.3039e-01 -1.5890e+00 -6.6191e-01 -2.2372e+00 +5.7402e+00
50 0 +1.136144631e+05 +1.126144631e+05 +1.126144631e+05 -3.8210e-01 -2.6239e-01 +1.6079e-01 +7.3922e-01 -2.1193e+00 -7.8335e-02 -2.3679e-01 +6.3729e-01 +3.2347e-01 +2.8877e+00 -6.7839e-01 -5.9002e-01 +1.0492e+00 +1.9513e+00 +7.6177e-01 -1.0666e+00 -1.6806e+00 -5.4945e-01 -2.6705e+00 +3.3661e+00
% f evaluations | g evaluations | best noise-free fitness - Fopt (1.319200000000e+02) + sum g_i+ | measured fitness | best measured fitness or single-digit g-values | x1 | x2...
1 0 +1.000870275e+06 +1.001002195e+06 +1.001002195e+06 +0.0000e+00 +0.0000e+00 +0.0000e+00 +0.0000e+00 +0.0000e+00 +0.0000e+00 +0.0000e+00 +0.0000e+00 +0.0000e+00 +0.0000e+00 +0.0000e+00 +0.0000e+00 +0.0000e+00 +0.0000e+00 +0.0000e+00 +0.0000e+00 +0.0000e+00 +0.0000e+00 +0.0000e+00 +0.0000e+00
4 0 +5.328327501e+05 +5.329646701e+05 +5.329646701e+05 -1.4611e+00 +4.3399e+00 -1.7552e-01 -5.3499e-01 -1.5478e+00 +3.1618e+00 -4.9120e+00 +1.7925e+00 -5.0728e-01 -2.7749e+00 -1.6824e+00 -4.0990e-01 -2.3536e-03 +2.0560e+00 +2.8536e+00 -8.4942e-01 +3.9705e+00 -2.0523e+00 +3.0006e+00 +1.0933e+00
32 0 +4.523004283e+05 +4.524323483e+05 +4.524323483e+05 -5.5244e+00 +4.0910e+00 -2.5802e+00 +4.2836e-01 -1.4837e+00 -4.7061e-01 -9.0352e-01 -1.3029e-01 +1.5690e+00 -2.0607e+00 -1.1712e+00 +1.8004e-01 +4.4151e-01 +4.5096e+00 -1.0338e+00 +2.8726e+00 +4.7571e+00 -2.1550e+00 +2.3669e+00 +1.6729e+00
40 0 +3.372986417e+05 +3.374305617e+05 +3.374305617e+05 -3.8963e+00 +3.3585e+00 -1.1521e+00 -1.1755e+00 +2.2345e+00 +1.1371e+00 -2.8481e+00 +5.1452e-01 +1.9822e-02 +3.8295e-01 +1.1678e+00 +7.3918e-01 -2.1409e+00 +5.5741e+00 +2.7553e-01 -1.8381e+00 +2.8620e+00 -1.7582e+00 +2.2025e-01 +3.2728e+00
43 0 +2.305608085e+05 +2.306927285e+05 +2.306927285e+05 -3.3905e+00 +4.0427e+00 -1.6409e+00 +4.4187e-01 -2.2113e+00 -2.4166e-01 -3.6344e+00 -2.7632e-01 +1.4953e+00 +2.0420e+00 +7.1161e-01 +2.4027e+00 +1.2441e+00 +4.7015e+00 -4.1514e-01 +2.3708e+00 +4.2675e+00 +2.1479e+00 +1.4439e+00 +3.0296e+00
% f evaluations | g evaluations | best noise-free fitness - Fopt (5.908400000000e+02) + sum g_i+ | measured fitness | best measured fitness or single-digit g-values | x1 | x2...
1 0 +1.310552413e+05 +1.316460813e+05 +1.316460813e+05 +0.0000e+00 +0.0000e+00 +0.0000e+00 +0.0000e+00 +0.0000e+00 +0.0000e+00 +0.0000e+00 +0.0000e+00 +0.0000e+00 +0.0000e+00 +0.0000e+00 +0.0000e+00 +0.0000e+00 +0.0000e+00 +0.0000e+00 +0.0000e+00 +0.0000e+00 +0.0000e+00 +0.0000e+00 +0.0000e+00
16 0 +6.336790837e+04 +6.395874837e+04 +6.395874837e+04 -3.8166e-01 +1.4510e+00 +1.2819e+00 +1.6603e+00 -4.1227e-01 +1.2594e+00 +1.1065e+00 +3.7385e+00 +1.2228e+00 -2.1022e-01 -5.1253e-01 -5.0356e-01 +3.5153e+00 -1.0026e+00 +1.5380e+00 -3.2450e-01 -3.3255e+00 -1.7821e+00 +1.5933e+00 +7.0542e-01
43 0 +6.200343299e+04 +6.259427299e+04 +6.259427299e+04 -2.5312e+00 +2.1856e+00 -2.5785e+00 +1.4543e+00 +2.3078e+00 +4.2406e+00 +1.7163e+00 +7.3608e-01 +2.2079e+00 -9.3359e-01 -1.9362e+00 +1.4297e+00 +1.8878e+00 +8.8497e-01 +1.6110e+00 -2.3598e+00 -4.9191e+00 -2.0652e+00 +4.9299e+00 +1.4805e+00
44 0 +3.384002462e+04 +3.443086462e+04 +3.443086462e+04 -1.6970e+00 -1.4546e+00 -8.0309e-01 +1.8420e+00 +1.3313e+00 +2.6653e+00 +8.4714e-01 +6.1492e-01 +1.4126e-02 -2.0862e+00 +1.5133e+00 +8.6663e-01 +1.7047e+00 +2.3393e+00 -3.4263e-01 -8.7316e-01 -2.2082e+00 -1.6748e+00 +3.2125e+00 +1.6947e+00
50 0 +9.884051696e+03 +1.047489170e+04 +1.047489170e+04 -2.2305e+00 -4.6231e-01 -9.1983e-01 +8.4817e-01 +2.2365e-01 +2.2306e+00 +1.0482e+00 +6.7832e-01 +6.7363e-01 -3.5836e-01 +8.1124e-01 +1.0978e+00 +1.7775e+00 +1.7568e+00 +6.9709e-01 -4.1976e-01 -2.9778e+00 -9.2055e-01 +3.4079e+00 +8.2876e-01
