% f evaluations | g evaluations | best noise-free fitness - Fopt (6.671000000000e+01) + sum g_i+ | measured fitness | best measured fitness or single-digit g-values | x1 | x2...
1 0 +5.500000000e+01 +1.217100000e+02 +1.217100000e+02 +0.0000e+00 +0.0000e+00
3 0 +4.732480230e+01 +1.140348023e+02 +1.140348023e+02 +2.0526e+00 -9.7278e-01
9 0 +4.489461915e+01 +1.116046192e+02 +1.116046192e+02 +1.3628e+00 -1.1468e+00
10 0 +4.005745636e+01 +1.067674564e+02 +1.067674564e+02 +1.4632e-02 -1.4957e+00
13 0 +2.187703406e+01 +8.858703406e+01 +8.858703406e+01 +7.9761e-01 -3.3921e+00
15 0 +1.329381141e+01 +8.000381141e+01 +8.000381141e+01 +4.3319e-01 -4.2139e+00
16 0 +5.130907121e+00 +7.184090712e+01 +7.184090712e+01 +1.3091e-01 -6.5250e+00
22 0 +4.769664575e+00 +7.147966458e+01 +7.147966458e+01 -2.3034e-01 -1.3817e+01
28 0 +0.000000000e+00 +6.671000000e+01 +6.671000000e+01 -7.2895e+00 -6.4654e+00
