% f evaluations | g evaluations | best noise-free fitness - Fopt (7.948000000000e+01) + sum g_i+ | measured fitness | best measured fitness or single-digit g-values | x1 | x2...
1 0 +8.977281728e+01 +1.692528173e+02 +1.692528173e+02 +0.0000e+00 +0.0000e+00 +0.0000e+00 +0.0000e+00 +0.0000e+00 +0.0000e+00 +0.0000e+00 +0.0000e+00 +0.0000e+00 +0.0000e+00 +0.0000e+00 +0.0000e+00 +0.0000e+00 +0.0000e+00 +0.0000e+00 +0.0000e+00 +0.0000e+00 +0.0000e+00 +0.0000e+00 +0.0000e+00
33 0 +8.335721803e+01 +1.628372180e+02 +1.628372180e+02 +9.9560e-01 -9.7650e-01 +9.9095e-02 -3.2099e+00 -1.1033e+00 +1.1510e+00 -1.3991e+00 -8.1521e-01 +7.1719e-01 -4.5832e-01 +7.2353e-01 +4.8210e+00 +2.3566e+00 -5.1203e-01 +3.0982e+00 +2.5753e+00 +3.4115e-02 -5.5814e+00 +4.8142e-01 +2.1388e+00
47 0 +8.093127585e+01 +1.604112758e+02 +1.604112758e+02 -2.9529e+00 +3.6535e-01 +3.3881e+00 +5.8384e-01 -7.9471e-02 +1.0222e+00 -3.5534e+00 -1.4853e+00 -2.3978e+00 -9.0368e-01 -2.7047e+00 +5.3801e+00 +1.5521e+00 +7.6450e-01 +4.8030e+00 +2.3574e+00 -1.8476e+00 -2.4937e+00 +1.1244e+00 +2.4383e+00
% f evaluations | g evaluations | best noise-free fitness - Fopt (3.944800000000e+02) + sum g_i+ | measured fitness | best measured fitness or single-digit g-values | x1 | x2...
1 0 +1.466628819e+02 +5.411428819e+02 +5.411428819e+02 +0.0000e+00 +0.0000e+00 +0.0000e+00 +0.0000e+00 +0.0000e+00 +0.0000e+00 +0.0000e+00 +0.0000e+00 +0.0000e+00 +0.0000e+00 +0.0000e+00 +0.0000e+00 +0.0000e+00 +0.0000e+00 +0.0000e+00 +0.0000e+00 +0.0000e+00 +0.0000e+00 +0.0000e+00 +0.0000e+00
23 0 +1.161719359e+02 +5.106519359e+02 +5.106519359e+02 -9.4908e-02 +1.2434e-01 -2.6662e+00 -1.7767e+00 -1.8693e+00 -1.1853e+00 +7.1444e-01 +3.7845e-01 -6.3743e-01 -2.8252e+00 -2.6028e+00 +1.8625e+00 +3.3898e-01 +2.8983e+00 -6.4380e-01 +3.7036e+00 -1.3506e+00 -7.4717e-01 +1.8056e+00 +1.1372e+00
40 0 +1.002368096e+02 +4.947168096e+02 +4.947168096e+02 -3.4360e+00 -1.8214e+00 -1.8225e+00 +3.7484e-01 -1.7590e+00 -6.0495e+00 -5.5234e-01 -3.0013e-01 -1.3373e+00 -3.2700e+00 +5.0033e-01 +2.4952e+00 -2.5326e+00 +8.6181e-01 -4.9980e-01 +3.8717e+00 -2.4287e+00 -2.5052e-01 +9.5046e-01 -1.2469e+00
% f evaluations | g evaluations | best noise-free fitness - Fopt (-2.471100000000e+02) + sum g_i+ | measured fitness | best measured fitness or single-digit g-values | x1 | x2...
1 0 +1.231669958e+02 -1.239430042e+02 -1.239430042e+02 +0.0000e+00 +0.0000e+00 +0.0000e+00 +0.0000e+00 +0.0000e+00 +0.0000e+00 +0.0000e+00 +0.0000e+00 +0.0000e+00 +0.0000e+00 +0.0000e+00 +0.0000e+00 +0.0000e+00 +0.0000e+00 +0.0000e+00 +0.0000e+00 +0.0000e+00 +0.0000e+00 +0.0000e+00 +0.0000e+00
3 0 +1.227910732e+02 -1.243189268e+02 -1.243189268e+02 -3.6794e+00 -1.5714e+00 +1.8663e+00 -1.1097e+00 -5.6891e-01 -1.6514e-01 +1.9064e+00 -3.3192e+00 +3.1861e+00 +2.8912e+00 -2.2275e+00 -1.7564e+00 +5.9125e-01 +2.5810e+00 -1.1585e+00 -1.5462e+00 +2.8867e+00 +2.0267e-01 +5.5098e+00 -6.7328e-01
27 0 +1.025443416e+02 -1.445656584e+02 -1.445656584e+02 -1.7744e+00 -2.6708e+00 +1.1302e+00 -6.0269e-01 -4.4436e+00 -4.8491e-01 +1.7548e+00 +2.0584e-01 -9.7241e-02 +1.6331e+00 +2.1221e-01 +1.6513e+00 +3.1755e-01 +3.9805e+00 -1.0682e+00 +6.1121e-01 +4.0043e+00 -2.4128e-01 +2.4713e+00 +5.2005e-02
34 0 +7.342972126e+01 -1.736802787e+02 -1.736802787e+02 -2.2874e+00 -1.3339e+00 +1.3748e+00 +1.2800e+00 -1.9848e+00 +4.1903e-01 +3.0726e+00 -2.1005e+00 -3.6082e-01 +2.6841e+00 +3.1338e+00 +1.7144e+00 +3.2038e+00 -1.1086e+00 +2.6270e+00 -1.8588e+00 +4.3120e-01 -2.6554e+00 +4.3442e+00 +1.6788e+00
% f evaluations | g evaluations | best noise-free fitness - Fopt (-1.520400000000e+02) + sum g_i+ | measured fitness | best measured fitness or single-digit g-values | x1 | x2...
1 0 +1.096536352e+02 -4.238636480e+01 -4.238636480e+01 +0.0000e+00 +0.0000e+00 +0.0000e+00 +0.0000e+00 +0.0000e+00 +0.0000e+00 +0.0000e+00 +0.0000e+00 +0.0000e+00 +0.0000e+00 +0.0000e+00 +0.0000e+00 +0.0000e+00 +0.0000e+00 +0.0000e+00 +0.0000e+00 +0.0000e+00 +0.0000e+00 +0.0000e+00 +0.0000e+00
27 0 +1.064522076e+02 -4.558779242e+01 -4.558779242e+01 -4.7701e+00 +1.1656e+00 -1.9821e+00 +1.9417e+00 +1.7066e-01 +3.0263e+00 -6.1719e-01 +4.7166e-01 +5.6201e-01 +2.9473e-01 -2.6257e+00 -1.0061e+00 -6.0077e-01 +3.3382e+00 +3.8912e-01 -9.4343e-01 +2.0186e+00 +3.3587e+00 -2.5544e+00 -3.7017e-01
% f evaluations | g evaluations | best noise-free fitness - Fopt (-2.525000000000e+01) + sum g_i+ | measured fitness | best measured fitness or single-digit g-values | x1 | x2...
1 0 +7.197402816e+01 +4.672402816e+01 +4.672402816e+01 +0.0000e+00 +0.0000e+00 +0.0000e+00 +0.0000e+00 +0.0000e+00 +0.0000e+00 +0.0000e+00 +0.0000e+00 +0.0000e+00 +0.0000e+00 +0.0000e+00 +0.0000e+00 +0.0000e+00 +0.0000e+00 +0.0000e+00 +0.0000e+00 +0.0000e+00 +0.0000e+00 +0.0000e+00 +0.0000e+00
21 0 +5.946745645e+01 +3.421745645e+01 +3.421745645e+01 -9.8012e-02 +1.2954e+00 -2.9414e+00 -9.2003e-01 +9.6786e-01 -1.1242e+00 -2.4676e-01 -1.3603e+00 +9.4279e-01 -1.8922e+00 +4.2901e+00 +7.5474e-01 -2.4554e+00 +1.7710e+00 +1.6452e+00 -3.1312e+00 -3.7165e+00 -5.3121e-01 +4.1075e-01 -2.1693e+00
