% f evaluations | g evaluations | best noise-free fitness - Fopt (-5.661000000000e+01) + sum g_i+ | measured fitness | best measured fitness or single-digit g-values | x1 | x2...
1 0 +3.349009678e+01 -2.311990322e+01 -2.311990322e+01 +0.0000e+00 +0.0000e+00 +0.0000e+00 +0.0000e+00 +0.0000e+00 +0.0000e+00 +0.0000e+00 +0.0000e+00 +0.0000e+00 +0.0000e+00 +0.0000e+00 +0.0000e+00 +0.0000e+00 +0.0000e+00 +0.0000e+00 +0.0000e+00 +0.0000e+00 +0.0000e+00 +0.0000e+00 +0.0000e+00
73 0 +2.770575455e+01 -2.890424545e+01 -2.890424545e+01 -1.6191e-01 +1.2946e+00 +1.0260e+00 -2.1696e+00 +2.8599e+00 +1.4351e+00 +3.7655e-01 -2.2983e+00 -3.4571e+00 -2.1089e+00 +5.2048e-02 +2.4327e+00 +7.5550e-01 +2.6829e-01 +2.0159e+00 +7.2738e-01 -1.9395e+00 +2.3553e+00 +1.0060e+00 -1.7266e+00
89 0 +1.875573739e+01 -3.785426261e+01 -3.785426261e+01 -2.3414e+00 +1.2425e+00 +3.6746e-01 -2.1364e+00 +2.5389e+00 +2.2682e+00 +7.8303e-01 -2.2055e+00 -1.4544e+00 +4.0052e-01 -9.7296e-01 -5.2036e-01 -7.3501e-01 -2.1587e+00 +1.3948e+00 +2.4389e+00 -1.8016e+00 +1.5879e-01 -5.2714e-01 -9.5840e-01
99 0 +1.684945714e+01 -3.976054286e+01 -3.976054286e+01 -3.9297e+00 +9.1252e-01 +2.6693e+00 -1.6739e-01 +4.7929e-01 +1.0128e+00 +2.6792e+00 -8.8746e-01 -4.2651e+00 +1.5998e-01 +5.9253e-01 +1.6299e+00 +1.0445e+00 -1.4502e+00 -4.0710e-02 +4.8503e+00 -7.4378e-01 -2.2599e-01 -5.8921e-01 -3.2367e-01
113 0 +1.648443419e+01 -4.012556581e+01 -4.012556581e+01 -2.4642e+00 +1.9193e+00 +1.7030e+00 -1.3978e+00 -2.8117e-01 +1.8183e+00 -2.7837e-01 -1.1136e+00 -2.0039e+00 +8.4726e-01 -8.7955e-02 +1.7634e+00 +2.0349e+00 -2.6651e+00 +1.0031e+00 +2.5962e+00 -7.0841e-01 +2.2300e+00 -1.7433e+00 -9.3086e-01
120 0 +1.422868903e+01 -4.238131097e+01 -4.238131097e+01 -7.0279e-01 +3.1120e+00 +2.9287e-01 -1.9330e+00 -1.3556e+00 -1.9814e+00 +2.4409e+00 -2.0650e+00 -2.8110e+00 +7.9181e-01 +2.1655e-01 +2.9963e+00 +1.0624e+00 -1.6701e+00 +3.4373e-01 +2.9058e+00 -4.6509e-01 -8.3234e-01 -5.3497e-02 -1.4374e+00
128 0 +1.358122509e+01 -4.302877491e+01 -4.302877491e+01 -1.2078e+00 +3.7028e+00 +1.9890e+00 +3.1367e-01 +9.2804e-01 +8.9633e-02 +2.0051e+00 -1.4577e+00 -3.7756e+00 +2.4586e+00 +2.3725e+00 +3.1178e-01 -7.8887e-01 -1.6441e+00 +1.1871e+00 +2.2083e+00 -1.6471e+00 +7.2934e-01 -1.7486e+00 -8.6039e-01
153 0 +1.322595848e+01 -4.338404152e+01 -4.338404152e+01 -2.7209e+00 +3.3087e+00 +4.2305e+00 -2.8500e+00 -1.1953e-01 -7.0608e-01 +6.5770e+00 -1.0450e+00 -2.8725e+00 +2.1703e+00 +1.0745e+00 +4.5303e-01 +2.8624e+00 -3.5837e+00 +6.5657e-01 +1.4465e+00 -4.3301e+00 +7.1724e-01 -2.1173e-01 -9.3247e-01
182 0 +1.284715747e+01 -4.376284253e+01 -4.376284253e+01 -3.4818e+00 +2.7305e+00 +3.8323e+00 +6.4757e-02 -5.8205e-01 -6.9034e-01 +4.1007e+00 +1.9523e+00 -1.7256e+00 +1.7904e+00 +8.1556e-01 +1.3074e+00 +2.2677e+00 -1.9734e+00 -4.0697e-01 +9.5749e-01 -1.8501e+00 +1.9137e+00 -2.0248e+00 -4.5643e-01
