% f evaluations | g evaluations | best noise-free fitness - Fopt (6.870000000000e+00) + sum g_i+ | measured fitness | best measured fitness or single-digit g-values | x1 | x2...
1 0 +1.817093392e+01 +2.504093392e+01 +2.504093392e+01 +0.0000e+00 +0.0000e+00 +0.0000e+00 +0.0000e+00 +0.0000e+00 +0.0000e+00 +0.0000e+00 +0.0000e+00 +0.0000e+00 +0.0000e+00 +0.0000e+00 +0.0000e+00 +0.0000e+00 +0.0000e+00 +0.0000e+00 +0.0000e+00 +0.0000e+00 +0.0000e+00 +0.0000e+00 +0.0000e+00
2 0 +1.281139660e+01 +1.968139660e+01 +1.968139660e+01 +2.9258e+00 -1.2588e+00 -8.4866e-02 -1.4524e+00 +8.3582e-01 +5.5624e-01 +1.5737e+00 -4.3093e+00 +3.2297e+00 +2.2096e+00 +3.3383e+00 +5.1013e-01 -1.4936e-01 +1.7188e+00 -1.2305e+00 +4.5825e-01 +3.7091e-01 -1.7694e-01 +1.3242e+00 -1.0134e+00
4 0 +1.128190216e+01 +1.815190216e+01 +1.815190216e+01 -3.1826e+00 +7.8159e-01 -1.0785e+00 +1.8012e-01 -2.0247e+00 -3.5263e+00 +1.3675e+00 +4.8790e-01 +5.9276e-01 -2.4224e+00 +7.7674e-01 -9.1236e-01 +3.3713e+00 +3.4056e+00 -2.0523e+00 +6.0893e-01 -1.6306e+00 -1.8436e+00 +3.1467e+00 -9.0547e-01
8 0 +9.274200375e+00 +1.614420037e+01 +1.614420037e+01 +1.0806e+00 +2.1162e+00 -2.8924e+00 +1.0111e-01 -1.0805e+00 -2.6357e+00 +1.6420e-01 +8.0325e-01 +2.9376e+00 -2.5301e-02 -7.8821e-02 -1.6872e-01 +1.6241e-02 +8.9781e-01 -3.3905e+00 +3.4264e-02 -1.7296e+00 -6.3864e-01 +1.1543e-01 -7.6324e-01
9 0 +8.141676854e+00 +1.501167685e+01 +1.501167685e+01 -1.2867e-01 -7.5066e-02 -9.8885e-01 +2.5303e+00 -2.6484e-01 -3.4444e+00 +4.3124e-01 -6.5275e-01 +1.8595e+00 -1.4813e+00 +1.6227e+00 -2.5826e+00 -2.4832e+00 +7.3516e-01 -8.5155e-02 +3.1676e-02 -4.1630e-02 -7.3150e-01 +1.7371e+00 -2.1632e-01
18 0 +7.357264213e+00 +1.422726421e+01 +1.422726421e+01 -3.6749e+00 +2.5801e+00 -1.5812e+00 -1.6286e+00 -2.4150e+00 -7.1792e-01 +3.5047e-01 +2.6601e+00 +1.2150e+00 +4.0264e-01 +1.8543e+00 -2.4349e+00 +8.2934e-01 +2.6300e-01 -7.8876e-01 -3.2916e+00 -3.0329e-01 -1.4924e+00 -1.6159e+00 -2.3627e+00
152 0 +7.193807193e+00 +1.406380719e+01 +1.406380719e+01 -1.7399e+00 +4.1362e+00 -4.2602e+00 +4.3088e+00 -2.7793e+00 -4.0831e+00 -1.9463e+00 +1.1334e+00 +2.6506e+00 -2.9108e+00 +2.6895e+00 +9.2504e-01 +1.5968e+00 +3.8005e+00 -1.0832e+00 +6.7923e-01 +2.8643e+00 -3.9516e+00 -3.3963e+00 +5.4046e-01
163 0 +6.837977266e+00 +1.370797727e+01 +1.370797727e+01 -4.2918e+00 +4.1058e+00 -1.8501e+00 +8.6298e-01 -2.8366e+00 -1.4092e+00 -4.6334e+00 +8.1188e-01 +2.1196e+00 -1.6511e+00 +2.7294e+00 +2.6492e-01 -7.8248e-01 +2.5750e+00 +6.6718e-02 +4.3150e-01 +4.1401e+00 -5.1671e+00 -3.8083e+00 -1.0646e+00
182 0 +5.400611467e+00 +1.227061147e+01 +1.227061147e+01 -3.5260e-01 +3.5197e+00 -3.2426e+00 -2.2170e+00 -4.2674e+00 -3.4182e+00 -5.4919e+00 +2.4748e-01 +3.1697e+00 -2.4408e+00 +4.4429e-01 -1.7909e+00 -2.6356e+00 +4.2683e+00 -2.2694e+00 +2.0414e+00 +3.6465e+00 -3.1911e+00 -4.9217e+00 -3.5506e+00
