% f evaluations | g evaluations | best noise-free fitness - Fopt (2.547000000000e+01) + sum g_i+ | measured fitness | best measured fitness or single-digit g-values | x1 | x2...
1 0 +1.228006449e+03 +1.253476449e+03 +1.253476449e+03 +0.0000e+00 +0.0000e+00 +0.0000e+00 +0.0000e+00 +0.0000e+00 +0.0000e+00 +0.0000e+00 +0.0000e+00 +0.0000e+00 +0.0000e+00 +0.0000e+00 +0.0000e+00 +0.0000e+00 +0.0000e+00 +0.0000e+00 +0.0000e+00 +0.0000e+00 +0.0000e+00 +0.0000e+00 +0.0000e+00
2 0 +1.005607416e+03 +1.031077416e+03 +1.031077416e+03 +1.8753e+00 -5.7248e+00 -3.9188e-01 -1.8527e+00 -2.4770e+00 +3.2817e+00 -5.2778e+00 +3.9768e+00 +9.1291e-01 -2.5202e+00 -7.6599e+00 -7.3798e-01 -1.0056e+00 -1.0130e+00 -3.9332e-01 -4.4621e+00 +4.0967e+00 +5.2293e-01 +7.2265e-01 -1.9983e+00
7 0 +9.306530257e+02 +9.561230257e+02 +9.561230257e+02 -1.4588e+00 -1.1699e-01 +2.7219e+00 -1.5745e+00 +4.3200e-01 -2.3659e+00 -4.0703e+00 -7.1031e-01 -2.4429e+00 +6.9781e-01 -1.2887e+00 -9.5866e-01 +1.7153e+00 +1.7123e-01 -2.6366e+00 -5.3020e+00 -2.2591e+00 +1.4441e+00 -1.5969e+00 -1.1649e+00
15 0 +7.743697545e+02 +7.998397545e+02 +7.998397545e+02 -2.2827e+00 +3.8178e-01 +4.0481e+00 -5.2058e+00 -2.0816e+00 +3.0033e+00 +2.5302e-01 +2.1882e+00 +2.4577e-01 -2.0538e+00 -6.2931e+00 +3.1193e+00 -6.1713e-01 +1.9055e+00 -3.2092e-01 -6.0709e+00 -5.3213e-01 -1.5154e+00 -1.9230e+00 -2.4328e+00
16 0 +7.497806692e+02 +7.752506692e+02 +7.752506692e+02 -3.7590e+00 +1.3808e-01 +4.1814e+00 +1.4794e-01 -1.0158e-01 +5.4345e-01 -4.5100e+00 +1.9224e+00 -2.7846e+00 -2.5962e+00 -6.9534e-01 +8.9808e-01 +3.5994e+00 +5.3042e-01 +4.3924e+00 +1.8388e-01 -1.9452e+00 +1.2046e+00 -5.5634e-01 -3.9317e+00
19 0 +7.188160483e+02 +7.442860483e+02 +7.442860483e+02 -4.3478e+00 -3.3686e+00 -2.7128e+00 -5.5669e+00 -1.2198e+00 +1.5517e+00 -5.0710e+00 +1.7040e+00 -1.8456e+00 -1.2544e+00 -3.4225e-01 +6.3807e+00 -2.6617e+00 -1.5688e-01 +3.2685e-01 -5.5354e+00 +2.2381e+00 +1.4393e+00 -3.6836e+00 -4.5963e+00
26 0 +6.044032383e+02 +6.298732383e+02 +6.298732383e+02 -2.7955e+00 -1.4591e+00 +2.4090e+00 -1.4957e+00 +8.5360e-01 +1.3061e+00 -3.4440e+00 +2.0415e+00 +4.3630e-01 -3.6573e+00 -5.2785e+00 +1.1727e+00 +3.4223e+00 +1.0893e+00 +1.1331e+00 -3.3415e+00 +1.2338e+00 +3.5168e+00 -9.7794e-01 -4.3738e+00
28 0 +5.992144513e+02 +6.246844513e+02 +6.246844513e+02 -2.7367e+00 -2.3658e+00 -4.5360e-01 -4.4034e+00 -3.9488e+00 +5.8671e+00 -3.3753e+00 +2.6849e+00 -4.5484e-01 -1.1242e+00 -2.8013e+00 +7.7431e-01 -4.7162e-01 -1.0457e+00 +2.1213e+00 -5.0348e+00 +1.2349e+00 -1.2501e+00 -2.6719e+00 -2.0671e+00
38 0 +4.519438869e+02 +4.774138869e+02 +4.774138869e+02 -2.5997e+00 -2.0557e+00 +8.7855e-03 -2.0261e+00 -3.1304e+00 -4.4123e-01 -1.6559e+00 +4.1006e+00 +3.8997e+00 -5.8302e-01 -1.4656e+00 -6.6459e-01 +3.2018e+00 -2.9679e+00 -6.4868e-01 -2.3846e+00 +9.1461e-01 +3.0377e+00 +2.0380e-01 -3.2190e+00
54 0 +3.675650375e+02 +3.930350375e+02 +3.930350375e+02 -3.3031e+00 -5.7300e+00 -2.1203e+00 -3.6224e+00 -2.5089e+00 +9.1082e-01 -1.2283e+00 +2.1820e+00 +1.5221e+00 +6.9482e-01 -2.6561e+00 -2.5215e+00 -1.9640e+00 -9.7992e-01 +2.5783e+00 -1.0165e+00 +2.9205e+00 +3.9179e+00 -2.9507e-01 -5.9086e+00
105 0 +3.325484905e+02 +3.580184905e+02 +3.580184905e+02 -2.9540e+00 -2.1833e+00 -1.1427e+00 -3.3333e+00 -3.5852e+00 +2.5807e+00 -5.2730e-01 +2.3525e+00 +4.6175e+00 -2.8835e+00 +3.7956e-01 -3.6920e+00 +3.2514e+00 -1.0956e+00 +1.8613e+00 -2.7923e+00 +1.7427e+00 +3.0993e+00 +1.9991e+00 -3.5939e+00
136 0 +3.129323045e+02 +3.384023045e+02 +3.384023045e+02 -4.0138e+00 -2.9491e+00 -1.1019e+00 -1.8715e+00 -2.6727e+00 +2.1285e+00 -3.1084e-01 +1.2793e+00 +2.3736e+00 -1.6749e+00 -3.5379e+00 -2.0932e+00 +1.7949e+00 -1.7399e+00 +2.6715e+00 -3.2031e+00 +5.9068e-01 +6.2375e+00 +1.0844e+00 -2.3993e+00
137 0 +2.823592479e+02 +3.078292479e+02 +3.078292479e+02 -4.3190e+00 +7.7536e-01 -1.8333e+00 -1.1799e+00 -1.1524e+00 +4.5085e-01 +1.1189e+00 +3.0077e-01 +2.3058e+00 +4.4445e-01 -2.9561e+00 -8.2574e-01 +1.1390e+00 +8.4781e-01 +2.2355e+00 -1.2173e+00 +8.1432e-01 +5.6380e+00 +4.2822e-01 -2.3372e+00
172 0 +2.782595589e+02 +3.037295589e+02 +3.037295589e+02 -3.7984e+00 -6.9242e-01 -2.1484e+00 -1.9495e+00 -1.7289e+00 +1.0949e+00 +4.9392e-01 -1.0962e-01 +2.8531e+00 -1.6421e-01 -5.2034e+00 -2.9036e+00 -2.1265e-01 -6.7213e-01 +3.0337e+00 -3.2744e+00 +6.8924e-01 +4.8226e+00 -3.1193e-01 -3.9643e+00
180 0 +2.652230316e+02 +2.906930316e+02 +2.906930316e+02 -3.6903e+00 +3.2641e-01 -1.2723e+00 +6.0889e-02 -2.5692e+00 -6.8335e-01 -4.2810e-02 -1.2329e+00 +3.7043e+00 +4.9264e-01 -5.6627e+00 -1.2985e+00 +2.1650e-01 -2.5840e+00 +1.8082e+00 -2.5347e+00 +1.0117e+00 +4.1158e+00 +1.1938e+00 -1.2332e+00
223 0 +2.408774454e+02 +2.663474454e+02 +2.663474454e+02 -2.7139e+00 -1.7895e+00 -1.6219e+00 -4.7112e-01 -1.9221e+00 +4.5579e-01 -2.7231e-01 +5.7946e-02 +3.5898e+00 +6.1287e-01 -4.4445e+00 -3.3970e-01 -1.3360e+00 -7.1831e-01 +2.0458e+00 -4.2072e+00 -3.2088e-01 +4.6375e+00 +1.7543e+00 -3.4522e+00
264 0 +2.303643876e+02 +2.558343876e+02 +2.558343876e+02 -1.7033e+00 -3.5914e-01 -2.9228e+00 -9.6018e-01 -1.1409e+00 +9.4368e-01 -1.2042e+00 -1.3330e-01 +3.9605e+00 +8.2291e-01 -5.2758e+00 -3.9437e-01 +8.4099e-01 -1.7451e+00 +2.0189e+00 -3.6967e+00 +7.5569e-01 +4.0809e+00 +2.8249e+00 -4.8460e+00
333 0 +2.282585031e+02 +2.537285031e+02 +2.537285031e+02 -4.2640e+00 -2.0065e+00 -4.3225e+00 -9.4330e-01 -1.7079e+00 -1.0964e-01 -1.6395e+00 -1.8223e-01 +4.3705e+00 -8.6510e-02 -4.3310e+00 -2.7245e+00 -2.0442e+00 -6.2423e-01 +2.6551e+00 -2.9296e+00 +5.1348e-01 +5.3985e+00 +3.6904e+00 -4.3048e+00
358 0 +2.136590225e+02 +2.391290225e+02 +2.391290225e+02 -3.9906e+00 -1.5226e+00 -3.2209e+00 -7.0847e-01 -2.6306e+00 -1.9912e-01 -2.5867e+00 +4.9344e-01 +4.4893e+00 +7.9210e-01 -4.7829e+00 -1.6860e+00 -1.0310e+00 +2.1707e-01 +1.9379e+00 -1.7620e+00 +5.9642e-01 +3.9544e+00 +3.5551e+00 -2.8387e+00
410 0 +2.049226882e+02 +2.303926882e+02 +2.303926882e+02 -4.3643e+00 -1.4604e+00 -1.7551e+00 -2.3461e-01 -2.8402e+00 -1.4715e+00 -1.8736e+00 -7.2836e-01 +4.8601e+00 -2.4620e-01 -3.7178e+00 -1.3919e+00 -1.8181e+00 -7.2703e-01 +1.5914e+00 -3.6783e+00 +2.9990e-01 +4.6665e+00 +3.3623e+00 -2.7054e+00
474 0 +1.694558682e+02 +1.949258682e+02 +1.949258682e+02 -3.9326e+00 -6.1629e-01 -2.0558e+00 -1.3061e+00 -2.3295e+00 -1.0827e+00 -1.7789e+00 -5.8003e-01 +5.2641e+00 -2.6384e-01 -4.6756e+00 -1.0971e+00 -9.8612e-01 -2.1895e+00 +1.8746e+00 -4.1287e+00 +3.2767e-01 +3.4772e+00 +2.6679e+00 -3.8777e+00
