% f evaluations | g evaluations | best noise-free fitness - Fopt (2.175000000000e+01) + sum g_i+ | measured fitness | best measured fitness or single-digit g-values | x1 | x2...
1 0 +2.211572817e+02 +2.429072817e+02 +2.429072817e+02 +0.0000e+00 +0.0000e+00
4 0 +1.732128301e+02 +1.949628301e+02 +1.949628301e+02 +2.3177e+00 -1.2708e+00
6 0 +6.670121767e+01 +8.845121767e+01 +8.845121767e+01 +9.3924e-02 +2.0206e+00
8 0 +3.722102625e+01 +5.897102625e+01 +5.897102625e+01 +6.1150e+00 -2.3167e+00
12 0 +3.597771766e+01 +5.772771766e+01 +5.772771766e+01 +1.1847e+00 +4.9068e+00
13 0 +1.322841403e+01 +3.497841403e+01 +3.497841403e+01 +2.9957e-01 +3.5087e+00
28 0 +5.915735173e+00 +2.766573517e+01 +2.766573517e+01 +9.6157e-01 +3.3736e+00
36 0 +2.929797354e+00 +2.467979735e+01 +2.467979735e+01 +1.7047e+00 +2.7910e+00
55 0 +1.469823782e+00 +2.321982378e+01 +2.321982378e+01 +2.4369e+00 +1.7844e+00
