% f evaluations | g evaluations | best noise-free fitness - Fopt (2.175000000000e+01) + sum g_i+ | measured fitness | best measured fitness or single-digit g-values | x1 | x2...
1 0 +1.198388697e+03 +1.220138697e+03 +1.220138697e+03 +0.0000e+00 +0.0000e+00 +0.0000e+00 +0.0000e+00 +0.0000e+00 +0.0000e+00 +0.0000e+00 +0.0000e+00 +0.0000e+00 +0.0000e+00 +0.0000e+00 +0.0000e+00 +0.0000e+00 +0.0000e+00 +0.0000e+00 +0.0000e+00 +0.0000e+00 +0.0000e+00 +0.0000e+00 +0.0000e+00
2 0 +8.957836851e+02 +9.175336851e+02 +9.175336851e+02 +2.8002e-01 -9.6110e-01 +1.4366e+00 +1.6355e+00 +6.2826e-01 -3.7067e+00 -1.8749e-01 -7.3744e-01 -2.1878e+00 -8.5127e-01 +3.5378e-01 +9.8148e-01 +5.3567e-01 -5.2407e-01 +3.2362e+00 -3.9343e+00 -1.1944e-01 -3.8574e+00 -3.2275e-01 +2.5946e-02
15 0 +7.292938365e+02 +7.510438365e+02 +7.510438365e+02 -1.1108e+00 -2.7919e-01 -9.7332e-01 -9.3784e-01 +4.1578e+00 -2.1935e+00 +4.1920e+00 -4.7841e-01 +3.7326e+00 -1.5661e+00 +3.2354e-01 -1.0063e+00 +3.9377e-01 -3.5164e-01 -2.5612e+00 +2.1918e-03 +4.0926e-01 -9.2314e-01 +2.3546e-01 +2.7568e+00
28 0 +4.209316425e+02 +4.426816425e+02 +4.426816425e+02 -1.9046e+00 +9.4953e-01 +2.3261e-01 +5.7990e-01 +1.2760e+00 -3.6992e+00 +2.9372e+00 -2.8279e+00 +3.8265e-01 -2.6220e+00 +3.1889e+00 -3.7697e+00 +4.7841e+00 -8.8023e-02 +9.7183e-01 -4.5645e+00 -5.4294e-01 -1.3452e+00 +8.9387e-01 -6.7752e-01
51 0 +3.553924121e+02 +3.771424121e+02 +3.771424121e+02 -1.6941e+00 -2.8351e+00 +5.8917e-01 +5.1689e-01 -6.2292e-01 -1.5166e+00 +7.4863e-01 -3.9999e+00 -9.0140e-01 +5.0508e-01 +2.5776e+00 -1.7008e-01 +4.7166e+00 -1.6651e+00 -1.9320e-01 -2.6991e+00 +2.6430e-01 -4.3836e-01 -2.0593e+00 -2.6788e-01
129 0 +3.069901615e+02 +3.287401615e+02 +3.287401615e+02 -7.5842e-01 -6.2615e-01 +1.2178e+00 -4.1071e+00 -2.2391e+00 -9.3311e-01 +4.4481e+00 -2.9027e+00 +8.0509e-01 -1.1299e+00 +5.0027e+00 -8.4438e-01 +4.2275e+00 -2.8780e+00 -9.8950e-01 -3.0740e+00 -1.7242e-01 +1.3259e+00 +6.7919e-01 -2.2310e+00
169 0 +2.782844765e+02 +3.000344765e+02 +3.000344765e+02 -1.4087e+00 +2.0160e+00 +4.2748e-01 -2.4616e+00 +8.5491e-01 +3.2745e+00 +2.5677e+00 -1.8745e+00 +8.8712e-01 -4.6661e-01 +3.4644e+00 -8.9331e-01 +7.6980e+00 -8.4250e-01 +6.2200e-01 -5.0059e+00 -1.8714e+00 +3.2121e+00 +3.4750e-01 -2.0030e+00
181 0 +2.574376801e+02 +2.791876801e+02 +2.791876801e+02 -2.1404e+00 -5.5482e-01 +1.9227e+00 -1.5901e+00 +2.9491e+00 +7.3028e-01 +2.1697e+00 -2.6420e+00 +9.4914e-01 -2.4055e+00 +3.8711e+00 -1.5326e+00 +5.7865e+00 -1.0392e+00 -1.6027e-01 -4.4967e+00 -2.2392e+00 +1.4642e+00 +4.0402e-01 -7.1441e-01
224 0 +2.205102601e+02 +2.422602601e+02 +2.422602601e+02 -2.2428e+00 -1.0312e-01 +9.5607e-01 -1.4378e-01 +3.9450e+00 +9.7427e-01 +1.8513e+00 -2.3053e+00 +1.6365e-02 -1.9694e+00 +2.9713e+00 -6.6378e-01 +3.6091e+00 +5.9232e-01 -9.7697e-01 -7.5139e+00 -4.6923e-01 +1.2500e+00 +2.2118e-01 -1.2251e+00
230 0 +1.889901704e+02 +2.107401704e+02 +2.107401704e+02 -1.6077e+00 -4.7965e-02 -1.0973e+00 -2.5988e+00 +2.8299e+00 -5.6885e-01 +2.3523e+00 -1.7322e+00 -6.4433e-01 -1.0902e+00 +2.1855e+00 -2.3717e-01 +3.2489e+00 -1.1119e-01 -6.0097e-01 -5.8984e+00 +2.1804e-02 +1.1135e+00 -1.1719e+00 -2.4167e+00
260 0 +1.636925180e+02 +1.854425180e+02 +1.854425180e+02 -2.1535e+00 +6.9694e-01 -9.6208e-02 -4.6942e-01 +2.0898e+00 +3.7724e-01 +3.2340e+00 -1.5691e+00 -5.1072e-01 -4.2313e-01 +4.0639e+00 -9.9120e-01 +4.3410e+00 -2.6579e-01 -1.3212e-01 -7.1810e+00 -8.6172e-01 +1.0994e+00 -5.7104e-01 -3.2966e+00
269 0 +1.443663491e+02 +1.661163491e+02 +1.661163491e+02 -1.8734e+00 +5.7977e-01 -5.3950e-01 +5.7708e-01 +3.1306e+00 +4.4831e-01 +2.1351e+00 -1.9946e+00 +2.1258e-01 +3.0380e-01 +2.6563e+00 -8.9195e-01 +3.3871e+00 -1.3230e+00 -7.5687e-01 -5.6862e+00 -5.8520e-01 +2.0457e+00 -1.6214e+00 -1.7585e+00
282 0 +1.208332640e+02 +1.425832640e+02 +1.425832640e+02 -2.4889e+00 -1.5930e+00 -1.6105e+00 -1.4640e+00 +2.8191e+00 +4.1196e-02 +3.1024e+00 -2.7558e+00 +4.5693e-01 -2.2327e-01 +3.1963e+00 -1.2478e+00 +3.5462e+00 +7.5154e-02 -7.0425e-01 -4.3369e+00 +1.1052e+00 +1.6823e+00 -1.6832e+00 +2.8024e-01
285 0 +1.187297233e+02 +1.404797233e+02 +1.404797233e+02 -1.2401e+00 +4.6448e-03 -2.1393e-01 -3.5178e-01 +1.1890e+00 +3.2679e-01 +3.0526e+00 -1.6831e+00 +1.1155e+00 +2.4044e-01 +3.5363e+00 -1.2877e+00 +2.7822e+00 -9.7795e-01 -8.1672e-01 -5.1369e+00 -9.3152e-01 +1.3611e+00 -1.1206e+00 -2.3432e+00
308 0 +1.015231990e+02 +1.232731990e+02 +1.232731990e+02 -1.0557e+00 +4.6489e-01 -1.8021e+00 +8.4107e-02 -3.9102e-01 -4.0944e-01 +1.6600e+00 -1.3878e+00 +1.4677e-01 +5.4492e-01 +3.3781e+00 -1.6655e+00 +3.4499e+00 -9.3083e-01 -1.0033e+00 -4.4276e+00 -9.2884e-01 +1.2939e+00 -1.7792e+00 -4.0492e-01
316 0 +9.060662021e+01 +1.123566202e+02 +1.123566202e+02 -7.4426e-01 +1.2075e+00 -1.6574e+00 -1.6185e-01 +6.2068e-01 -1.0245e-01 +3.2969e+00 -1.4758e+00 -9.6271e-01 +8.0043e-01 +2.4646e+00 -1.5474e+00 +3.0140e+00 -2.8596e-01 -7.1797e-01 -5.0016e+00 -1.1278e+00 +3.0856e-01 -2.1429e+00 -7.5658e-01
344 0 +8.253559138e+01 +1.042855914e+02 +1.042855914e+02 +1.3366e-01 +1.0076e+00 -1.7768e+00 -4.3771e-01 +5.6215e-01 -5.4964e-01 +2.6483e+00 -1.4977e+00 +7.1931e-02 +1.1638e+00 +2.6512e+00 -5.9797e-01 +4.2067e+00 +9.5770e-01 -2.8746e-01 -4.5056e+00 -8.7125e-01 +2.2022e+00 -2.3129e+00 -5.6339e-01
403 0 +7.493752388e+01 +9.668752388e+01 +9.668752388e+01 -7.7702e-01 +5.5314e-01 -1.6271e+00 -2.4813e-02 -2.0180e-03 -9.5058e-01 +3.0561e+00 -1.0732e+00 -2.3080e-01 +1.5655e+00 +2.7473e+00 -1.9440e+00 +4.2098e+00 +8.2733e-02 -1.4618e+00 -4.5639e+00 -1.3366e+00 +1.6134e+00 -2.4647e+00 -7.5102e-01
410 0 +6.882472775e+01 +9.057472775e+01 +9.057472775e+01 +5.1334e-01 +4.4483e-01 -1.5226e+00 -1.0370e+00 -1.8501e-01 -1.7726e+00 +2.3928e+00 -6.4965e-01 +6.6302e-01 +2.0169e+00 +3.4996e+00 -8.9821e-01 +4.1002e+00 +2.5354e-01 -7.9488e-01 -4.5871e+00 -1.3594e+00 +2.2688e+00 -2.4664e+00 -7.5645e-01
415 0 +6.589494917e+01 +8.764494917e+01 +8.764494917e+01 +4.8825e-01 +2.2584e-01 -1.6034e+00 +3.0773e-01 -3.7941e-01 -1.2829e+00 +2.7960e+00 -1.2049e+00 +6.2383e-01 +2.0678e+00 +2.5369e+00 -8.7889e-01 +3.7359e+00 +3.0868e-01 -1.0499e+00 -4.6969e+00 -1.3872e+00 +8.9540e-01 -1.6701e+00 +2.5420e-01
419 0 +6.290195669e+01 +8.465195669e+01 +8.465195669e+01 -3.9234e-01 +4.6455e-01 -6.6885e-01 -6.6636e-02 -1.1091e+00 -1.6163e+00 +2.4232e+00 -7.1064e-01 +4.8633e-01 +1.5917e+00 +3.4992e+00 -1.4641e+00 +4.5295e+00 -3.3189e-01 -1.1292e+00 -4.8962e+00 -7.9957e-01 +2.5399e+00 -1.5573e+00 -1.2597e+00
425 0 +6.147316175e+01 +8.322316175e+01 +8.322316175e+01 +7.6349e-01 +4.7834e-01 -4.1831e-01 -2.1964e-01 -1.3888e+00 -1.6250e+00 +2.7143e+00 -7.6888e-01 +1.3433e+00 +1.3256e+00 +2.8212e+00 -4.4840e-01 +4.7343e+00 -1.1126e+00 -7.1994e-01 -4.0287e+00 -1.9953e+00 +2.3033e+00 -2.1041e+00 -5.0507e-01
433 0 +5.616533052e+01 +7.791533052e+01 +7.791533052e+01 +4.1845e-01 -1.7316e-01 -2.8747e-01 +2.4687e-01 -1.2202e+00 -2.1544e+00 +2.8956e+00 +1.1983e-01 +3.8735e-01 +2.2659e+00 +3.2063e+00 -5.8876e-01 +4.0945e+00 +3.3164e-01 -7.0367e-01 -4.1801e+00 -1.4053e+00 +2.5374e+00 -2.5803e+00 -9.9338e-01
439 0 +5.038430548e+01 +7.213430548e+01 +7.213430548e+01 +1.5224e-01 +5.7290e-01 -3.8521e-02 +1.2240e+00 -1.0172e+00 -2.2930e+00 +2.6233e+00 +8.7275e-01 +6.8817e-01 +1.9574e+00 +4.1562e+00 -7.8426e-01 +4.3402e+00 -3.6193e-01 -4.4235e-01 -4.1308e+00 -1.0001e+00 +3.0032e+00 -2.8598e+00 -4.4609e-01
447 0 +4.487269709e+01 +6.662269709e+01 +6.662269709e+01 +9.2236e-01 +8.3888e-01 -9.7381e-01 +6.1914e-01 -1.5153e+00 -2.5447e+00 +2.8775e+00 +8.3565e-01 +6.3816e-01 +2.4667e+00 +3.7090e+00 +1.6059e-01 +3.9148e+00 -2.8092e-01 -4.0125e-01 -5.1157e+00 -1.3551e+00 +3.1501e+00 -2.6756e+00 -1.1605e+00
469 0 +4.463060119e+01 +6.638060119e+01 +6.638060119e+01 +5.6420e-01 +1.0780e+00 -1.4636e-01 +7.4848e-01 -1.1448e+00 -2.6265e+00 +3.7765e+00 +2.8701e-01 +5.7149e-01 +2.8698e+00 +2.7512e+00 +1.7887e-02 +4.2738e+00 -8.5262e-01 -2.2823e-01 -4.4098e+00 -1.4933e+00 +1.7379e+00 -3.0401e+00 -6.0565e-01
