% f evaluations | g evaluations | best noise-free fitness - Fopt (3.718000000000e+01) + sum g_i+ | measured fitness | best measured fitness or single-digit g-values | x1 | x2...
1 0 +4.493569195e+01 +8.211569195e+01 +8.211569195e+01 +0.0000e+00 +0.0000e+00 +0.0000e+00 +0.0000e+00 +0.0000e+00 +0.0000e+00 +0.0000e+00 +0.0000e+00 +0.0000e+00 +0.0000e+00 +0.0000e+00 +0.0000e+00 +0.0000e+00 +0.0000e+00 +0.0000e+00 +0.0000e+00 +0.0000e+00 +0.0000e+00 +0.0000e+00 +0.0000e+00
3 0 +4.274646622e+01 +7.992646622e+01 +7.992646622e+01 +1.9741e+00 +4.0043e+00 -4.8568e-01 -1.6958e+00 -2.9874e+00 -2.7721e-01 +9.5840e-01 -4.0561e+00 +2.3419e-01 -7.2431e-01 +9.0699e-01 +4.7827e-01 +4.3840e+00 -8.8447e-01 -1.2750e-01 +1.9902e+00 +2.0786e+00 -2.3657e+00 +6.6684e-01 -1.4327e+00
37 0 +3.621685835e+01 +7.339685835e+01 +7.339685835e+01 +7.5438e-01 +7.6158e-01 +1.1205e+00 -1.2168e+00 -2.1527e+00 +1.8570e+00 +1.0010e-01 -2.7048e+00 -6.6673e-01 +1.1666e+00 -9.1580e-02 -8.3591e-01 +2.6845e+00 -2.9010e+00 +4.4582e+00 +3.3849e+00 +1.7908e+00 -3.1088e-01 +4.5549e-01 +2.4940e+00
80 0 +3.481784642e+01 +7.199784642e+01 +7.199784642e+01 -1.4883e+00 +3.5524e-01 +2.7776e+00 -2.7039e+00 -2.2455e+00 +1.6242e+00 -7.6346e-02 -1.3880e+00 +1.4357e+00 +1.8163e+00 +1.5209e+00 +2.8186e+00 +1.3688e+00 +1.1156e+00 +1.5634e+00 -1.1980e+00 +2.3191e-01 -1.7986e+00 -1.2657e+00 -2.4959e-01
90 0 +3.272244871e+01 +6.990244871e+01 +6.990244871e+01 -1.9819e+00 +2.5195e+00 +2.7823e+00 -3.4208e+00 -4.2645e+00 +1.6508e+00 +6.7196e-01 +8.8210e-01 +1.8222e+00 +1.2889e+00 +3.3373e+00 +1.6549e+00 +2.5734e+00 +3.9060e+00 +3.2221e+00 +1.1637e+00 -2.1347e-01 +2.8116e+00 -1.2073e+00 +3.4218e+00
109 0 +3.076737838e+01 +6.794737838e+01 +6.794737838e+01 -1.3999e+00 -5.3456e-01 +2.7508e+00 -1.0077e+00 -1.9976e+00 +3.6499e-01 +4.2974e-01 -2.3938e+00 +3.0669e+00 -2.4136e-01 +1.9278e+00 +1.6847e+00 +2.5987e+00 +2.2982e-01 +3.9064e+00 +2.1277e+00 +2.8235e+00 +8.1640e-02 -1.8421e+00 +1.3318e+00
128 0 +2.935222347e+01 +6.653222347e+01 +6.653222347e+01 -2.2080e+00 -1.2481e+00 +3.0935e+00 -1.9748e+00 -2.7103e+00 -2.0585e+00 -1.6599e-01 -4.0605e+00 +1.5421e+00 +2.3646e+00 +2.0754e+00 +1.7736e+00 +1.7067e+00 -9.4080e-02 +3.4729e+00 +1.3495e+00 +2.1399e+00 +1.0407e+00 -3.2844e+00 +8.8865e-01
144 0 +2.423962659e+01 +6.141962659e+01 +6.141962659e+01 -7.2066e-01 -8.6953e-03 +3.7752e+00 -1.4636e+00 -3.3183e+00 +1.1581e+00 +7.2861e-01 -3.5211e+00 -8.4717e-01 -9.0200e-01 -6.9900e-01 -3.3202e-01 +1.9070e+00 -1.2077e+00 +3.9578e+00 +1.6754e+00 +1.4308e+00 -5.6279e-01 -3.1096e+00 +2.6915e+00
178 0 +2.287378018e+01 +6.005378018e+01 +6.005378018e+01 -1.3377e+00 -7.4389e-01 +4.3396e+00 -2.6742e+00 -1.8625e+00 -2.4010e-01 +5.3975e-01 -3.7147e+00 -9.8113e-01 +1.4727e+00 -2.0003e+00 +5.0741e-01 +8.7201e-01 -3.9728e-01 +1.5954e+00 +1.5435e+00 +1.2882e+00 -1.5709e-01 -4.0218e+00 +1.3455e+00
