% f evaluations | g evaluations | best noise-free fitness - Fopt (9.294000000000e+01) + sum g_i+ | measured fitness | best measured fitness or single-digit g-values | x1 | x2...
1 0 +1.756574751e+03 +1.849514751e+03 +1.849514751e+03 +0.0000e+00 +0.0000e+00 +0.0000e+00 +0.0000e+00 +0.0000e+00 +0.0000e+00 +0.0000e+00 +0.0000e+00 +0.0000e+00 +0.0000e+00 +0.0000e+00 +0.0000e+00 +0.0000e+00 +0.0000e+00 +0.0000e+00 +0.0000e+00 +0.0000e+00 +0.0000e+00 +0.0000e+00 +0.0000e+00
4 0 +1.126880666e+03 +1.219820666e+03 +1.219820666e+03 -1.3064e+00 -2.7876e+00 +1.1432e+00 +9.2781e-01 +1.5741e+00 +2.8357e+00 -6.3862e-01 +2.0145e+00 -1.2663e+00 -1.2977e-01 +1.0761e+00 +2.0358e+00 +4.0317e+00 +2.8184e+00 -1.4888e+00 +1.1664e+00 +4.7222e+00 -1.3401e-01 +2.3157e+00 -2.1721e+00
6 0 +1.028852535e+03 +1.121792535e+03 +1.121792535e+03 +1.8212e+00 +1.6567e-01 -5.2877e-01 -3.0513e-01 -2.9430e-01 +2.7225e+00 -2.4941e-01 +2.2733e+00 +3.1669e+00 -1.9551e+00 -1.8372e+00 +1.2634e+00 -6.9163e-01 +6.6770e-01 -1.9547e+00 +1.2285e+00 +2.9309e+00 +1.4952e+00 +2.1843e-01 +9.7601e-01
26 0 +8.807926000e+02 +9.737326000e+02 +9.737326000e+02 +3.1190e-01 -3.4933e+00 -3.8799e+00 +9.5504e-02 +3.5658e+00 +5.9733e+00 -1.3087e+00 +2.5900e+00 +4.4454e+00 -2.7318e+00 -1.3268e+00 +2.2404e+00 -9.9944e-01 -2.2747e+00 -1.2196e+00 +1.7874e+00 +6.6527e+00 -8.3685e-02 -2.7755e+00 +6.2869e-01
36 0 +5.438760378e+02 +6.368160378e+02 +6.368160378e+02 -5.9708e-01 -2.0878e+00 -1.2642e+00 +1.7087e+00 -1.5540e+00 +8.7278e+00 +1.7939e+00 +1.3569e+00 +3.5334e+00 -3.2583e+00 -5.8292e+00 +4.6057e-01 +4.3235e-01 +3.5527e+00 +3.2509e-01 +3.2633e+00 +6.3480e+00 -9.3227e-01 +2.9019e-01 +2.3980e+00
92 0 +4.666294946e+02 +5.595694946e+02 +5.595694946e+02 -1.8969e+00 -5.5506e+00 -1.2008e+00 +1.2373e+00 -1.1989e+00 +3.0109e+00 -2.9310e-01 +2.8800e+00 +8.0021e+00 +6.3836e-01 -5.4171e+00 -2.3035e+00 -7.2179e-01 -9.1090e-01 +2.5601e+00 +2.8659e+00 +4.2573e+00 -3.1294e+00 -2.3910e-01 +1.6640e+00
131 0 +4.469935230e+02 +5.399335230e+02 +5.399335230e+02 -1.4517e+00 -4.2221e+00 -5.2244e-01 +3.3723e+00 -2.7803e+00 +4.8385e+00 +4.6594e+00 +7.1436e-01 +5.4859e+00 +1.1152e-01 -2.3969e+00 -2.6533e+00 +1.4316e+00 -1.8584e+00 +3.8506e+00 +9.7526e-01 +2.8329e+00 -4.5560e+00 -6.0599e-01 +1.4539e+00
137 0 +3.056510786e+02 +3.985910786e+02 +3.985910786e+02 -1.8055e+00 -2.7109e+00 -2.9955e+00 +2.4694e+00 -1.4403e+00 +2.4638e+00 +2.9680e+00 +3.9627e+00 +5.3530e+00 +1.1923e-01 -7.2819e-01 -2.9877e+00 -1.9906e-01 -1.4969e+00 +2.7506e+00 -1.3577e+00 +3.5829e+00 -1.6306e+00 -4.4576e-01 +9.3147e-01
176 0 +2.694223426e+02 +3.623623426e+02 +3.623623426e+02 -3.2219e+00 -2.5134e-01 -2.7115e+00 +2.7300e+00 +1.5450e+00 +6.5152e+00 +3.1488e+00 +4.6359e+00 +3.6831e+00 +8.1998e-01 -2.3027e+00 +5.2981e-01 -2.7726e-02 -1.0242e+00 +2.4333e+00 -5.4360e-01 +3.3128e+00 -1.3119e+00 +1.8249e+00 -2.7283e-01
