% f evaluations | g evaluations | best noise-free fitness - Fopt (-6.211100000000e+02) + sum g_i+ | measured fitness | best measured fitness or single-digit g-values | x1 | x2...
1 0 +4.288577618e+08 +4.288571407e+08 +4.288571407e+08 +0.0000e+00 +0.0000e+00 +0.0000e+00 +0.0000e+00 +0.0000e+00 +0.0000e+00 +0.0000e+00 +0.0000e+00 +0.0000e+00 +0.0000e+00 +0.0000e+00 +0.0000e+00 +0.0000e+00 +0.0000e+00 +0.0000e+00 +0.0000e+00 +0.0000e+00 +0.0000e+00 +0.0000e+00 +0.0000e+00
11 0 +2.336019757e+08 +2.336013546e+08 +2.336013546e+08 -6.3137e-01 +4.2826e+00 -2.1736e-01 +8.4966e-01 +2.9766e-01 -7.9982e-01 -1.4499e+00 +1.2338e+00 -1.0327e+00 +2.9023e+00 -4.2497e+00 -2.2095e+00 +1.6120e+00 +9.4579e-02 +3.7088e+00 -2.3990e-01 +3.1340e-01 +1.0053e+00 +2.4807e+00 +6.3099e+00
19 0 +1.617339614e+08 +1.617333403e+08 +1.617333403e+08 -6.0134e-01 +2.9115e+00 -7.8604e-01 -1.2019e+00 +3.4488e-02 +1.6791e+00 -1.1734e+00 +2.0246e+00 -1.0974e+00 -6.5639e-01 +1.2525e+00 +1.7208e+00 +3.9245e+00 -1.8428e+00 -1.2944e+00 -1.2847e+00 +1.8874e+00 +1.7155e+00 -1.5054e+00 +1.3035e+00
33 0 +1.552656929e+08 +1.552650718e+08 +1.552650718e+08 +1.8000e+00 +2.5749e+00 -1.6810e+00 -3.1617e+00 +8.3311e-02 -1.9865e+00 -9.0502e-01 -7.6051e-02 -5.0138e-01 +4.9358e+00 -2.4724e+00 -1.0029e+00 +8.9097e-01 +6.0130e-01 +1.4342e+00 -2.5784e+00 +6.5552e+00 +2.8410e+00 -2.5074e+00 +3.5902e+00
43 0 +1.349498253e+08 +1.349492042e+08 +1.349492042e+08 +1.3866e+00 +1.0505e+00 -4.6995e+00 -3.7345e+00 -2.0031e+00 +9.6049e-02 +9.3730e-01 +1.8718e+00 -8.2570e-01 -1.2415e+00 -1.8572e+00 +8.2041e-01 +5.3588e+00 -2.7667e-01 +2.9806e+00 -1.5063e+00 +3.5022e+00 +3.5978e+00 -5.5765e+00 +8.6097e-01
50 0 +8.907611516e+07 +8.907549405e+07 +8.907549405e+07 +1.4438e+00 +2.4742e+00 -3.0575e+00 -3.5039e+00 +7.5209e-02 -1.7030e-01 -3.7498e-01 +2.6537e+00 +4.9209e-02 +5.2765e-01 -2.0936e+00 +3.6207e-01 +4.0743e+00 -1.6508e-01 +9.6276e-01 -2.5364e+00 +2.8977e+00 +3.1067e+00 -4.0558e+00 +2.0690e+00
% f evaluations | g evaluations | best noise-free fitness - Fopt (-2.548200000000e+02) + sum g_i+ | measured fitness | best measured fitness or single-digit g-values | x1 | x2...
1 0 +6.098664382e+08 +6.098661834e+08 +6.098661834e+08 +0.0000e+00 +0.0000e+00 +0.0000e+00 +0.0000e+00 +0.0000e+00 +0.0000e+00 +0.0000e+00 +0.0000e+00 +0.0000e+00 +0.0000e+00 +0.0000e+00 +0.0000e+00 +0.0000e+00 +0.0000e+00 +0.0000e+00 +0.0000e+00 +0.0000e+00 +0.0000e+00 +0.0000e+00 +0.0000e+00
5 0 +4.582393385e+08 +4.582390837e+08 +4.582390837e+08 +3.4054e+00 -1.4705e+00 +2.4817e+00 -2.7226e+00 -4.1557e+00 -1.6748e+00 +2.0015e+00 +2.7479e-01 -1.8819e+00 +1.0111e+00 -6.2533e-01 -5.8282e-01 +1.8000e+00 +1.7546e-01 +4.3491e-01 -1.5293e+00 +1.0560e+00 -1.4676e+00 -2.5118e+00 +1.5442e+00
15 0 +2.108595000e+08 +2.108592452e+08 +2.108592452e+08 +2.8654e+00 +1.1350e+00 -1.2349e+00 -2.0561e+00 +1.3243e+00 -2.5041e+00 +3.0759e+00 +1.8244e+00 +2.5249e-01 +1.4655e+00 -1.3369e+00 +7.2517e-01 -1.1147e+00 +9.0182e-01 -3.2765e+00 -8.1346e-01 +4.0215e+00 +2.5298e-01 -8.8391e-01 +7.8710e-02
20 0 +1.473422140e+08 +1.473419591e+08 +1.473419591e+08 +2.3172e+00 +1.7552e+00 +3.8324e+00 -1.6528e+00 -3.1377e+00 -9.7750e-01 -3.3812e+00 +4.4569e-01 -9.8086e-01 -1.2409e+00 -1.8624e-01 -1.3816e+00 +1.2484e-01 +8.1392e-01 -3.3488e+00 -2.2169e+00 +2.3076e+00 -5.2349e-01 -1.9342e+00 +2.4773e-01
36 0 +6.444530086e+07 +6.444504604e+07 +6.444504604e+07 +3.8749e+00 +1.8120e-01 +1.4504e+00 -1.7027e+00 -1.9865e+00 -4.0364e+00 -7.5375e-01 +3.4759e+00 -3.9738e-01 +9.9626e-01 +3.3355e+00 +8.9252e-01 -4.0369e-01 +8.1133e-01 -5.4782e+00 -4.9357e-01 +1.7426e+00 +7.5324e-02 -2.5509e-01 +2.6987e+00
% f evaluations | g evaluations | best noise-free fitness - Fopt (5.661000000000e+01) + sum g_i+ | measured fitness | best measured fitness or single-digit g-values | x1 | x2...
1 0 +2.859133070e+08 +2.859133636e+08 +2.859133636e+08 +0.0000e+00 +0.0000e+00 +0.0000e+00 +0.0000e+00 +0.0000e+00 +0.0000e+00 +0.0000e+00 +0.0000e+00 +0.0000e+00 +0.0000e+00 +0.0000e+00 +0.0000e+00 +0.0000e+00 +0.0000e+00 +0.0000e+00 +0.0000e+00 +0.0000e+00 +0.0000e+00 +0.0000e+00 +0.0000e+00
14 0 +2.850104027e+08 +2.850104593e+08 +2.850104593e+08 +8.7310e-01 +1.0388e+00 +1.4265e+00 +1.1954e+00 +1.9536e+00 +7.8288e-01 +1.1974e+00 +4.9898e-01 +2.4638e-01 +9.9755e-01 +3.0969e+00 -1.1681e+00 +2.0508e+00 +2.8945e+00 +6.3948e-01 -4.6162e-01 +1.3753e-01 +1.2158e-01 -3.6500e-01 -7.0106e-02
16 0 +2.628090837e+08 +2.628091403e+08 +2.628091403e+08 +9.5472e-01 +6.1580e-01 -2.0578e+00 -7.1224e-01 -4.6072e-01 +1.0802e+00 +2.5750e+00 -1.9385e+00 +3.1501e+00 +6.8257e-01 +4.9390e+00 +2.2841e-01 -1.0843e+00 +1.6325e+00 -1.7628e-01 +3.4794e+00 -5.4621e-01 +1.1085e+00 +9.4751e-01 -3.1947e+00
29 0 +1.669157418e+08 +1.669157984e+08 +1.669157984e+08 -6.8957e-01 +1.6620e-01 +1.3236e+00 -1.2564e+00 -1.2188e+00 +2.8964e-01 +2.5602e+00 -1.1231e+00 -1.9241e+00 +2.3795e+00 +1.3104e+00 -1.9115e+00 -1.6155e+00 +2.9396e+00 -1.5523e+00 +2.5489e-01 +4.6999e-01 +2.2988e+00 -1.0636e-01 -2.4493e+00
37 0 +1.306647223e+08 +1.306647789e+08 +1.306647789e+08 +3.7676e-03 -1.7426e+00 -1.6167e+00 -1.4963e+00 -3.6305e+00 -2.4880e-01 +6.9448e-01 -8.5886e-01 +8.8580e-01 +3.3710e+00 +2.8132e+00 -7.4984e-02 -1.3953e+00 +2.9307e+00 +1.5420e+00 +1.8022e+00 +1.2547e+00 -1.5778e+00 -1.0414e+00 -3.8383e+00
38 0 +1.264119640e+08 +1.264120206e+08 +1.264120206e+08 +1.0727e+00 -2.6268e+00 -2.1435e+00 -1.6944e+00 -3.7153e+00 +4.9993e-02 +3.6019e-01 -2.3295e+00 +1.1720e+00 -5.6430e-01 +4.1241e+00 +1.5903e+00 -2.2557e+00 +1.5257e+00 -3.6050e+00 +1.2252e+00 -1.9967e+00 +5.9159e-01 +1.1895e+00 -1.9563e+00
45 0 +1.070955020e+08 +1.070955587e+08 +1.070955587e+08 -1.5661e+00 +7.8570e-01 -3.4695e+00 +1.9906e-01 -1.6378e+00 +1.5466e+00 +4.4499e+00 -2.8423e+00 -1.6157e+00 +4.6547e-01 +4.7927e+00 +2.3813e+00 +2.6582e-02 +2.9368e+00 +8.3753e-01 -1.0456e+00 -1.4663e+00 +1.7732e+00 -4.3537e-01 -2.6837e-01
50 0 +6.299701255e+07 +6.299706916e+07 +6.299706916e+07 -6.4651e-01 -6.1426e-01 -2.5508e+00 +2.7311e-01 -2.0800e+00 +1.0347e+00 +2.6823e+00 -2.5758e+00 -9.6943e-01 +3.0135e-01 +4.4367e+00 +1.2010e+00 +2.3201e-01 +2.3527e+00 -4.2081e-01 -4.2832e-01 -2.0780e-01 +1.0118e+00 -4.5768e-01 -2.2266e+00
% f evaluations | g evaluations | best noise-free fitness - Fopt (-1.810000000000e+01) + sum g_i+ | measured fitness | best measured fitness or single-digit g-values | x1 | x2...
1 0 +1.629154048e+08 +1.629153867e+08 +1.629153867e+08 +0.0000e+00 +0.0000e+00 +0.0000e+00 +0.0000e+00 +0.0000e+00 +0.0000e+00 +0.0000e+00 +0.0000e+00 +0.0000e+00 +0.0000e+00 +0.0000e+00 +0.0000e+00 +0.0000e+00 +0.0000e+00 +0.0000e+00 +0.0000e+00 +0.0000e+00 +0.0000e+00 +0.0000e+00 +0.0000e+00
23 0 +1.507864301e+08 +1.507864120e+08 +1.507864120e+08 -5.2963e-01 -3.6252e-01 +1.6400e+00 +5.0551e+00 -2.7996e+00 -4.1038e-01 -1.0769e+00 +1.3516e+00 +9.2289e-01 +8.4224e-01 -1.4085e-02 +8.3467e-01 +3.7888e+00 +3.3871e+00 +5.6425e-01 +1.7300e+00 -3.3194e+00 -2.5901e+00 -9.1255e-01 +1.0806e+00
29 0 +1.156288539e+08 +1.156288358e+08 +1.156288358e+08 -9.1461e-02 +3.0085e+00 +2.6153e+00 +1.8742e+00 -2.3553e+00 -8.0633e-01 +4.5231e-01 -1.8485e+00 +8.0003e-01 +9.5566e-01 -1.3775e+00 -2.6574e+00 +2.2074e+00 +1.0431e+00 -2.6443e+00 +1.7523e+00 -2.8460e+00 -3.3310e+00 -1.4821e+00 +2.3010e+00
43 0 +1.065947900e+08 +1.065947719e+08 +1.065947719e+08 +7.5318e-01 +5.3598e-01 +2.4550e+00 +1.5505e+00 -2.0040e+00 -4.6262e-01 +2.4480e+00 -3.7465e+00 +2.8466e+00 +2.5056e-02 -1.9355e-01 -4.5455e+00 +2.2881e+00 +9.1812e-01 -1.7442e+00 +2.3687e+00 -2.0093e+00 -4.1182e+00 -9.3239e-01 -4.6806e-01
50 0 +9.436114452e+07 +9.436112642e+07 +9.436112642e+07 +5.0585e-01 +8.2301e-01 +2.1675e+00 +2.3173e+00 -1.7063e+00 +6.1363e-02 +6.9272e-01 -2.3702e+00 +1.5571e+00 -4.5625e-02 -3.9832e-01 -1.8260e+00 +2.7859e+00 +4.4822e-01 -1.7316e+00 +2.0570e+00 -2.5580e+00 -3.9233e+00 -1.4281e+00 +1.0157e+00
% f evaluations | g evaluations | best noise-free fitness - Fopt (3.777000000000e+01) + sum g_i+ | measured fitness | best measured fitness or single-digit g-values | x1 | x2...
1 0 +9.102553206e+07 +9.102556983e+07 +9.102556983e+07 +0.0000e+00 +0.0000e+00 +0.0000e+00 +0.0000e+00 +0.0000e+00 +0.0000e+00 +0.0000e+00 +0.0000e+00 +0.0000e+00 +0.0000e+00 +0.0000e+00 +0.0000e+00 +0.0000e+00 +0.0000e+00 +0.0000e+00 +0.0000e+00 +0.0000e+00 +0.0000e+00 +0.0000e+00 +0.0000e+00
7 0 +8.281717029e+07 +8.281720806e+07 +8.281720806e+07 +3.2783e-01 +7.1024e-01 -1.8155e-01 +1.4510e-02 +2.1836e+00 +5.5901e-01 -5.0196e-01 -5.5638e-02 -5.7483e-02 -1.3045e-01 +1.9841e+00 +1.2642e+00 -1.4085e+00 +1.0623e+00 -3.6028e+00 +1.4444e+00 -3.5948e+00 -1.3223e+00 -1.0049e+00 -2.1278e+00
32 0 +5.681337945e+07 +5.681341722e+07 +5.681341722e+07 +2.0142e+00 +2.5841e+00 +3.2952e-01 -2.7746e+00 +1.2372e+00 -1.7867e+00 -1.2646e+00 +9.4867e-01 -3.6274e-01 -3.6845e+00 -1.9259e+00 -3.1695e-01 -4.2613e+00 +5.5500e-01 -2.1493e+00 +2.6876e-01 -3.3573e+00 -3.2362e-01 -7.5917e-01 +1.4186e+00
50 0 +3.727818214e+07 +3.727821991e+07 +3.727821991e+07 +2.4114e+00 +2.5705e+00 +3.6411e-01 -5.3220e-01 -5.0569e-01 -1.9959e+00 -2.7991e+00 -1.0414e-01 -2.9398e-01 -2.7143e+00 +4.0557e-01 -4.0135e-01 -3.3420e+00 +1.3982e+00 -1.1190e+00 +8.9419e-01 -3.6717e+00 -2.4312e+00 -3.0621e-01 +7.0304e-01
