% f evaluations | g evaluations | best noise-free fitness - Fopt (-4.620900000000e+02) + sum g_i+ | measured fitness | best measured fitness or single-digit g-values | x1 | x2...
1 0 +6.396983841e+02 +1.776083841e+02 +1.776083841e+02 +0.0000e+00 +0.0000e+00 +0.0000e+00 +0.0000e+00 +0.0000e+00 +0.0000e+00 +0.0000e+00 +0.0000e+00 +0.0000e+00 +0.0000e+00 +0.0000e+00 +0.0000e+00 +0.0000e+00 +0.0000e+00 +0.0000e+00 +0.0000e+00 +0.0000e+00 +0.0000e+00 +0.0000e+00 +0.0000e+00
19 0 +6.198046540e+02 +1.577146540e+02 +1.577146540e+02 -2.4125e-01 +1.0678e+00 -8.4919e-01 -1.0418e+00 +2.3973e+00 -5.8021e-03 +2.1020e-01 -9.1047e-02 +6.7577e-01 +1.3678e-01 +1.9416e+00 -2.0304e-01 -2.0137e-01 -4.4034e+00 -1.9444e+00 -1.9508e+00 -1.7773e+00 +7.8930e-01 +3.5956e-01 +5.0266e+00
32 0 +5.245004296e+02 +6.241042962e+01 +6.241042962e+01 -5.0714e-01 +2.1311e+00 +1.6346e+00 +1.4288e+00 +1.9177e+00 +2.9517e-01 +1.7569e+00 +5.5591e-01 +1.1998e+00 +1.1852e+00 -5.1870e-01 +7.8977e-01 +5.6511e-01 -1.0952e+00 -3.6144e-01 -3.6756e+00 -1.0750e+00 +1.1008e-01 +4.0225e-01 +1.8647e+00
% f evaluations | g evaluations | best noise-free fitness - Fopt (7.766000000000e+01) + sum g_i+ | measured fitness | best measured fitness or single-digit g-values | x1 | x2...
1 0 +6.180024892e+02 +6.956624892e+02 +6.956624892e+02 +0.0000e+00 +0.0000e+00 +0.0000e+00 +0.0000e+00 +0.0000e+00 +0.0000e+00 +0.0000e+00 +0.0000e+00 +0.0000e+00 +0.0000e+00 +0.0000e+00 +0.0000e+00 +0.0000e+00 +0.0000e+00 +0.0000e+00 +0.0000e+00 +0.0000e+00 +0.0000e+00 +0.0000e+00 +0.0000e+00
29 0 +6.055775774e+02 +6.832375774e+02 +6.832375774e+02 -7.3408e-02 -1.2645e+00 +2.1140e+00 -1.3661e-01 +1.7527e+00 -1.0397e+00 -3.2671e+00 -1.9274e+00 -1.8315e+00 +9.2716e-01 +1.4822e+00 -1.7091e+00 -1.3531e+00 +7.9077e-01 +5.9574e-01 +1.3228e+00 -7.8139e-01 -1.5365e+00 +1.0742e-01 -2.6630e+00
50 0 +5.333666858e+02 +6.110266858e+02 +6.110266858e+02 -1.8119e-01 -4.0276e-01 +1.2229e+00 -3.8101e-01 -3.1853e-01 -3.1994e-01 -1.2951e+00 -2.0403e-01 -1.9169e+00 -9.6078e-01 +2.2154e+00 -2.2457e+00 -2.4558e-01 -1.5083e-01 -1.0235e+00 +1.4416e+00 -1.5214e+00 -3.9657e-02 +4.1076e-01 -2.9198e+00
% f evaluations | g evaluations | best noise-free fitness - Fopt (1.156800000000e+02) + sum g_i+ | measured fitness | best measured fitness or single-digit g-values | x1 | x2...
1 0 +6.938743300e+02 +8.095543300e+02 +8.095543300e+02 +0.0000e+00 +0.0000e+00 +0.0000e+00 +0.0000e+00 +0.0000e+00 +0.0000e+00 +0.0000e+00 +0.0000e+00 +0.0000e+00 +0.0000e+00 +0.0000e+00 +0.0000e+00 +0.0000e+00 +0.0000e+00 +0.0000e+00 +0.0000e+00 +0.0000e+00 +0.0000e+00 +0.0000e+00 +0.0000e+00
37 0 +6.489498077e+02 +7.646298077e+02 +7.646298077e+02 -2.6166e+00 +1.5277e+00 -2.5806e+00 +8.9775e-01 -3.4027e-01 -4.4110e-02 +2.7091e+00 -7.3516e-02 -1.0100e+00 -2.5243e+00 +2.0632e+00 -2.7150e+00 -2.1490e+00 -1.6481e+00 +1.7383e+00 -1.8111e+00 +2.1791e-01 -1.4920e-01 +1.7788e+00 -1.3505e+00
49 0 +5.912476022e+02 +7.069276022e+02 +7.069276022e+02 -2.8115e+00 +1.0692e+00 -4.2846e+00 -4.5285e-01 +1.5340e+00 -1.1486e-01 -3.6390e-01 +2.7514e-01 -3.2237e-01 -4.4677e+00 +1.1907e+00 -2.2824e+00 +3.5088e-01 +8.8109e-01 -1.7496e-01 -7.6379e-01 -1.6934e+00 +9.0895e-01 +6.9836e-01 -2.3773e+00
% f evaluations | g evaluations | best noise-free fitness - Fopt (-3.710000000000e+00) + sum g_i+ | measured fitness | best measured fitness or single-digit g-values | x1 | x2...
1 0 +7.220277828e+02 +7.183177828e+02 +7.183177828e+02 +0.0000e+00 +0.0000e+00 +0.0000e+00 +0.0000e+00 +0.0000e+00 +0.0000e+00 +0.0000e+00 +0.0000e+00 +0.0000e+00 +0.0000e+00 +0.0000e+00 +0.0000e+00 +0.0000e+00 +0.0000e+00 +0.0000e+00 +0.0000e+00 +0.0000e+00 +0.0000e+00 +0.0000e+00 +0.0000e+00
37 0 +6.648854166e+02 +6.611754166e+02 +6.611754166e+02 -7.5806e-01 +4.3729e-01 -9.8913e-01 -2.5916e-01 -1.4903e+00 -3.5502e-01 -1.7251e+00 -4.1888e-01 +1.7901e+00 +1.6241e+00 +2.2805e+00 +4.6224e-01 +1.5694e+00 +1.4420e+00 -8.8727e-01 +1.5823e-02 -2.8822e+00 -9.3864e-02 +3.6417e+00 -1.0493e+00
50 0 +6.443679592e+02 +6.406579592e+02 +6.406579592e+02 -1.5767e+00 -8.3170e-01 -8.5562e-01 +1.3637e+00 -8.8096e-01 -4.4009e-01 -6.9684e-01 -1.3445e+00 +3.7382e-01 -1.3578e+00 +9.9602e-01 -6.9570e-01 +4.6827e-02 +1.5629e+00 -8.1805e-01 +2.5505e-02 -1.3828e+00 +1.4085e+00 +1.9993e+00 -1.6550e+00
% f evaluations | g evaluations | best noise-free fitness - Fopt (1.321800000000e+02) + sum g_i+ | measured fitness | best measured fitness or single-digit g-values | x1 | x2...
1 0 +6.434976601e+02 +7.756776601e+02 +7.756776601e+02 +0.0000e+00 +0.0000e+00 +0.0000e+00 +0.0000e+00 +0.0000e+00 +0.0000e+00 +0.0000e+00 +0.0000e+00 +0.0000e+00 +0.0000e+00 +0.0000e+00 +0.0000e+00 +0.0000e+00 +0.0000e+00 +0.0000e+00 +0.0000e+00 +0.0000e+00 +0.0000e+00 +0.0000e+00 +0.0000e+00
35 0 +6.214135164e+02 +7.535935164e+02 +7.535935164e+02 -5.2959e-02 -1.4650e-01 -1.2964e+00 +3.5410e+00 +1.4816e+00 -1.9945e-01 +2.6682e+00 +1.2772e+00 -3.3238e+00 -2.6831e+00 -1.9169e+00 -4.6455e-02 +2.3889e-01 +3.7933e+00 -5.2351e-01 +3.9288e-01 -5.8371e-01 +3.1702e+00 +1.8717e-01 +5.5768e-01
