% f evaluations | g evaluations | best noise-free fitness - Fopt (-3.745000000000e+01) + sum g_i+ | measured fitness | best measured fitness or single-digit g-values | x1 | x2...
1 0 +5.500000000e+01 +1.755000000e+01 +1.755000000e+01 +0.0000e+00 +0.0000e+00
6 0 +4.472178478e+01 +7.271784785e+00 +7.271784785e+00 -1.5916e+00 +1.1870e+00
8 0 +3.328732344e+01 -4.162676561e+00 -4.162676561e+00 +4.0384e+00 +1.7674e+00
11 0 +3.050490923e+01 -6.945090769e+00 -6.945090769e+00 -4.2527e+00 +2.8748e+00
14 0 +7.624001701e+00 -2.982599830e+01 -2.982599830e+01 -2.6240e+00 +7.5212e+00
16 0 +3.979572957e+00 -3.347042704e+01 -3.347042704e+01 +1.0204e+00 +9.2088e+00
29 0 +2.853136763e+00 -3.459686324e+01 -3.459686324e+01 +5.2801e+00 +4.7147e+00
32 0 +9.150000615e-02 -3.735849999e+01 -3.735849999e+01 +4.9085e+00 +7.6008e+00
38 0 +0.000000000e+00 -3.745000000e+01 -3.745000000e+01 +7.3625e+00 +1.0359e+01
