% f evaluations | g evaluations | best noise-free fitness - Fopt (5.908400000000e+02) + sum g_i+ | measured fitness | best measured fitness or single-digit g-values | x1 | x2...
1 0 +2.380975383e+04 +2.440059383e+04 +2.440059383e+04 +0.0000e+00 +0.0000e+00 +0.0000e+00 +0.0000e+00 +0.0000e+00 +0.0000e+00 +0.0000e+00 +0.0000e+00 +0.0000e+00 +0.0000e+00
29 0 +1.863553233e+04 +1.922637233e+04 +1.922637233e+04 +1.4648e+00 +3.7968e+00 +1.4935e+00 -3.4455e+00 +3.4662e-01 -3.1102e+00 +4.2688e-01 +1.9119e+00 -7.6961e-01 +3.5897e+00
36 0 +8.009851513e+03 +8.600691513e+03 +8.600691513e+03 +2.2443e-01 +1.4320e+00 -4.4133e-01 -3.5707e+00 +5.4247e-01 -4.9957e+00 +5.9704e-01 +2.8807e+00 -4.0930e+00 +4.1224e+00
38 0 +2.385886710e+03 +2.976726710e+03 +2.976726710e+03 -2.3697e+00 +2.6657e+00 -1.2993e+00 -3.4711e-01 -6.4986e-01 -3.6174e+00 -6.0201e-01 -5.8679e-02 -4.4529e+00 +7.7125e+00
47 0 +4.019709264e+02 +9.928109264e+02 +9.928109264e+02 -1.4057e+00 +1.6414e+00 -1.9481e+00 -1.0628e+00 +3.2830e-01 -3.8258e+00 +1.5701e+00 +3.2943e+00 -2.4109e+00 +3.6071e+00
95 0 +2.172833365e+02 +8.081233365e+02 +8.081233365e+02 -1.2150e+00 -5.3342e-03 -1.0181e+00 +1.9223e+00 +3.4782e-01 -3.1443e+00 +4.3382e+00 +1.3534e+00 +1.3467e+00 +3.9688e-01
159 0 +1.713706244e+02 +7.622106244e+02 +7.622106244e+02 -1.9773e+00 +9.9166e-01 -1.8680e+00 +3.5174e+00 -1.3037e+00 -1.1572e+00 +1.4698e+00 +2.8253e+00 +3.2461e+00 -1.8183e+00
187 0 +1.367408853e+02 +7.275808853e+02 +7.275808853e+02 -3.8470e+00 -1.0216e+00 -2.1085e+00 +1.9635e+00 -2.2006e+00 -1.1174e+00 +2.7985e+00 +2.0638e+00 +9.1648e-01 -2.4848e+00
204 0 +1.069169526e+02 +6.977569526e+02 +6.977569526e+02 -2.3073e+00 -1.1748e+00 -2.4620e+00 +2.5729e+00 -2.6253e+00 -1.1472e+00 +3.1962e+00 +1.1472e+00 +2.7738e+00 -2.1595e+00
