% f evaluations | g evaluations | best noise-free fitness - Fopt (7.135000000000e+01) + sum g_i+ | measured fitness | best measured fitness or single-digit g-values | x1 | x2...
1 0 +1.036745178e+02 +1.750245178e+02 +1.750245178e+02 +0.0000e+00 +0.0000e+00 +0.0000e+00 +0.0000e+00 +0.0000e+00 +0.0000e+00 +0.0000e+00 +0.0000e+00 +0.0000e+00 +0.0000e+00
2 0 +8.363411287e+01 +1.549841129e+02 +1.549841129e+02 +1.7493e+00 -9.7072e-01 +9.7701e-02 +2.6377e+00 -3.3892e-01 +3.1823e-03 +2.7731e+00 +3.4687e+00 +4.6157e+00 +1.4612e+00
5 0 +7.525209976e+01 +1.466020998e+02 +1.466020998e+02 -3.4459e-01 +2.9482e+00 +1.3948e+00 -3.6174e+00 -6.7706e-01 -8.8408e-01 +2.4119e-01 +1.5785e+00 +2.4071e+00 -3.0870e+00
9 0 +5.323115906e+01 +1.245811591e+02 +1.245811591e+02 -1.2987e+00 -7.6426e-01 -1.1057e+00 +8.6256e-01 -1.7504e-01 -2.6609e+00 +9.3869e-01 +4.3001e+00 -6.8913e-01 -1.8217e+00
19 0 +4.591155168e+01 +1.172615517e+02 +1.172615517e+02 +2.4846e+00 -9.6286e-01 -1.3554e+00 -1.2120e-01 +1.1126e+00 -8.6880e-01 -2.8096e+00 +5.0827e+00 +1.1005e+00 +2.7820e+00
% f evaluations | g evaluations | best noise-free fitness - Fopt (-3.552200000000e+02) + sum g_i+ | measured fitness | best measured fitness or single-digit g-values | x1 | x2...
1 0 +6.391850572e+01 -2.913014943e+02 -2.913014943e+02 +0.0000e+00 +0.0000e+00 +0.0000e+00 +0.0000e+00 +0.0000e+00 +0.0000e+00 +0.0000e+00 +0.0000e+00 +0.0000e+00 +0.0000e+00
2 0 +5.469003051e+01 -3.005299695e+02 -3.005299695e+02 +8.7060e-01 -8.1281e-01 -4.9752e-02 -1.9007e+00 -1.6968e+00 -1.6608e+00 -1.7763e+00 +4.0232e+00 +2.9525e+00 +7.5145e-01
5 0 +5.069666942e+01 -3.045233306e+02 -3.045233306e+02 +1.9966e+00 -5.0131e+00 -9.0370e-01 -3.1421e+00 +2.5468e+00 +5.5069e-01 +2.0993e+00 +1.1278e+00 -6.5197e-01 -2.5610e-01
6 0 +4.848577075e+01 -3.067342293e+02 -3.067342293e+02 -5.4134e-01 +3.7739e-01 -2.2537e+00 +1.8709e+00 -3.1409e+00 +2.3332e+00 -1.4306e+00 +4.3463e-01 -1.4682e+00 -6.1640e-01
% f evaluations | g evaluations | best noise-free fitness - Fopt (9.917000000000e+01) + sum g_i+ | measured fitness | best measured fitness or single-digit g-values | x1 | x2...
1 0 +1.270454043e+02 +2.262154043e+02 +2.262154043e+02 +0.0000e+00 +0.0000e+00 +0.0000e+00 +0.0000e+00 +0.0000e+00 +0.0000e+00 +0.0000e+00 +0.0000e+00 +0.0000e+00 +0.0000e+00
2 0 +7.891158189e+01 +1.780815819e+02 +1.780815819e+02 -2.7382e-01 +5.6083e-01 -1.0767e+00 +5.7547e-01 +4.7073e-01 -4.8547e+00 +1.8077e+00 -1.2679e+00 +4.2411e-01 +1.0495e+00
5 0 +7.483608419e+01 +1.740060842e+02 +1.740060842e+02 -6.4870e-01 -5.0918e-02 +7.6646e-01 +4.4156e-01 -3.3681e+00 -5.5363e+00 -2.7584e-01 +2.0892e+00 -1.4874e+00 +9.6794e-01
6 0 +6.813279021e+01 +1.673027902e+02 +1.673027902e+02 +2.7108e+00 +4.3021e+00 +3.1446e+00 +7.6896e-01 -2.7387e+00 +5.7189e-03 -1.1889e+00 -2.2521e-01 -3.2696e+00 +1.1113e+00
7 0 +6.460290654e+01 +1.637729065e+02 +1.637729065e+02 -2.8264e-01 +3.1750e+00 +4.7522e-01 +1.3826e+00 -2.3059e+00 -8.6328e-01 -2.5896e+00 +2.9214e+00 +5.6719e-01 -1.1444e+00
8 0 +5.671412450e+01 +1.558841245e+02 +1.558841245e+02 +1.5194e+00 +2.3933e+00 -8.3397e-01 +1.8881e+00 -2.3884e+00 -6.5056e-01 -4.0398e-01 -5.0985e+00 -3.1361e+00 -1.0247e+00
% f evaluations | g evaluations | best noise-free fitness - Fopt (-5.179100000000e+02) + sum g_i+ | measured fitness | best measured fitness or single-digit g-values | x1 | x2...
1 0 +9.741515579e+01 -4.204948442e+02 -4.204948442e+02 +0.0000e+00 +0.0000e+00 +0.0000e+00 +0.0000e+00 +0.0000e+00 +0.0000e+00 +0.0000e+00 +0.0000e+00 +0.0000e+00 +0.0000e+00
3 0 +9.495154164e+01 -4.229584584e+02 -4.229584584e+02 +4.1691e-01 +1.5516e+00 +2.6302e+00 -1.6113e+00 -4.7621e+00 -2.6160e+00 +1.2033e+00 -2.3634e+00 -1.9550e-01 -3.8698e+00
6 0 +8.506079510e+01 -4.328492049e+02 -4.328492049e+02 +2.6427e+00 -2.7972e+00 -1.1690e+00 +1.5429e-01 -3.9208e+00 -1.2234e+00 -1.0348e+00 +2.2146e+00 -1.9502e+00 +1.9504e+00
7 0 +5.344844688e+01 -4.644615531e+02 -4.644615531e+02 +2.6570e-01 -2.7844e-01 +5.9982e-01 +1.9296e+00 -2.7318e+00 +4.9376e+00 +1.4878e-01 -1.1492e+00 -9.3027e-01 -5.9792e+00
8 0 +4.406297439e+01 -4.738470256e+02 -4.738470256e+02 -1.5657e+00 -4.9590e-01 +8.9664e-01 +3.7949e-01 -4.6656e+00 +1.3246e+00 -6.4076e-01 -5.3016e-01 +1.2462e+00 +1.7749e+00
13 0 +4.206418025e+01 -4.758458198e+02 -4.758458198e+02 +1.2017e+00 +4.7367e-01 +1.4863e+00 +2.0447e+00 -3.7897e+00 +1.7568e+00 +1.8690e-01 -9.9533e-01 -1.0521e+00 +3.0230e+00
% f evaluations | g evaluations | best noise-free fitness - Fopt (-5.721000000000e+01) + sum g_i+ | measured fitness | best measured fitness or single-digit g-values | x1 | x2...
1 0 +7.559257783e+01 +1.838257783e+01 +1.838257783e+01 +0.0000e+00 +0.0000e+00 +0.0000e+00 +0.0000e+00 +0.0000e+00 +0.0000e+00 +0.0000e+00 +0.0000e+00 +0.0000e+00 +0.0000e+00
3 0 +4.015373350e+01 -1.705626650e+01 -1.705626650e+01 +1.4066e-01 -4.3710e+00 +2.5198e+00 +1.2542e+00 +3.2310e+00 +1.7375e-01 -1.7420e+00 -3.7633e+00 -2.1835e+00 -1.3579e+00
9 0 +3.472106126e+01 -2.248893874e+01 -2.248893874e+01 -3.7144e+00 -3.8761e+00 +2.7381e+00 +9.6575e-03 +2.1821e+00 -4.5133e+00 +3.7368e-01 -3.1989e+00 +1.4913e+00 -1.1100e+00
10 0 +2.110555917e+01 -3.610444083e+01 -3.610444083e+01 -3.2645e+00 -5.2431e+00 +3.1262e+00 -1.3066e+00 +1.4781e+00 +6.5480e-01 -6.3739e-01 -4.8302e+00 -8.9254e-01 -2.8148e+00
