% f evaluations | g evaluations | best noise-free fitness - Fopt (-2.098800000000e+02) + sum g_i+ | measured fitness | best measured fitness or single-digit g-values | x1 | x2...
1 0 +1.100943907e+07 +1.100922919e+07 +1.100922919e+07 +0.0000e+00 +0.0000e+00 +0.0000e+00 +0.0000e+00 +0.0000e+00 +0.0000e+00 +0.0000e+00 +0.0000e+00 +0.0000e+00 +0.0000e+00 +0.0000e+00 +0.0000e+00 +0.0000e+00 +0.0000e+00 +0.0000e+00 +0.0000e+00 +0.0000e+00 +0.0000e+00 +0.0000e+00 +0.0000e+00
4 0 +9.667065376e+06 +9.666855496e+06 +9.666855496e+06 -1.4332e+00 -1.0427e+00 +1.5339e+00 -5.1020e-01 +2.2676e+00 -1.2237e+00 -3.1448e+00 +2.7579e-01 +2.0662e+00 -9.3384e-01 -2.1069e+00 -7.2860e-01 +6.4547e-01 -8.3718e-01 -1.8246e+00 -2.9883e+00 +2.8165e+00 +6.2839e+00 +6.1180e-03 +1.4812e+00
7 0 +8.204422312e+06 +8.204212432e+06 +8.204212432e+06 +4.3806e+00 -5.0451e-01 +1.0463e+00 -2.9590e+00 -6.3882e-01 +2.0349e+00 -3.9813e-01 +2.4202e-02 -2.2728e-01 -2.8908e-01 -4.7023e+00 +3.3198e+00 -1.1245e+00 -2.7794e+00 +9.3337e-01 -6.0156e-01 -1.3485e+00 -2.2476e+00 -1.2183e+00 +2.0770e+00
15 0 +4.756060737e+06 +4.755850857e+06 +4.755850857e+06 -4.9672e-01 -3.0849e+00 -1.5799e+00 -3.1221e+00 -3.6417e+00 -2.9104e+00 -1.2054e+00 +1.5658e+00 +1.8456e+00 -4.4134e+00 -6.4986e+00 +1.0868e+00 +1.7628e+00 -1.2084e+00 -1.8925e+00 -4.0363e+00 +7.4623e-01 +2.4197e-01 -7.3467e-01 +1.5521e+00
25 0 +3.159024018e+06 +3.158814138e+06 +3.158814138e+06 -4.1303e-01 -2.4405e+00 +2.8970e+00 -3.1713e+00 +1.1553e+00 +2.5710e+00 -1.3811e+00 -9.8658e-02 -2.1535e-01 -3.6718e+00 -7.3913e+00 -1.0030e+00 -4.3724e+00 -2.7348e+00 -3.5914e+00 -3.7745e+00 -1.3014e+00 +3.0572e-01 -1.4036e+00 +1.6640e+00
36 0 +2.353884887e+06 +2.353675007e+06 +2.353675007e+06 -2.6293e+00 -9.8382e-01 +3.6176e+00 -4.0949e+00 +2.5126e+00 +1.8658e-01 -3.8577e-01 -1.2178e+00 +2.7049e+00 -9.0418e-01 -5.2373e+00 +1.1545e+00 -9.8702e-01 -1.8864e+00 -5.6268e+00 -3.8843e+00 -2.1246e+00 +5.9341e-01 -3.1737e+00 +2.0108e+00
43 0 +1.637252424e+06 +1.637042544e+06 +1.637042544e+06 +1.5412e+00 -2.2392e+00 +2.9019e+00 -5.2463e+00 -9.9229e-01 -4.5012e+00 -9.9398e-01 +4.1424e-01 -8.5720e-01 -7.3191e+00 -6.6506e+00 +2.6532e+00 -5.5916e+00 -2.5682e-01 -7.7635e-02 -2.8359e+00 -1.2424e+00 +2.2013e+00 -2.8925e+00 +1.5259e+00
% f evaluations | g evaluations | best noise-free fitness - Fopt (-9.209000000000e+01) + sum g_i+ | measured fitness | best measured fitness or single-digit g-values | x1 | x2...
1 0 +8.959149731e+06 +8.959057641e+06 +8.959057641e+06 +0.0000e+00 +0.0000e+00 +0.0000e+00 +0.0000e+00 +0.0000e+00 +0.0000e+00 +0.0000e+00 +0.0000e+00 +0.0000e+00 +0.0000e+00 +0.0000e+00 +0.0000e+00 +0.0000e+00 +0.0000e+00 +0.0000e+00 +0.0000e+00 +0.0000e+00 +0.0000e+00 +0.0000e+00 +0.0000e+00
8 0 +6.972888658e+06 +6.972796568e+06 +6.972796568e+06 +1.6098e+00 +2.5410e+00 +1.3703e+00 +2.8742e+00 -3.0087e+00 -7.6091e-01 -5.3164e+00 +3.0812e+00 -7.8085e-01 -3.0691e-02 -1.3537e+00 -3.5474e+00 -9.7439e-01 +9.0252e-01 +3.0262e-01 -1.8837e-02 +1.9745e+00 +1.0843e+00 +3.8351e-01 -1.0830e+00
14 0 +5.665492968e+06 +5.665400878e+06 +5.665400878e+06 +3.1437e+00 -1.1076e+00 +1.5476e-01 +1.6949e-01 -2.9705e+00 -1.9564e+00 -2.5384e+00 +2.2851e-01 -4.6510e+00 +2.4464e+00 -4.5322e-01 -6.1995e+00 -1.0662e+00 +2.7497e+00 +1.8891e+00 +2.2037e+00 +9.8646e-02 +1.7573e+00 -3.3571e-01 -7.3958e-01
17 0 +5.008140606e+06 +5.008048516e+06 +5.008048516e+06 -3.5252e-01 +9.4507e-01 -4.9710e-01 +2.7353e+00 -4.7288e+00 -1.9906e+00 -1.4671e-01 +9.2637e-01 -5.7665e+00 -8.1600e-01 +1.2603e+00 -2.4680e+00 -1.7832e+00 +3.2490e-01 -9.1009e-01 +9.0029e-01 -5.2569e-01 +1.2991e+00 -3.5958e-02 -1.8211e+00
22 0 +2.612244530e+06 +2.612152440e+06 +2.612152440e+06 +2.8091e+00 +1.2615e+00 -2.2583e+00 -2.2006e+00 -3.5159e+00 -4.6456e+00 -3.5093e+00 +6.1171e-01 +1.4645e+00 -2.5727e+00 +3.7003e-01 -2.2623e+00 -3.2498e+00 -2.9938e+00 +4.4819e+00 -1.2955e+00 -1.5803e+00 +1.5239e+00 +1.3579e+00 -2.0024e+00
48 0 +1.728774637e+06 +1.728682547e+06 +1.728682547e+06 +1.0278e+00 +1.3433e-01 +1.7375e+00 +8.2635e-01 -3.0619e+00 -2.2054e+00 -5.5985e-01 +1.1618e+00 -4.6944e+00 -1.4564e+00 +2.5087e+00 -4.4708e+00 -2.0009e+00 -3.9147e+00 +5.4439e-01 +1.0485e+00 -3.5554e+00 +1.4310e+00 +1.7937e+00 -1.4916e+00
% f evaluations | g evaluations | best noise-free fitness - Fopt (-8.789000000000e+01) + sum g_i+ | measured fitness | best measured fitness or single-digit g-values | x1 | x2...
1 0 +1.191113545e+07 +1.191104756e+07 +1.191104756e+07 +0.0000e+00 +0.0000e+00 +0.0000e+00 +0.0000e+00 +0.0000e+00 +0.0000e+00 +0.0000e+00 +0.0000e+00 +0.0000e+00 +0.0000e+00 +0.0000e+00 +0.0000e+00 +0.0000e+00 +0.0000e+00 +0.0000e+00 +0.0000e+00 +0.0000e+00 +0.0000e+00 +0.0000e+00 +0.0000e+00
2 0 +7.913629606e+06 +7.913541716e+06 +7.913541716e+06 +1.0658e+00 +1.0799e+00 +2.5974e+00 -1.0982e+00 +1.1103e+00 +9.8612e-01 +1.2483e-02 +1.3044e+00 +1.2849e+00 -9.4222e-01 -1.8994e+00 +4.5373e-01 -2.3859e-01 +3.4284e+00 -1.9303e+00 -6.4442e-01 +2.5650e+00 -3.5093e-01 +1.5291e+00 +3.2578e+00
3 0 +7.452722558e+06 +7.452634668e+06 +7.452634668e+06 +1.0033e+00 -2.1953e+00 +2.3094e+00 +1.7903e+00 -8.4366e-01 -9.9872e-01 -1.2795e-01 +3.3015e-01 -2.3326e+00 +3.3917e+00 +3.6439e+00 +1.8544e+00 +3.9944e-02 +1.4438e+00 -2.7260e+00 -1.9570e+00 +1.0702e+00 -5.1459e-01 -3.5861e-01 +1.2989e+00
7 0 +6.665587998e+06 +6.665500108e+06 +6.665500108e+06 -5.3023e-01 +1.1387e+00 +2.1636e+00 +3.0947e+00 +1.7432e+00 -9.9586e-01 +2.4327e-01 -2.3557e+00 -2.1093e+00 +9.1845e-01 -4.0344e-01 +4.3978e-01 +1.1609e+00 +1.0293e+00 +2.2456e+00 -1.6333e+00 -1.5636e-01 +6.8325e-01 -1.1837e+00 +7.8217e-01
8 0 +6.139438416e+06 +6.139350526e+06 +6.139350526e+06 +5.3021e-01 +3.2403e+00 +2.7555e+00 +1.5547e+00 -3.6619e-01 -1.3727e+00 +3.3729e+00 -1.6528e+00 -8.7846e-01 +3.3182e+00 -1.2253e+00 -3.2783e+00 +8.0288e-01 -1.3934e+00 -1.4202e+00 -4.2042e-01 +4.5803e+00 +1.9830e+00 -2.0337e+00 +1.6898e+00
15 0 +4.078531526e+06 +4.078443636e+06 +4.078443636e+06 -1.6283e+00 +3.2361e+00 -8.8740e-01 -1.3608e+00 +1.8212e+00 +2.4960e+00 +1.7262e-01 +1.6024e+00 -4.0936e+00 +2.1008e+00 +4.4556e+00 -3.4275e+00 -1.3541e+00 -3.6458e-01 -2.4055e+00 +1.1618e+00 +2.7998e+00 +2.2989e+00 +1.0060e+00 +3.4142e+00
18 0 +2.967396963e+06 +2.967309073e+06 +2.967309073e+06 -3.9660e-01 +1.8146e+00 +3.2266e+00 -1.2714e-01 +2.4386e-01 -2.4519e+00 -9.5466e-01 -6.0412e+00 -4.0173e+00 +3.1395e+00 +2.4268e+00 +6.3751e-01 +7.0719e-01 -1.0368e+00 +2.0150e+00 -2.4033e+00 +1.8028e+00 +3.0391e+00 +1.3499e-01 +4.0749e+00
30 0 +1.911298130e+06 +1.911210240e+06 +1.911210240e+06 +1.9913e+00 +1.4938e+00 +1.5280e+00 +2.2491e+00 -3.9725e-01 -1.9782e+00 +7.0830e-01 -1.3084e+00 -5.4920e+00 +3.9636e+00 +1.5345e+00 +2.2662e-01 +1.5447e+00 -2.0961e+00 +9.5610e-01 +5.7307e-01 -1.8334e+00 +3.2667e+00 -2.4077e+00 +3.0830e+00
% f evaluations | g evaluations | best noise-free fitness - Fopt (3.201900000000e+02) + sum g_i+ | measured fitness | best measured fitness or single-digit g-values | x1 | x2...
1 0 +7.207873542e+06 +7.208193732e+06 +7.208193732e+06 +0.0000e+00 +0.0000e+00 +0.0000e+00 +0.0000e+00 +0.0000e+00 +0.0000e+00 +0.0000e+00 +0.0000e+00 +0.0000e+00 +0.0000e+00 +0.0000e+00 +0.0000e+00 +0.0000e+00 +0.0000e+00 +0.0000e+00 +0.0000e+00 +0.0000e+00 +0.0000e+00 +0.0000e+00 +0.0000e+00
3 0 +3.561693103e+06 +3.562013293e+06 +3.562013293e+06 -1.1833e+00 -9.1133e-01 +1.8472e+00 -9.0149e-01 -3.6532e-02 +3.3073e+00 +4.0371e+00 -6.0872e-01 +4.9174e+00 +3.8402e-01 +1.8975e+00 -5.3702e+00 +1.0176e+00 +1.2188e+00 -2.8369e+00 +1.3692e+00 +3.2747e-01 +1.6801e-01 +1.1143e+00 +8.9726e-01
25 0 +2.746267311e+06 +2.746587501e+06 +2.746587501e+06 -1.1816e+00 -2.9746e+00 -8.1380e-01 +1.0631e+00 -1.0533e+00 +4.3867e-01 -6.6894e-01 -2.3320e+00 +3.1522e+00 -7.9863e-03 +2.4641e+00 -8.1945e+00 +4.0635e+00 -1.4359e+00 -2.3128e+00 +1.9227e+00 +9.2315e-01 +3.5273e-01 +3.6892e+00 +6.3269e-01
36 0 +2.169666064e+06 +2.169986254e+06 +2.169986254e+06 +3.7060e-01 +1.3257e-01 +4.6817e+00 +2.4043e-02 -3.9670e-01 +6.0290e+00 -7.7636e-01 -3.4419e+00 +4.9134e+00 -4.1027e+00 +2.2615e-01 -2.6278e+00 +1.9128e+00 -9.4251e-02 -2.8297e+00 +3.4109e+00 +1.0970e+00 -5.7345e-01 +2.0579e+00 +7.5132e-01
% f evaluations | g evaluations | best noise-free fitness - Fopt (-1.042400000000e+02) + sum g_i+ | measured fitness | best measured fitness or single-digit g-values | x1 | x2...
1 0 +2.003073598e+07 +2.003063174e+07 +2.003063174e+07 +0.0000e+00 +0.0000e+00 +0.0000e+00 +0.0000e+00 +0.0000e+00 +0.0000e+00 +0.0000e+00 +0.0000e+00 +0.0000e+00 +0.0000e+00 +0.0000e+00 +0.0000e+00 +0.0000e+00 +0.0000e+00 +0.0000e+00 +0.0000e+00 +0.0000e+00 +0.0000e+00 +0.0000e+00 +0.0000e+00
2 0 +1.865151832e+07 +1.865141408e+07 +1.865141408e+07 -1.4797e+00 -2.0762e+00 -2.2060e+00 -5.9924e-01 +2.4482e-01 -1.4752e+00 +1.2130e+00 +2.1479e+00 -2.8167e+00 +1.5013e+00 -9.6208e-01 -1.0379e+00 -1.7775e-01 -1.4645e+00 +6.2688e+00 +8.1961e-01 -2.8986e+00 +1.7810e+00 +2.1801e+00 -1.4262e+00
3 0 +1.734147090e+07 +1.734136666e+07 +1.734136666e+07 +1.5329e+00 -2.9734e-01 -2.5005e+00 +4.2008e-01 -3.1984e+00 +2.5387e+00 +1.3242e+00 +2.2676e+00 +8.5517e-01 -4.0124e+00 +1.8471e+00 -2.9433e+00 +7.8551e-02 -6.5747e-01 +2.5998e+00 -5.8933e-01 +1.2766e+00 +1.8465e+00 +2.9595e+00 -1.0826e+00
4 0 +1.249492953e+07 +1.249482529e+07 +1.249482529e+07 +1.3314e+00 +1.7875e+00 +2.3039e+00 -5.4325e-01 -9.6259e-01 -2.4483e+00 -2.3027e+00 +1.4733e+00 -1.7917e+00 +3.6859e-01 +4.4132e+00 +3.5159e+00 -5.3028e+00 -4.3338e+00 +1.3426e+00 -6.4543e-03 -3.6785e+00 -1.6057e+00 -2.6284e+00 -3.1077e+00
10 0 +7.961471156e+06 +7.961366916e+06 +7.961366916e+06 +2.1949e-01 +8.7438e-01 -1.0511e+00 -7.1879e-01 +4.3232e+00 -5.1857e-01 -3.8340e+00 +4.3888e+00 -2.7170e+00 +2.7890e+00 +2.6944e+00 -1.6032e+00 -5.5621e-01 -2.3678e+00 -5.2171e-01 -4.6763e-01 -2.5085e+00 -1.4949e+00 +1.2495e-01 -5.3032e+00
19 0 +7.481681766e+06 +7.481577526e+06 +7.481577526e+06 +1.5015e+00 -6.0892e-01 +1.8341e+00 -4.2998e+00 +2.0323e+00 -3.7262e+00 -1.5798e+00 +4.0509e+00 -1.8256e+00 -1.2182e+00 +3.4750e+00 +6.9780e-01 +8.3554e-02 +2.9912e-01 -4.8595e-01 -3.1037e+00 -3.4174e+00 -3.7451e-01 +8.5483e-01 -4.1693e+00
31 0 +6.899605447e+06 +6.899501207e+06 +6.899501207e+06 +3.2710e-02 -1.8914e+00 +2.3650e+00 -7.4392e-01 +1.7374e+00 -2.8392e+00 -5.7503e+00 -1.5038e+00 -3.8252e+00 +1.6526e-01 +2.7479e+00 -1.8265e-01 -2.4893e+00 -1.9358e+00 -1.7948e+00 -1.4570e+00 -2.3796e+00 -2.8985e+00 +2.3186e+00 -4.6314e+00
34 0 +5.014403563e+06 +5.014299323e+06 +5.014299323e+06 -1.5140e+00 +9.6219e-01 +4.8101e+00 -3.4709e+00 -1.3878e+00 -2.4113e+00 -5.5280e+00 +2.0161e+00 -2.1356e+00 +2.2074e+00 +1.0610e+00 +1.7289e+00 +2.0948e-01 +2.1074e+00 -2.9929e+00 -1.9210e+00 +1.8343e-01 -1.0559e+00 -1.0088e+00 -3.4773e+00
44 0 +4.183926373e+06 +4.183822133e+06 +4.183822133e+06 +7.1849e-01 -1.2960e+00 +3.1120e+00 -2.1182e+00 -1.9086e+00 +5.4326e-01 -7.7148e+00 +4.2612e+00 -1.9021e+00 +2.2013e+00 +7.3045e-01 +3.2474e+00 -2.6714e+00 +4.6317e-01 +4.9642e-01 -9.3226e-03 +2.5023e-03 -1.9648e+00 +1.4344e+00 -4.9033e+00
48 0 +3.921633615e+06 +3.921529375e+06 +3.921529375e+06 -3.5617e+00 +6.9619e-01 +7.1872e+00 -5.5073e+00 +3.4774e-01 -4.4571e+00 -6.6496e+00 +2.7552e+00 -3.4138e+00 +1.5039e+00 +4.4369e-01 -1.2447e-01 -3.3503e+00 -5.4159e-01 -1.7212e+00 -1.4917e+00 +1.0324e+00 -4.0647e+00 +1.1121e+00 -2.8868e+00
