% f evaluations | g evaluations | best noise-free fitness - Fopt (-5.494000000000e+01) + sum g_i+ | measured fitness | best measured fitness or single-digit g-values | x1 | x2...
1 0 +4.960016909e+06 +4.959961969e+06 +4.959961969e+06 +0.0000e+00 +0.0000e+00 +0.0000e+00 +0.0000e+00 +0.0000e+00 +0.0000e+00 +0.0000e+00 +0.0000e+00 +0.0000e+00 +0.0000e+00 +0.0000e+00 +0.0000e+00 +0.0000e+00 +0.0000e+00 +0.0000e+00 +0.0000e+00 +0.0000e+00 +0.0000e+00 +0.0000e+00 +0.0000e+00
8 0 +4.514955174e+06 +4.514900234e+06 +4.514900234e+06 -1.3504e+00 +6.2931e-01 +3.3269e+00 -4.1538e-01 -1.7252e-01 -9.7109e-01 -2.8797e-01 -1.7693e+00 +7.3841e-01 -1.0277e+00 +7.0026e-01 -1.1965e+00 -1.6832e-01 +5.0603e-01 -1.1213e+00 +2.0246e+00 +1.4494e+00 +2.7183e+00 -3.3754e+00 -1.0538e+00
15 0 +4.112601353e+06 +4.112546413e+06 +4.112546413e+06 -6.0298e-01 -1.3598e+00 -3.0679e+00 +1.7680e-02 +9.8825e-01 +1.6833e+00 -2.1533e-01 -5.2421e-01 +1.1373e+00 +9.8419e-01 +2.1800e+00 +2.0721e+00 +9.0735e-01 +4.4174e+00 +1.5503e-01 -2.8909e-01 +1.7250e-01 +4.7120e+00 -1.7509e+00 +4.0455e-01
17 0 +3.550380031e+06 +3.550325091e+06 +3.550325091e+06 -3.5158e-01 -3.1641e+00 +1.4196e+00 -7.4594e-01 -4.6488e-01 -1.4640e+00 -6.1197e-01 -5.8582e-01 +1.3284e+00 +2.2180e+00 +7.3211e-01 -1.2440e+00 +6.8701e-01 -4.2216e-02 -8.5658e-01 +2.4022e+00 -3.5235e+00 +2.1056e+00 -3.4786e+00 +4.5218e-01
20 0 +3.098993184e+06 +3.098938244e+06 +3.098938244e+06 +8.1454e-02 +1.6209e+00 +3.0403e+00 +9.4688e-01 -2.4487e+00 +4.0547e+00 +2.1152e+00 -8.0470e-01 -1.5058e+00 -2.4780e-01 +1.9219e+00 +1.1712e-02 +6.1938e-01 -9.3502e-02 -9.3739e-01 +6.1087e-01 +2.7162e+00 +2.3208e+00 -2.1531e+00 +2.5427e+00
23 0 +2.021699474e+06 +2.021644534e+06 +2.021644534e+06 -7.5511e-01 -3.9134e-01 -6.7084e-01 -2.9351e-02 -4.2178e-01 +1.2901e+00 +2.0697e+00 -2.1144e-01 -2.0286e+00 +6.0830e+00 -2.7118e+00 -3.6470e-01 -9.9192e-01 +2.5657e+00 -1.3245e+00 +3.5674e+00 +2.0899e+00 +1.9198e+00 -1.9353e-02 +2.4733e+00
% f evaluations | g evaluations | best noise-free fitness - Fopt (5.913000000000e+01) + sum g_i+ | measured fitness | best measured fitness or single-digit g-values | x1 | x2...
1 0 +2.310036092e+06 +2.310095222e+06 +2.310095222e+06 +0.0000e+00 +0.0000e+00 +0.0000e+00 +0.0000e+00 +0.0000e+00 +0.0000e+00 +0.0000e+00 +0.0000e+00 +0.0000e+00 +0.0000e+00 +0.0000e+00 +0.0000e+00 +0.0000e+00 +0.0000e+00 +0.0000e+00 +0.0000e+00 +0.0000e+00 +0.0000e+00 +0.0000e+00 +0.0000e+00
15 0 +1.568578773e+06 +1.568637903e+06 +1.568637903e+06 +1.3875e+00 +1.0590e+00 -3.8695e-02 -1.1627e+00 +4.4844e+00 -3.5399e+00 +5.7322e+00 +1.6409e+00 -2.0356e+00 +3.5395e+00 +3.8933e+00 -8.5702e-01 +1.2849e+00 +2.9359e-01 -4.1861e+00 -5.5911e+00 -3.0748e+00 +5.3857e-01 -5.7373e+00 +1.8808e+00
% f evaluations | g evaluations | best noise-free fitness - Fopt (-4.915300000000e+02) + sum g_i+ | measured fitness | best measured fitness or single-digit g-values | x1 | x2...
1 0 +1.984097753e+06 +1.983606223e+06 +1.983606223e+06 +0.0000e+00 +0.0000e+00 +0.0000e+00 +0.0000e+00 +0.0000e+00 +0.0000e+00 +0.0000e+00 +0.0000e+00 +0.0000e+00 +0.0000e+00 +0.0000e+00 +0.0000e+00 +0.0000e+00 +0.0000e+00 +0.0000e+00 +0.0000e+00 +0.0000e+00 +0.0000e+00 +0.0000e+00 +0.0000e+00
49 0 +1.361700933e+06 +1.361209403e+06 +1.361209403e+06 -9.2089e-02 +3.1351e-01 -7.3377e-01 -3.5392e-02 +1.2696e+00 -5.0376e-01 -7.1157e-01 -1.2055e-01 -1.5853e+00 +2.9847e+00 +4.6680e+00 -1.6647e+00 -1.3967e+00 -9.9799e-01 -1.6900e+00 +3.0433e-01 -1.8636e+00 -1.2611e+00 -1.8991e+00 +5.5132e-01
% f evaluations | g evaluations | best noise-free fitness - Fopt (-1.702000000000e+02) + sum g_i+ | measured fitness | best measured fitness or single-digit g-values | x1 | x2...
1 0 +1.108156324e+07 +1.108139304e+07 +1.108139304e+07 +0.0000e+00 +0.0000e+00 +0.0000e+00 +0.0000e+00 +0.0000e+00 +0.0000e+00 +0.0000e+00 +0.0000e+00 +0.0000e+00 +0.0000e+00 +0.0000e+00 +0.0000e+00 +0.0000e+00 +0.0000e+00 +0.0000e+00 +0.0000e+00 +0.0000e+00 +0.0000e+00 +0.0000e+00 +0.0000e+00
2 0 +9.704849749e+06 +9.704679549e+06 +9.704679549e+06 +1.2139e+00 -5.5390e+00 +2.8661e+00 +2.7223e+00 +3.5203e+00 +6.5515e-01 -2.1975e+00 -1.8446e+00 -2.0399e+00 -3.8117e+00 -9.5555e-01 -1.6699e+00 -5.9579e-01 -6.8744e-01 +5.4102e+00 +2.1118e-01 +1.1103e+00 -2.6987e-01 -3.4990e+00 -2.9700e+00
5 0 +8.141961077e+06 +8.141790877e+06 +8.141790877e+06 -2.4246e+00 -2.8141e+00 +2.4697e-01 -8.5092e-01 +2.7493e+00 -2.3965e+00 +1.1259e+00 -4.0576e+00 +8.8873e-01 +7.0645e-01 +5.7024e-01 +1.1852e+00 +1.1850e+00 -4.4985e-01 +2.2852e+00 +1.1857e+00 +1.5420e+00 +3.2009e+00 -5.9025e-01 +2.7194e+00
11 0 +3.332231147e+06 +3.332060947e+06 +3.332060947e+06 -1.1846e+00 -2.8564e+00 +1.9397e+00 +5.2981e-01 +3.3070e+00 +1.0917e+00 -1.8305e+00 -8.3773e-01 -5.4602e+00 -1.6896e+00 +2.0021e+00 -1.4297e+00 -3.5726e+00 -4.3969e-01 +2.8617e+00 -3.7071e+00 -1.5403e+00 -2.4179e+00 +2.6871e+00 +1.8976e+00
31 0 +2.458502744e+06 +2.458332544e+06 +2.458332544e+06 +2.2392e-01 -4.6290e+00 +6.9060e-01 -2.9165e+00 +6.6481e+00 -4.6768e+00 -3.4119e-01 +8.4424e-01 +7.7465e-01 -1.3821e+00 -1.6963e+00 -4.1181e+00 -2.7747e-01 -7.7621e-01 +6.2123e+00 +1.4379e+00 -4.1383e+00 +2.0490e+00 +8.1266e-01 +1.7502e+00
% f evaluations | g evaluations | best noise-free fitness - Fopt (-4.697500000000e+02) + sum g_i+ | measured fitness | best measured fitness or single-digit g-values | x1 | x2...
1 0 +9.326307935e+06 +9.325838185e+06 +9.325838185e+06 +0.0000e+00 +0.0000e+00 +0.0000e+00 +0.0000e+00 +0.0000e+00 +0.0000e+00 +0.0000e+00 +0.0000e+00 +0.0000e+00 +0.0000e+00 +0.0000e+00 +0.0000e+00 +0.0000e+00 +0.0000e+00 +0.0000e+00 +0.0000e+00 +0.0000e+00 +0.0000e+00 +0.0000e+00 +0.0000e+00
6 0 +4.817925726e+06 +4.817455976e+06 +4.817455976e+06 -4.9892e-01 -2.6092e-01 +3.0892e+00 -2.2323e+00 +1.9880e-01 +2.0999e+00 -2.1214e+00 -3.1747e-02 -5.2575e-01 +4.0381e-01 -2.1513e-01 -1.9161e+00 +2.6832e+00 -2.2055e+00 -2.3153e+00 -3.2229e+00 +2.3392e+00 +3.3611e-01 +1.3095e-01 +2.0014e+00
7 0 +4.267107258e+06 +4.266637508e+06 +4.266637508e+06 +8.2151e-01 -4.0785e+00 +2.2116e+00 +2.0206e+00 -2.5945e+00 +1.1789e+00 -1.1318e+00 +2.5868e+00 +6.9365e-01 -8.8756e-01 +4.5655e-02 -4.2854e+00 +5.4620e+00 -2.9910e-01 +8.6601e-02 -3.0526e+00 +2.7510e-02 +2.7140e+00 +3.4621e+00 -2.6138e+00
24 0 +2.995374288e+06 +2.994904538e+06 +2.994904538e+06 +2.5408e+00 -4.3040e+00 +5.1699e+00 +4.3281e-01 -3.7896e+00 +3.8152e+00 +1.7789e+00 -3.6927e+00 +3.4152e+00 -3.0289e-01 +6.2941e-02 -2.9650e+00 +4.0871e+00 -7.1244e-01 -1.7187e+00 +1.8253e+00 +2.7649e+00 +1.3776e+00 -2.4597e+00 +1.7916e+00
36 0 +1.040608942e+06 +1.040139192e+06 +1.040139192e+06 -6.2849e-01 -3.7588e+00 +6.2054e+00 +1.1082e+00 -3.7890e+00 +4.0158e+00 +9.8499e-01 -4.8560e+00 +1.0848e+00 -1.1000e+00 -2.8005e-01 -8.2474e-01 +3.1498e+00 -1.9447e+00 -4.0623e-01 -1.8250e+00 +3.7419e+00 +5.3848e-01 -1.9765e+00 -5.8742e-01
