% f evaluations | g evaluations | best noise-free fitness - Fopt (-1.694000000000e+01) + sum g_i+ | measured fitness | best measured fitness or single-digit g-values | x1 | x2...
1 0 +3.707168231e+01 +2.013168231e+01 +2.013168231e+01 +0.0000e+00 +0.0000e+00 +0.0000e+00 +0.0000e+00 +0.0000e+00 +0.0000e+00 +0.0000e+00 +0.0000e+00 +0.0000e+00 +0.0000e+00 +0.0000e+00 +0.0000e+00 +0.0000e+00 +0.0000e+00 +0.0000e+00 +0.0000e+00 +0.0000e+00 +0.0000e+00 +0.0000e+00 +0.0000e+00
14 0 +2.687876699e+01 +9.938766986e+00 +9.938766986e+00 -1.7801e+00 +4.9866e-02 -2.9585e+00 +2.9611e+00 -2.3327e+00 +5.4077e-01 +2.2922e+00 -1.1228e+00 -2.8184e+00 -1.0966e+00 +1.2038e+00 +2.2342e+00 +7.8563e-02 -3.1856e+00 +9.0634e-01 -3.9056e+00 +1.2005e+00 +3.3058e-01 +2.1572e+00 +2.8999e+00
16 0 +2.120448681e+01 +4.264486806e+00 +4.264486806e+00 +1.8566e+00 +2.2596e+00 +3.7482e-01 -2.1077e+00 +2.7048e-01 +2.0572e+00 +1.7970e+00 +2.9046e+00 -2.8749e+00 -2.7037e+00 +1.4199e+00 -9.8328e-01 +1.5751e-02 -3.0118e+00 -4.0549e-01 -2.2438e-01 -2.3072e+00 -8.7891e-01 +5.0522e+00 +1.2659e+00
25 0 +1.804133444e+01 +1.101334442e+00 +1.101334442e+00 +1.4949e+00 -2.4785e-01 +9.9702e-01 +3.7936e+00 +2.6036e+00 +3.0321e+00 +5.0881e-01 -2.9402e+00 -3.9718e+00 -4.7293e+00 +2.8982e+00 +1.3174e+00 -7.2840e-01 -4.2552e+00 +2.9277e-01 +7.5850e-01 -9.5086e-01 +1.6781e-01 +8.9726e-01 +3.8083e+00
% f evaluations | g evaluations | best noise-free fitness - Fopt (1.881000000000e+01) + sum g_i+ | measured fitness | best measured fitness or single-digit g-values | x1 | x2...
1 0 +1.544776293e+01 +3.425776293e+01 +3.425776293e+01 +0.0000e+00 +0.0000e+00 +0.0000e+00 +0.0000e+00 +0.0000e+00 +0.0000e+00 +0.0000e+00 +0.0000e+00 +0.0000e+00 +0.0000e+00 +0.0000e+00 +0.0000e+00 +0.0000e+00 +0.0000e+00 +0.0000e+00 +0.0000e+00 +0.0000e+00 +0.0000e+00 +0.0000e+00 +0.0000e+00
8 0 +1.480673793e+01 +3.361673793e+01 +3.361673793e+01 -3.8523e+00 -6.8570e-01 -1.0381e+00 -1.2792e+00 +1.4975e+00 +5.6194e-01 +2.8669e+00 +1.4639e+00 -2.9732e+00 +3.0230e+00 -3.4376e+00 -3.2254e+00 +6.1441e-01 -8.0303e-01 -9.8510e-01 +6.6629e-01 +4.8121e-01 -3.1082e+00 +1.9528e-01 +4.2359e+00
10 0 +1.230028309e+01 +3.111028309e+01 +3.111028309e+01 +8.0174e-01 -3.7803e+00 +1.5512e+00 -4.1372e-01 -6.0398e-01 -5.1800e-01 -6.4232e-01 -5.0643e-01 +1.0643e+00 -1.0502e+00 -2.6742e+00 +1.2663e+00 +1.7943e+00 +3.9497e+00 -9.9310e-01 -6.9570e-01 +1.4293e+00 +2.2339e+00 -6.8818e-01 +5.5400e-01
11 0 +1.057534502e+01 +2.938534502e+01 +2.938534502e+01 -1.0308e+00 -2.0939e-01 -5.9620e-01 +2.3258e+00 -1.6603e+00 -2.3567e+00 -6.1295e-01 -1.4215e+00 +1.4585e-01 -3.5777e-01 -2.0947e+00 +5.8799e-01 +2.1254e+00 +3.4790e+00 -2.3036e+00 +6.5347e-01 -2.6707e+00 +1.3833e+00 -9.3440e-01 +2.0567e+00
23 0 +7.939703690e+00 +2.674970369e+01 +2.674970369e+01 -3.0346e+00 -2.6201e+00 -1.1326e+00 +4.0765e-03 +1.6206e+00 +1.9807e+00 -4.4373e-01 -1.8153e+00 +1.0279e+00 -6.1778e-02 -3.0444e+00 +2.5373e-01 +2.0147e+00 +6.8075e-01 +6.5723e-01 -2.3194e-01 -1.6272e+00 +1.8108e+00 +7.0104e-02 -2.9546e-01
% f evaluations | g evaluations | best noise-free fitness - Fopt (2.731500000000e+02) + sum g_i+ | measured fitness | best measured fitness or single-digit g-values | x1 | x2...
1 0 +3.571434203e+01 +3.088643420e+02 +3.088643420e+02 +0.0000e+00 +0.0000e+00 +0.0000e+00 +0.0000e+00 +0.0000e+00 +0.0000e+00 +0.0000e+00 +0.0000e+00 +0.0000e+00 +0.0000e+00 +0.0000e+00 +0.0000e+00 +0.0000e+00 +0.0000e+00 +0.0000e+00 +0.0000e+00 +0.0000e+00 +0.0000e+00 +0.0000e+00 +0.0000e+00
7 0 +2.847180648e+01 +3.016218065e+02 +3.016218065e+02 +2.4643e+00 -9.0453e-01 -5.4314e-01 +1.8415e+00 +7.3888e-01 -5.3235e+00 -3.3901e+00 +7.6456e-01 +2.6540e+00 +4.2812e+00 -1.0877e+00 -1.1020e+00 -2.9354e-01 +3.8733e-02 +2.3275e+00 +4.2124e-01 +1.8106e+00 -3.0675e+00 -6.9871e-01 -2.0116e+00
36 0 +2.175025208e+01 +2.949002521e+02 +2.949002521e+02 +1.0615e+00 -7.0278e-01 +3.3748e+00 -1.9577e+00 -1.0762e+00 -3.0434e+00 -3.4530e+00 -2.7636e-01 -5.0602e-01 +3.2205e+00 +8.0485e-01 +1.2396e+00 +2.7027e+00 -2.2511e+00 -5.4595e-01 -3.5638e+00 +4.6384e+00 -1.7216e+00 +4.8990e+00 +1.9373e-01
% f evaluations | g evaluations | best noise-free fitness - Fopt (3.718000000000e+01) + sum g_i+ | measured fitness | best measured fitness or single-digit g-values | x1 | x2...
1 0 +1.574854264e+01 +5.292854264e+01 +5.292854264e+01 +0.0000e+00 +0.0000e+00 +0.0000e+00 +0.0000e+00 +0.0000e+00 +0.0000e+00 +0.0000e+00 +0.0000e+00 +0.0000e+00 +0.0000e+00 +0.0000e+00 +0.0000e+00 +0.0000e+00 +0.0000e+00 +0.0000e+00 +0.0000e+00 +0.0000e+00 +0.0000e+00 +0.0000e+00 +0.0000e+00
22 0 +1.435062737e+01 +5.153062737e+01 +5.153062737e+01 +9.3262e-01 -5.2922e-01 -6.5277e-01 +5.8643e-01 +4.9021e-01 -2.2134e+00 -2.4197e+00 -1.6822e+00 -1.6486e+00 +1.9435e+00 +1.7444e+00 -1.5735e-01 -2.8790e+00 -2.8460e+00 -1.3267e+00 +2.4248e+00 +8.9856e-01 +8.7197e-01 -3.6022e+00 +8.1919e-01
38 0 +1.301404269e+01 +5.019404269e+01 +5.019404269e+01 -4.8834e-01 +2.9954e+00 +1.6714e+00 +7.6332e-01 -9.1174e-01 +7.0242e-01 -4.0567e+00 +2.9579e+00 +9.0787e-01 +7.8646e-01 -3.5180e-01 -8.1679e-01 -9.5770e-01 -8.4356e-02 +1.3414e+00 +2.8784e+00 +1.7614e+00 -3.4945e+00 -8.7367e-01 +1.0650e+00
47 0 +1.211212178e+01 +4.929212178e+01 +4.929212178e+01 -1.5110e+00 -4.6004e-01 -1.0041e+00 -1.3566e+00 +7.5382e-02 -2.5472e+00 -3.4646e+00 -8.7994e-01 -1.6558e+00 +1.6769e+00 -2.3065e+00 +1.5552e+00 -1.0963e+00 -2.9151e+00 +5.0256e-01 +1.5404e+00 -7.1941e-01 +6.9406e-01 -2.3974e+00 -1.2095e-02
% f evaluations | g evaluations | best noise-free fitness - Fopt (-1.479000000000e+02) + sum g_i+ | measured fitness | best measured fitness or single-digit g-values | x1 | x2...
1 0 +1.445935349e+01 -1.334406465e+02 -1.334406465e+02 +0.0000e+00 +0.0000e+00 +0.0000e+00 +0.0000e+00 +0.0000e+00 +0.0000e+00 +0.0000e+00 +0.0000e+00 +0.0000e+00 +0.0000e+00 +0.0000e+00 +0.0000e+00 +0.0000e+00 +0.0000e+00 +0.0000e+00 +0.0000e+00 +0.0000e+00 +0.0000e+00 +0.0000e+00 +0.0000e+00
9 0 +1.285669611e+01 -1.350433039e+02 -1.350433039e+02 -5.3046e-01 -6.1568e-01 +2.7106e+00 -1.2262e+00 +6.3525e-01 +2.2813e+00 -1.9485e+00 +2.2305e+00 -2.2963e+00 -1.2307e+00 -2.9377e-01 -5.7642e-01 +3.0447e-01 -4.5149e-01 +3.3823e+00 +1.7197e+00 -2.7937e+00 -7.7114e-01 -3.5740e+00 -1.7844e+00
47 0 +1.254803866e+01 -1.353519613e+02 -1.353519613e+02 +2.7959e+00 +1.8217e+00 +1.8542e+00 -5.9443e-01 +2.4160e+00 +2.6053e+00 -1.0908e+00 +9.8574e-01 -2.8206e+00 -2.8273e+00 +3.1981e-01 +4.6185e+00 -1.2416e+00 -1.6486e+00 -1.3488e-01 +1.4374e+00 -1.5573e-01 -4.2840e+00 -4.5418e+00 -6.9942e-01
