% f evaluations | g evaluations | best noise-free fitness - Fopt (-9.210000000000e+00) + sum g_i+ | measured fitness | best measured fitness or single-digit g-values | x1 | x2...
1 0 +3.992761284e+02 +3.900661284e+02 +3.900661284e+02 +0.0000e+00 +0.0000e+00 +0.0000e+00 +0.0000e+00 +0.0000e+00 +0.0000e+00 +0.0000e+00 +0.0000e+00 +0.0000e+00 +0.0000e+00 +0.0000e+00 +0.0000e+00 +0.0000e+00 +0.0000e+00 +0.0000e+00 +0.0000e+00 +0.0000e+00 +0.0000e+00 +0.0000e+00 +0.0000e+00
22 0 +3.834010260e+02 +3.741910260e+02 +3.741910260e+02 +2.3488e+00 +7.7582e-01 -1.1003e-01 -1.3108e-01 -2.0528e+00 -1.1713e+00 +1.0583e+00 +2.6629e+00 -9.3800e-01 -3.9950e-01 -4.1503e+00 +3.1713e+00 -2.1930e-01 -4.7426e-01 +2.0521e+00 -4.4537e+00 +8.3096e-01 +1.9915e+00 +1.1077e+00 -2.1843e+00
33 0 +3.715231468e+02 +3.623131468e+02 +3.623131468e+02 -1.7033e+00 +1.6922e-01 -2.3225e+00 -1.0482e+00 -1.8918e+00 +9.7355e-01 +1.6591e+00 -6.7272e-01 +1.7464e+00 +1.8315e+00 -3.4522e+00 +3.3816e+00 -1.7650e+00 -5.2192e-02 +1.4336e+00 -2.9396e+00 +2.6731e-01 +1.7415e+00 -1.0002e+00 +2.2285e-01
35 0 +2.852080022e+02 +2.759980022e+02 +2.759980022e+02 +4.1388e-01 +3.4943e-01 -3.6560e+00 +1.3985e+00 -2.1936e+00 +1.1097e+00 +6.7269e+00 +3.4308e-01 +1.2275e+00 +6.9428e-02 -4.4215e+00 -4.9787e+00 +1.3677e+00 -3.2379e+00 -2.6159e-01 -3.2090e+00 +1.1799e+00 +4.2521e+00 -1.0701e+00 -5.2202e-03
40 0 +2.291156143e+02 +2.199056143e+02 +2.199056143e+02 +1.0114e+00 -1.0739e+00 +1.2708e+00 -2.4151e+00 -3.8223e-01 +3.2195e+00 +2.1289e+00 -5.5992e-01 +2.9159e-01 +3.4208e-01 -4.7664e+00 -5.3117e+00 +2.9185e+00 +1.0460e+00 -6.9833e-01 -2.1237e+00 +7.4154e+00 +5.0313e+00 +3.8573e-01 +2.2849e+00
% f evaluations | g evaluations | best noise-free fitness - Fopt (6.559900000000e+02) + sum g_i+ | measured fitness | best measured fitness or single-digit g-values | x1 | x2...
1 0 +3.992761284e+02 +1.055266128e+03 +1.055266128e+03 +0.0000e+00 +0.0000e+00 +0.0000e+00 +0.0000e+00 +0.0000e+00 +0.0000e+00 +0.0000e+00 +0.0000e+00 +0.0000e+00 +0.0000e+00 +0.0000e+00 +0.0000e+00 +0.0000e+00 +0.0000e+00 +0.0000e+00 +0.0000e+00 +0.0000e+00 +0.0000e+00 +0.0000e+00 +0.0000e+00
2 0 +3.589906120e+02 +1.014980612e+03 +1.014980612e+03 -5.8429e-01 +1.7161e+00 -2.4013e+00 +7.8235e-01 -6.6022e-01 -1.2847e+00 -1.2034e+00 -6.5470e-01 -1.5385e+00 +1.3529e+00 -1.1131e+00 -5.4004e-01 -8.6830e-01 -4.1768e+00 +2.7292e+00 +1.9999e+00 -5.3941e+00 -1.3604e+00 -6.5584e+00 +8.9815e-01
8 0 +3.524579046e+02 +1.008447905e+03 +1.008447905e+03 +2.4655e-01 -1.4376e+00 +1.1666e+00 +9.5231e-01 -2.8277e-01 +8.8199e-01 -2.5776e+00 +5.9619e-01 -1.8204e-01 +2.5986e-01 -9.1243e-01 +1.3585e+00 -1.7662e+00 -1.6864e-02 -1.9409e+00 +1.5988e+00 -1.5046e+00 -1.2362e+00 -1.3028e+00 +3.7307e+00
14 0 +3.281426748e+02 +9.841326748e+02 +9.841326748e+02 -1.3454e-02 -2.7885e-01 -1.7945e+00 -1.3314e+00 -6.9596e-01 -1.1867e+00 -3.5671e+00 -4.7934e-01 -1.0950e+00 -2.7772e+00 -4.9309e+00 +2.5411e-01 -2.8756e-01 -4.3279e+00 -9.2842e-01 -9.6621e-01 -4.8020e+00 +5.0725e-01 -7.8889e-01 +3.4261e+00
19 0 +3.180031901e+02 +9.739931901e+02 +9.739931901e+02 -1.7549e+00 -1.0757e+00 +4.0799e+00 +3.8882e+00 -1.4327e-02 -2.3748e+00 -2.2099e+00 -1.0341e+00 +2.7181e+00 -8.5245e-02 -3.9076e+00 -1.5641e-01 +3.2076e+00 -2.1594e+00 +1.9457e+00 -9.6700e-01 -6.9465e+00 -3.6053e-01 -2.0268e+00 +4.7058e+00
22 0 +3.015630896e+02 +9.575530896e+02 +9.575530896e+02 -3.9323e+00 -2.3204e+00 +6.1693e-01 +4.6600e-01 -1.7319e+00 -1.5024e+00 -3.3664e+00 +3.2108e-01 -2.2247e+00 -2.3084e+00 -2.2204e+00 +1.2494e+00 -3.9073e+00 -1.2553e+00 -2.0674e+00 -5.6659e-01 -8.8445e+00 -6.8716e-01 +1.2556e+00 +7.7198e+00
26 0 +2.636568338e+02 +9.196468338e+02 +9.196468338e+02 -2.2205e+00 +1.8536e+00 +2.9501e-01 +1.7657e+00 -6.1319e-01 +1.9561e-01 -1.2738e-01 +3.4672e+00 -3.2964e+00 +1.0213e+00 -4.7910e+00 +9.7671e-01 -2.9830e+00 -3.1632e+00 -1.2302e+00 -2.5122e+00 -8.2951e+00 -6.7925e+00 +3.5196e+00 +7.3324e+00
27 0 +2.374644133e+02 +8.934544133e+02 +8.934544133e+02 +1.4294e+00 -2.9632e+00 +2.1910e-01 +2.8651e+00 -5.0811e+00 +7.3795e-01 -4.4309e+00 +3.3152e+00 -1.1524e+00 +1.6617e+00 -4.6331e-01 -8.5540e-01 -1.2639e+00 -3.5586e+00 +1.1606e+00 -1.5069e+00 -9.8215e+00 +1.6892e-01 +4.9616e+00 +5.0056e+00
33 0 +2.002301017e+02 +8.562201017e+02 +8.562201017e+02 -2.8981e+00 +3.6554e+00 +1.0409e-02 +3.2441e+00 -2.4694e-01 -1.6949e+00 -3.8675e+00 -3.7485e+00 +4.2666e-01 -2.3545e+00 -3.7134e+00 -1.9871e+00 -1.5235e+00 -4.5293e+00 +3.7211e+00 +2.6187e+00 -1.0308e+01 -4.4949e+00 +4.6242e+00 +6.5559e+00
41 0 +1.928956802e+02 +8.488856802e+02 +8.488856802e+02 -1.1491e+00 +4.9000e-02 -6.8939e-01 -6.7448e-01 -6.2112e-01 -7.6285e-01 -4.4096e+00 -2.0340e+00 -4.3899e+00 -2.2323e+00 -1.2797e+00 -4.3026e-01 +3.6341e-01 +2.4716e-01 +2.4040e+00 +1.6781e+00 -8.3636e+00 -8.9628e+00 +4.6058e+00 +6.4380e+00
% f evaluations | g evaluations | best noise-free fitness - Fopt (6.671000000000e+01) + sum g_i+ | measured fitness | best measured fitness or single-digit g-values | x1 | x2...
1 0 +3.992761284e+02 +4.659861284e+02 +4.659861284e+02 +0.0000e+00 +0.0000e+00 +0.0000e+00 +0.0000e+00 +0.0000e+00 +0.0000e+00 +0.0000e+00 +0.0000e+00 +0.0000e+00 +0.0000e+00 +0.0000e+00 +0.0000e+00 +0.0000e+00 +0.0000e+00 +0.0000e+00 +0.0000e+00 +0.0000e+00 +0.0000e+00 +0.0000e+00 +0.0000e+00
2 0 +3.482750306e+02 +4.149850306e+02 +4.149850306e+02 +1.2465e+00 +6.1163e-01 -1.1021e+00 -8.9570e-01 -1.0782e+00 +6.5455e+00 -4.2457e+00 -3.4963e+00 -2.7194e+00 -1.2479e+00 +7.7980e-01 +1.4779e-01 +2.7167e+00 -3.9409e+00 +4.7283e-01 -4.8740e-01 -4.2084e+00 -2.5996e+00 -3.0852e+00 +3.7560e+00
6 0 +3.196883062e+02 +3.863983062e+02 +3.863983062e+02 -1.7934e-01 -6.5116e-01 +5.4235e-01 -1.7495e+00 +1.5506e+00 -1.0346e+00 -4.1493e+00 -3.4102e+00 -1.1923e+00 +2.1154e+00 -3.2835e+00 -9.7122e-01 +1.8045e+00 -7.7285e-01 +1.7128e+00 +7.2431e-01 -2.5523e+00 -1.9253e+00 +2.0671e+00 -3.2132e+00
15 0 +3.058965429e+02 +3.726065429e+02 +3.726065429e+02 +1.4516e+00 -1.9072e+00 +2.1765e+00 +1.8006e+00 -1.1424e+00 +3.8556e+00 -4.0554e+00 -6.3552e+00 -4.3953e-01 -1.6310e+00 -1.6155e+00 -2.8554e+00 +3.7033e+00 -1.9206e+00 -8.0893e-01 +1.5051e+00 -3.4572e-02 +1.8625e+00 -1.5878e+00 -3.2798e+00
17 0 +2.241121210e+02 +2.908221210e+02 +2.908221210e+02 +3.0645e+00 -3.8530e+00 +4.0031e+00 +4.6516e-01 -1.8386e+00 +2.3011e+00 -1.0003e+00 -6.1069e+00 +9.4432e-01 -3.3036e+00 +8.4717e-01 -3.1679e+00 +5.2556e+00 -3.4340e+00 +4.2468e+00 +2.3863e+00 -7.8518e+00 -1.2978e+00 -3.0191e+00 -2.1504e+00
30 0 +1.911452929e+02 +2.578552929e+02 +2.578552929e+02 +1.1536e+00 +7.3264e+00 +9.4132e-01 +2.5902e+00 -4.1585e+00 +2.9917e+00 -5.0761e+00 -6.0978e+00 +2.7308e+00 -2.9992e+00 -1.1328e+00 -3.5626e+00 +7.9491e+00 +4.1569e-01 +3.2018e+00 +5.2595e-01 -4.6258e+00 -1.0880e+00 -5.9078e+00 -1.8211e+00
34 0 +1.760400858e+02 +2.427500858e+02 +2.427500858e+02 +2.0792e+00 +3.7609e-01 +3.7144e+00 +1.8759e+00 -2.7536e+00 +5.8833e-01 -4.5769e+00 -8.0795e+00 +2.8276e+00 -2.3665e+00 -4.7147e-01 +1.2943e+00 +3.8498e+00 +2.3134e+00 +5.2112e+00 +9.4081e-01 -8.4359e+00 -4.0850e+00 -5.5724e+00 -1.8057e+00
39 0 +1.684180571e+02 +2.351280571e+02 +2.351280571e+02 +9.1708e-01 +3.2621e+00 +4.6980e+00 +4.5219e+00 -1.7999e-02 +1.5225e+00 -2.0518e+00 -9.0118e+00 +2.5957e+00 -2.1076e+00 -1.7113e+00 -1.6154e+00 +4.9049e+00 +1.5764e+00 +2.4732e+00 -8.9408e-01 -4.7922e+00 -3.4391e+00 -5.1872e+00 -5.6190e+00
% f evaluations | g evaluations | best noise-free fitness - Fopt (9.416700000000e+02) + sum g_i+ | measured fitness | best measured fitness or single-digit g-values | x1 | x2...
1 0 +3.992761284e+02 +1.340946128e+03 +1.340946128e+03 +0.0000e+00 +0.0000e+00 +0.0000e+00 +0.0000e+00 +0.0000e+00 +0.0000e+00 +0.0000e+00 +0.0000e+00 +0.0000e+00 +0.0000e+00 +0.0000e+00 +0.0000e+00 +0.0000e+00 +0.0000e+00 +0.0000e+00 +0.0000e+00 +0.0000e+00 +0.0000e+00 +0.0000e+00 +0.0000e+00
3 0 +3.690743780e+02 +1.310744378e+03 +1.310744378e+03 +8.0695e-01 +1.7799e+00 -3.0912e+00 -1.4086e+00 +1.4881e+00 +7.6305e-01 -1.2775e+00 -4.7454e-01 -1.9701e+00 +2.3720e+00 +1.6096e+00 -1.5635e+00 -3.2019e+00 +4.0303e+00 -1.0789e+00 +2.6004e+00 -9.5360e-01 +4.4107e+00 +9.1264e-01 -1.8637e-01
7 0 +3.439126931e+02 +1.285582693e+03 +1.285582693e+03 -2.3198e+00 -2.1326e+00 -1.6911e+00 -4.2701e+00 -2.7368e+00 +1.0122e+00 +2.8615e+00 +1.2219e+00 -2.6546e+00 +7.3865e-01 -3.1702e+00 -5.8687e-01 -4.4503e-01 +3.0702e+00 -2.7713e+00 +1.0287e+00 -1.6001e-01 +6.0310e+00 +2.7601e+00 +4.4110e+00
14 0 +3.146849343e+02 +1.256354934e+03 +1.256354934e+03 -5.6356e+00 +2.1234e+00 +7.9655e-01 +1.4469e-01 -2.8403e+00 -9.1057e-01 -1.4749e+00 -4.0351e+00 -1.4625e+00 +7.6810e-02 +3.0563e+00 -1.5287e+00 -5.6172e+00 +3.4086e+00 -4.7855e+00 +5.2910e+00 -8.3580e-01 +8.9228e-01 +3.5659e+00 +7.6014e-01
16 0 +2.985963392e+02 +1.240266339e+03 +1.240266339e+03 -7.1295e+00 -1.1700e-01 -1.8081e+00 -8.0448e-01 -5.3015e-01 +4.0409e-01 -2.1043e-01 +1.2897e+00 +3.5009e+00 +9.3260e-01 +1.2318e+00 -1.0162e+00 -1.4398e+00 -1.1434e+00 -1.0238e-01 -3.7215e-01 +1.1234e+00 +5.7874e+00 +2.7681e+00 +2.9937e+00
33 0 +2.547354774e+02 +1.196405477e+03 +1.196405477e+03 -5.6146e+00 +2.2464e+00 -1.2917e+00 +9.7661e-02 -1.4280e+00 -4.4546e+00 +2.2481e+00 -4.6155e+00 +3.3598e+00 -5.2170e-01 +8.3094e-01 -1.4054e+00 -4.0375e+00 +1.8342e+00 +1.8254e+00 +2.5971e+00 -7.2208e-01 +8.6548e+00 +1.3979e+00 +2.8080e+00
48 0 +1.939797205e+02 +1.135649721e+03 +1.135649721e+03 -7.6838e+00 +1.7518e+00 -1.9217e+00 +1.6010e+00 -3.3148e+00 -3.5876e+00 +2.5970e+00 -6.9727e+00 +3.7236e+00 +5.9924e-01 +5.1262e+00 +1.4348e+00 -3.3944e+00 -1.5281e+00 +8.4425e-02 +3.7558e+00 +2.4808e+00 +6.8224e+00 +4.1069e+00 +5.6268e+00
% f evaluations | g evaluations | best noise-free fitness - Fopt (-3.745000000000e+01) + sum g_i+ | measured fitness | best measured fitness or single-digit g-values | x1 | x2...
1 0 +3.992761284e+02 +3.618261284e+02 +3.618261284e+02 +0.0000e+00 +0.0000e+00 +0.0000e+00 +0.0000e+00 +0.0000e+00 +0.0000e+00 +0.0000e+00 +0.0000e+00 +0.0000e+00 +0.0000e+00 +0.0000e+00 +0.0000e+00 +0.0000e+00 +0.0000e+00 +0.0000e+00 +0.0000e+00 +0.0000e+00 +0.0000e+00 +0.0000e+00 +0.0000e+00
9 0 +3.803384621e+02 +3.428884621e+02 +3.428884621e+02 +5.2170e+00 +5.3588e-01 +8.4425e-01 +1.7911e-01 -2.0080e-01 -3.1582e-01 +2.0942e-01 -1.0343e+00 -1.4699e+00 -3.8812e+00 +4.9017e+00 -1.5962e+00 -1.1441e+00 +1.8472e+00 -2.1192e+00 -9.7213e-01 +1.0579e+00 +9.4139e-02 +2.0322e+00 -2.5121e+00
14 0 +3.732627152e+02 +3.358127152e+02 +3.358127152e+02 +1.6877e+00 -3.2783e+00 -1.5696e-01 +1.7049e+00 +2.2642e+00 -7.9046e-01 -4.3800e-03 +3.3728e+00 -3.4639e+00 -4.5578e+00 +4.4534e+00 +5.8698e-01 +2.6700e+00 -1.4653e+00 -5.0404e+00 +9.9999e-01 -6.6828e-02 +7.0288e-01 +2.4921e+00 -4.6833e+00
15 0 +3.603103590e+02 +3.228603590e+02 +3.228603590e+02 +4.9069e+00 +3.3807e+00 -3.5541e-01 +8.5075e-01 +1.8910e-01 -1.6938e+00 -3.6203e+00 +6.8566e-01 -5.9922e+00 -3.2929e+00 +1.5233e+00 +2.1913e+00 -3.1613e+00 -1.8527e+00 -3.0494e-01 -8.6469e-01 -2.1614e-01 -9.4258e-01 +1.1996e+00 -3.6363e+00
31 0 +3.151452845e+02 +2.776952845e+02 +2.776952845e+02 +6.7418e+00 +2.9434e+00 +7.9192e-01 +3.4828e+00 +1.3866e+00 +1.2834e+00 +1.8134e+00 -3.3593e-01 -9.0727e-01 -2.4417e+00 +4.1350e+00 -1.3771e+00 +1.5999e+00 +1.2136e+00 +1.1958e+00 -2.6776e+00 +1.2387e+00 +3.7835e+00 +3.1337e+00 -5.5615e+00
38 0 +2.945060845e+02 +2.570560845e+02 +2.570560845e+02 +8.1755e+00 +4.3216e+00 +2.8883e+00 +1.5689e-01 +1.0328e+00 -9.6892e-01 +5.7844e-01 -1.2479e+00 -2.3592e+00 -2.5701e+00 +4.1829e+00 -9.5884e-01 +1.1354e+00 -1.1908e+00 -2.8914e-01 +1.0743e-02 +1.8412e+00 +5.0993e+00 +2.8231e+00 -4.3401e+00
43 0 +2.814286500e+02 +2.439786500e+02 +2.439786500e+02 +4.7688e+00 +2.2586e+00 -4.3681e-01 -2.0519e+00 -1.3118e+00 -3.0986e-01 -3.2823e-01 -1.7593e+00 -4.9666e+00 +8.8981e-01 +2.3404e+00 +4.2365e+00 -1.8171e+00 +1.2794e+00 +2.9166e+00 -7.5366e-01 +1.7757e+00 +3.5849e+00 +1.2419e+00 -5.3531e+00
47 0 +2.623460258e+02 +2.248960258e+02 +2.248960258e+02 +3.5355e+00 +4.1024e+00 +1.3355e+00 -1.7728e+00 +1.9864e+00 +1.8583e+00 -1.8814e+00 -3.5603e+00 -1.6534e+00 -4.8496e+00 +1.3817e+00 +5.9587e-01 -3.2801e+00 -5.4227e+00 -4.5052e-01 -1.2848e+00 +1.6407e+00 +4.1575e+00 +3.6960e+00 -7.6061e+00
