% f evaluations | g evaluations | best noise-free fitness - Fopt (-1.449600000000e+02) + sum g_i+ | measured fitness | best measured fitness or single-digit g-values | x1 | x2...
1 0 +1.831961742e+04 +1.817465742e+04 +1.817465742e+04 +0.0000e+00 +0.0000e+00 +0.0000e+00 +0.0000e+00 +0.0000e+00 +0.0000e+00 +0.0000e+00 +0.0000e+00 +0.0000e+00 +0.0000e+00 +0.0000e+00 +0.0000e+00 +0.0000e+00 +0.0000e+00 +0.0000e+00 +0.0000e+00 +0.0000e+00 +0.0000e+00 +0.0000e+00 +0.0000e+00
66 0 +1.506575192e+04 +1.492079192e+04 +1.492079192e+04 -1.1009e+00 -4.6509e+00 -1.6003e+00 +2.0313e+00 -4.2486e+00 -6.6785e-02 -1.7402e+00 +1.2299e+00 +1.8142e+00 +2.3244e+00 -2.1830e+00 +4.7574e+00 +1.3178e+00 +2.5490e+00 +6.3785e-01 +1.1123e+00 -1.3544e+00 -2.2168e-01 +3.3911e+00 +3.7900e-01
82 0 +5.914819421e+03 +5.769859421e+03 +5.769859421e+03 -3.4812e+00 -1.6405e+00 -2.5531e+00 +1.5956e+00 -2.0488e+00 +1.8123e+00 +8.9754e-01 +4.6562e+00 -1.2868e-01 +3.8257e+00 -1.6508e-01 +2.9578e+00 +2.8654e-01 +2.3504e+00 +1.4446e+00 -2.5621e-01 -2.3936e+00 +1.7149e-01 +2.2654e+00 -5.4875e-01
99 0 +3.936477917e+03 +3.791517917e+03 +3.791517917e+03 +1.6263e-01 -3.8096e+00 -2.3422e+00 +1.6884e+00 -2.7559e+00 +3.2171e+00 -3.4782e-01 +3.5836e+00 -1.1083e+00 +2.7628e+00 +9.3849e-01 +3.9040e-01 +8.0289e-01 -4.9024e-03 +2.1555e+00 +8.0671e-01 -1.5296e+00 -3.2026e-01 +1.1574e+00 -3.1415e+00
148 0 +3.264069680e+03 +3.119109680e+03 +3.119109680e+03 +3.1090e+00 -1.2093e+00 -1.2630e-01 +8.8343e-01 -5.3067e+00 -3.2240e-01 -9.0871e-02 +2.3293e+00 +9.3841e-01 +2.8973e+00 -2.6372e-01 +1.9071e+00 -3.1376e-01 +1.4859e+00 +1.8610e+00 +1.9509e+00 -1.0400e+00 -2.2807e+00 +1.3680e+00 -1.6225e+00
158 0 +2.350945842e+03 +2.205985842e+03 +2.205985842e+03 +2.1766e+00 -1.7164e+00 -1.3941e-01 +1.3899e+00 -2.4083e+00 +1.2496e+00 -5.1830e-01 +3.6306e+00 -7.4978e-01 +2.0921e+00 +7.2156e-01 +1.6674e+00 -9.8610e-01 +1.1887e+00 +7.3591e-01 +9.5544e-01 -1.3187e+00 -2.2287e+00 +1.1762e+00 -1.1451e+00
173 0 +1.620573391e+03 +1.475613391e+03 +1.475613391e+03 +1.0422e+00 -2.2947e+00 +3.5550e-01 +1.9304e+00 -1.4821e+00 +1.2216e+00 +1.1229e+00 +2.7477e+00 +4.5113e-01 +1.2557e+00 +1.8034e+00 +2.5681e+00 -1.0507e+00 +1.4358e+00 +7.8970e-01 +1.5324e+00 -5.9356e-01 -2.2841e+00 +2.0563e+00 -1.2223e+00
182 0 +4.414073586e+02 +2.964473586e+02 +2.964473586e+02 +2.0889e+00 -2.1577e+00 +1.1573e+00 +2.2246e-01 -1.9361e+00 +2.5770e+00 +1.1055e+00 +1.1495e+00 -6.9274e-01 +2.6737e+00 +8.2917e-01 +6.8564e-01 +5.3811e-01 +1.3526e+00 +1.7829e+00 +7.7077e-01 -3.1976e-01 -7.9729e-01 +2.2476e+00 -1.4199e+00
211 0 +2.484867357e+02 +1.035267357e+02 +1.035267357e+02 +1.0603e+00 -2.0465e+00 +2.4658e-01 -4.3964e-03 -3.8397e-01 +3.4039e+00 +4.4568e-01 -2.6246e-02 -9.3380e-02 +5.0729e-01 +2.4636e+00 +1.8872e+00 +4.1240e-01 +2.2489e+00 +3.0832e-01 +1.4110e+00 -1.3350e+00 -2.0457e+00 +2.0864e+00 -2.2348e+00
224 0 +6.929361781e+01 -7.566638219e+01 -7.566638219e+01 +3.7753e-01 -7.6553e-01 -6.9923e-01 +2.4334e-01 -6.6121e-01 +2.0694e+00 +2.7267e-01 +2.4737e+00 -1.5726e+00 +6.3667e-01 +2.9070e+00 +1.4431e+00 +1.4383e+00 +1.3602e+00 +1.0271e+00 +1.3099e+00 -8.5861e-01 -1.3722e+00 +1.7008e+00 -1.3989e+00
254 0 +3.204540257e+01 -1.129145974e+02 -1.129145974e+02 -4.9801e-01 -1.8050e+00 +1.0637e-01 +8.6844e-01 -2.1822e+00 -6.0441e-01 +1.8383e-01 +1.3384e+00 -1.9547e+00 +1.4262e-01 +1.3274e+00 +1.2998e+00 +2.8094e-01 +1.1813e+00 +3.1795e-01 +7.5330e-01 -6.0621e-01 -2.2264e+00 +2.1662e+00 -7.6857e-01
267 0 +1.805425121e+01 -1.269057488e+02 -1.269057488e+02 -8.5078e-01 -1.1512e+00 -9.8843e-02 +7.1150e-01 -2.9657e+00 +1.1912e+00 +3.3115e-01 +9.3045e-01 -1.6228e+00 +1.7623e+00 +1.1199e+00 +1.3408e+00 -1.9835e-02 +7.0270e-01 +5.2757e-01 +1.3341e+00 -1.1434e+00 -1.3105e+00 +1.7547e+00 -1.5789e+00
269 0 +4.041941844e+00 -1.409180582e+02 -1.409180582e+02 +4.5880e-01 -2.8160e+00 +1.7414e+00 -2.3150e-02 -1.9850e+00 +5.3811e-01 -1.8066e-01 +1.0403e+00 -8.0440e-01 +1.3970e+00 +1.2045e+00 +1.5679e+00 +8.7884e-01 +6.0099e-01 +6.3001e-01 +1.5903e+00 -1.3450e+00 -1.6831e+00 +2.1682e+00 -9.5412e-01
325 0 +3.955885972e+00 -1.410041140e+02 -1.410041140e+02 -7.9767e-01 -1.0033e+00 +8.5332e-01 +1.2748e-01 -8.2511e-01 +6.6260e-01 -6.5040e-02 +1.3945e+00 -1.2244e+00 +1.7074e+00 +1.1550e+00 +1.8415e+00 +1.6860e-01 +1.4958e+00 +5.8070e-01 +6.6128e-01 -7.6116e-01 -1.6077e+00 +1.5363e+00 -1.4141e+00
327 0 +3.721979631e+00 -1.412380204e+02 -1.412380204e+02 +2.6442e-01 -1.5178e+00 +9.2023e-01 -3.4041e-02 -7.3183e-02 -4.8885e-02 -3.2608e-01 +1.2601e+00 -1.8223e+00 +1.4814e+00 +1.6575e+00 +2.2074e+00 +8.2877e-01 +9.4227e-01 +1.1440e+00 +5.0969e-01 -8.9462e-01 -1.4040e+00 +1.7149e+00 -1.3686e+00
379 0 +3.522707367e+00 -1.414372926e+02 -1.414372926e+02 +6.6005e-01 -1.8546e+00 +2.8823e-01 -8.1934e-01 -1.1554e+00 +7.8698e-01 +2.0174e-01 +1.9327e+00 -1.5389e+00 +2.0620e+00 +9.2231e-01 +2.3570e+00 +4.9034e-01 +1.6019e+00 +1.7141e+00 +1.0890e+00 -1.3542e+00 -1.6393e+00 +2.0922e+00 -1.1786e+00
459 0 +3.383522815e+00 -1.415764772e+02 -1.415764772e+02 +7.2294e-01 -1.6765e+00 -6.6737e-01 -1.5352e+00 -1.9266e+00 +3.5448e-01 +8.8165e-02 +1.8226e+00 -1.6949e+00 +1.5339e+00 +4.8513e-01 +1.9074e+00 +3.9045e-01 +1.5625e+00 +1.5547e+00 +7.9633e-01 -1.6857e+00 -9.7820e-01 +2.4017e+00 -1.3887e+00
