% f evaluations | g evaluations | best noise-free fitness - Fopt (-1.449600000000e+02) + sum g_i+ | measured fitness | best measured fitness or single-digit g-values | x1 | x2...
1 0 +6.592654473e+03 +6.447694473e+03 +6.447694473e+03 +0.0000e+00 +0.0000e+00 +0.0000e+00 +0.0000e+00 +0.0000e+00
2 0 +9.902168435e+02 +8.452568435e+02 +8.452568435e+02 -2.3501e-01 -1.2459e+00 +7.7591e-01 -3.5340e+00 -3.8581e-01
34 0 +3.583112372e+02 +2.133512372e+02 +2.133512372e+02 +4.9743e-01 -8.8633e-01 +5.1581e-02 -2.3503e+00 -2.9071e-01
35 0 +2.653934360e+02 +1.204334360e+02 +1.204334360e+02 +2.0130e+00 -4.0366e+00 -1.4096e+00 -8.6856e-01 -2.0222e+00
45 0 +4.559664972e+00 -1.404003350e+02 -1.404003350e+02 -1.2823e+00 -1.4852e+00 +4.1509e-02 -2.7796e+00 -4.9511e-01
61 0 +4.030643042e+00 -1.409293570e+02 -1.409293570e+02 +1.2499e-01 -1.3549e+00 -1.1380e+00 -1.5555e+00 -1.6120e+00
65 0 +3.508676891e+00 -1.414513231e+02 -1.414513231e+02 -2.3287e+00 -1.3356e+00 -1.0388e+00 -1.9175e+00 -1.1824e+00
80 0 +3.066013743e+00 -1.418939863e+02 -1.418939863e+02 -5.1630e-02 -3.7691e-01 -1.0317e+00 -1.8804e+00 -2.1788e+00
117 0 +1.701884556e+00 -1.432581154e+02 -1.432581154e+02 -1.8981e+00 -1.9763e+00 -1.5082e-01 -1.0324e+00 -2.4171e+00
