% f evaluations | g evaluations | best noise-free fitness - Fopt (-1.000000000000e+03) + sum g_i+ | measured fitness | best measured fitness or single-digit g-values | x1 | x2...
1 0 +8.287602554e+01 -9.171239745e+02 -9.171239745e+02 +0.0000e+00 +0.0000e+00 +0.0000e+00 +0.0000e+00 +0.0000e+00 +0.0000e+00 +0.0000e+00 +0.0000e+00 +0.0000e+00 +0.0000e+00 +0.0000e+00 +0.0000e+00 +0.0000e+00 +0.0000e+00 +0.0000e+00 +0.0000e+00 +0.0000e+00 +0.0000e+00 +0.0000e+00 +0.0000e+00
8 0 +8.287557049e+01 -9.171244295e+02 -9.171244295e+02 -1.3574e+00 -3.5268e+00 +1.0229e+00 -2.9564e+00 +1.4744e+00 -8.9729e-01 +2.7425e+00 -1.5684e+00 +3.6400e+00 +3.3199e-01 -1.9786e+00 -1.9763e+00 +3.0178e+00 -8.7696e-01 -9.6160e-01 -1.7142e+00 -4.6920e+00 +1.2892e+00 +2.1955e+00 -1.6928e+00
% f evaluations | g evaluations | best noise-free fitness - Fopt (1.000000000000e+03) + sum g_i+ | measured fitness | best measured fitness or single-digit g-values | x1 | x2...
1 0 +8.367961493e+01 +1.083679615e+03 +1.083679615e+03 +0.0000e+00 +0.0000e+00 +0.0000e+00 +0.0000e+00 +0.0000e+00 +0.0000e+00 +0.0000e+00 +0.0000e+00 +0.0000e+00 +0.0000e+00 +0.0000e+00 +0.0000e+00 +0.0000e+00 +0.0000e+00 +0.0000e+00 +0.0000e+00 +0.0000e+00 +0.0000e+00 +0.0000e+00 +0.0000e+00
28 0 +8.365380505e+01 +1.083653805e+03 +1.083653805e+03 -3.5401e-01 +5.9361e-01 +2.7461e+00 +3.4685e-01 +1.3250e+00 +1.1426e+00 -2.3708e+00 -2.6738e-01 -6.6702e-01 +2.3552e+00 -1.7834e-01 -2.6455e+00 +3.1890e+00 -3.8368e+00 +1.3686e+00 -2.9675e+00 +1.1019e+00 +4.4943e+00 +9.6698e-02 -9.0485e-01
29 0 +8.174522675e+01 +1.081745227e+03 +1.081745227e+03 -1.3854e+00 -3.1761e+00 -8.5724e-01 -3.7269e+00 -1.8135e+00 +1.7835e+00 -2.2562e+00 -1.2647e+00 -3.3676e-01 -1.1760e+00 -1.3983e-02 +2.1176e+00 -3.1545e-01 -5.1459e+00 +4.6961e-01 -4.0970e-01 +2.1835e+00 +1.8157e-02 -5.2441e-02 -1.4363e+00
% f evaluations | g evaluations | best noise-free fitness - Fopt (-4.913000000000e+01) + sum g_i+ | measured fitness | best measured fitness or single-digit g-values | x1 | x2...
1 0 +8.282343011e+01 +3.369343011e+01 +3.369343011e+01 +0.0000e+00 +0.0000e+00 +0.0000e+00 +0.0000e+00 +0.0000e+00 +0.0000e+00 +0.0000e+00 +0.0000e+00 +0.0000e+00 +0.0000e+00 +0.0000e+00 +0.0000e+00 +0.0000e+00 +0.0000e+00 +0.0000e+00 +0.0000e+00 +0.0000e+00 +0.0000e+00 +0.0000e+00 +0.0000e+00
42 0 +8.153325972e+01 +3.240325972e+01 +3.240325972e+01 -6.1205e+00 +1.9099e+00 +2.3972e+00 -3.0608e+00 +3.2659e+00 -1.2218e+00 -1.0379e+00 -2.5256e+00 -2.6272e+00 +3.0168e-01 +5.3853e+00 -3.3485e+00 -2.3273e-01 -3.3531e+00 +7.2547e-01 -4.2485e+00 +2.8146e+00 +1.3479e+00 +2.8375e+00 -3.6528e+00
% f evaluations | g evaluations | best noise-free fitness - Fopt (2.977300000000e+02) + sum g_i+ | measured fitness | best measured fitness or single-digit g-values | x1 | x2...
1 0 +7.754602683e+01 +3.752760268e+02 +3.752760268e+02 +0.0000e+00 +0.0000e+00 +0.0000e+00 +0.0000e+00 +0.0000e+00 +0.0000e+00 +0.0000e+00 +0.0000e+00 +0.0000e+00 +0.0000e+00 +0.0000e+00 +0.0000e+00 +0.0000e+00 +0.0000e+00 +0.0000e+00 +0.0000e+00 +0.0000e+00 +0.0000e+00 +0.0000e+00 +0.0000e+00
7 0 +7.370784783e+01 +3.714378478e+02 +3.714378478e+02 +2.7001e+00 -6.9572e-01 +1.6152e+00 +1.8448e+00 +2.8646e+00 -2.6390e+00 -1.8506e+00 -2.0636e+00 -6.4446e-02 +5.8383e-01 -7.9298e-02 +4.0671e-02 +1.9402e+00 -2.1514e+00 +1.8803e-01 -9.2944e-01 -1.1772e-01 +8.3030e-01 -1.0732e+00 -2.1070e+00
39 0 +7.036230174e+01 +3.680923017e+02 +3.680923017e+02 -7.5511e-02 -3.6404e+00 -4.8904e-01 +1.1525e+00 +3.7298e-01 -2.8711e+00 -1.6029e+00 -7.2390e-01 +2.5090e-01 +2.2210e+00 -1.2007e+00 -1.0689e+00 +1.3928e+00 -3.3586e+00 +2.4976e+00 -1.1242e+00 -2.7953e-01 -1.0362e+00 -5.2355e-01 -2.7494e+00
43 0 +6.821698852e+01 +3.659469885e+02 +3.659469885e+02 +3.5764e+00 -4.8827e+00 +4.8731e-01 -5.6559e-01 +7.1210e-01 -6.2454e-01 -3.7109e+00 -1.0924e+00 -2.0854e+00 +4.5401e-01 -2.4891e-01 +3.2112e-01 +1.6289e+00 -2.6203e+00 +2.2958e+00 +4.7499e-01 -2.5385e+00 -9.9299e-01 -1.6317e+00 -3.2219e+00
% f evaluations | g evaluations | best noise-free fitness - Fopt (5.157000000000e+01) + sum g_i+ | measured fitness | best measured fitness or single-digit g-values | x1 | x2...
1 0 +8.156121458e+01 +1.331312146e+02 +1.331312146e+02 +0.0000e+00 +0.0000e+00 +0.0000e+00 +0.0000e+00 +0.0000e+00 +0.0000e+00 +0.0000e+00 +0.0000e+00 +0.0000e+00 +0.0000e+00 +0.0000e+00 +0.0000e+00 +0.0000e+00 +0.0000e+00 +0.0000e+00 +0.0000e+00 +0.0000e+00 +0.0000e+00 +0.0000e+00 +0.0000e+00
2 0 +7.551324447e+01 +1.270832445e+02 +1.270832445e+02 +1.6278e+00 -1.3573e+00 -1.2372e-01 +4.3283e+00 +7.3501e-01 +1.9781e+00 +9.3218e-01 -3.0677e+00 +1.0336e+00 -7.5454e-01 +1.0225e+00 -2.0476e+00 +3.1522e-01 -4.5691e+00 +6.4229e-02 +6.9916e-01 -6.7308e-01 +4.0134e-01 -8.7080e-01 +9.3355e-01
42 0 +7.319106045e+01 +1.247610604e+02 +1.247610604e+02 +7.2867e-01 -1.0253e-01 +7.7724e-02 +1.0707e+00 +2.5407e+00 -1.6382e+00 +4.2808e+00 +2.3034e+00 +1.3634e+00 -1.3940e-01 -6.7835e-01 -2.8046e+00 -1.6007e+00 -2.0403e+00 +4.0385e-01 -1.3147e-01 -1.4922e+00 -6.8484e-01 +8.2653e-01 -1.5237e+00
48 0 +7.219727873e+01 +1.237672787e+02 +1.237672787e+02 +3.3521e+00 -5.6854e-01 -1.0692e+00 +1.8300e+00 +3.9961e+00 +2.1294e+00 +3.4403e+00 -1.2833e+00 +1.3931e+00 -1.2083e-01 +5.3817e-01 -2.0073e+00 -3.2517e-01 -3.7348e+00 +2.3162e+00 +1.9090e+00 -2.1381e+00 -2.2702e+00 +2.1606e+00 -3.5324e+00
