% f evaluations | g evaluations | best noise-free fitness - Fopt (-2.548200000000e+02) + sum g_i+ | measured fitness | best measured fitness or single-digit g-values | x1 | x2...
1 0 +6.098664382e+08 +6.098661834e+08 +6.098661834e+08 +0.0000e+00 +0.0000e+00 +0.0000e+00 +0.0000e+00 +0.0000e+00 +0.0000e+00 +0.0000e+00 +0.0000e+00 +0.0000e+00 +0.0000e+00 +0.0000e+00 +0.0000e+00 +0.0000e+00 +0.0000e+00 +0.0000e+00 +0.0000e+00 +0.0000e+00 +0.0000e+00 +0.0000e+00 +0.0000e+00
4 0 +5.382641527e+08 +5.382638978e+08 +5.382638978e+08 -2.0948e+00 +2.6193e+00 -7.1780e-01 +1.7352e+00 +1.3413e+00 +2.1193e+00 +2.9170e-01 +4.9082e-01 -8.2849e-01 -9.6210e-01 -1.3020e+00 +7.6687e-01 -2.3368e+00 -1.6248e+00 -2.0185e+00 -1.7169e+00 +3.2838e+00 -9.7445e-01 -3.9675e+00 +2.5600e+00
39 0 +3.007392402e+08 +3.007389854e+08 +3.007389854e+08 -9.0534e-01 +3.0389e+00 +3.2134e+00 +1.1751e+00 +9.4387e-01 -2.4548e+00 +9.5535e-01 +1.7604e+00 -1.9553e-01 -8.1009e-01 +9.7275e-01 +4.5197e+00 -1.6888e+00 +1.1466e+00 -8.9269e-01 -2.3207e+00 +2.4048e+00 +3.9563e+00 -8.3033e-01 +1.5563e-01
58 0 +1.837550670e+08 +1.837548122e+08 +1.837548122e+08 -2.8824e+00 +2.9122e+00 +3.9923e+00 +1.4042e+00 -1.5821e+00 +3.9786e-02 -7.5698e-02 +4.8365e+00 +3.2143e-01 +3.1361e+00 +1.2847e+00 +2.9456e+00 -1.6488e+00 +2.6146e+00 -2.5235e+00 -3.5727e+00 +5.6830e+00 +3.1107e+00 -2.8550e+00 -1.1188e+00
96 0 +9.573186115e+07 +9.573160633e+07 +9.573160633e+07 +4.2368e+00 +3.5107e-01 +2.3708e+00 +1.2227e+00 -1.7022e+00 -3.1569e+00 +8.5679e-03 +2.9357e+00 +9.4611e-01 +2.5162e+00 +1.1384e+00 +1.5009e+00 -1.7739e+00 -5.6906e-01 -4.3910e+00 -4.3746e+00 +3.8048e+00 +3.2224e+00 +7.3741e-01 +8.3639e-01
123 0 +5.195411903e+07 +5.195386421e+07 +5.195386421e+07 +4.4530e+00 +2.9483e+00 +1.3476e+00 +1.2789e+00 -1.9840e+00 -1.6202e+00 +3.7395e-01 +3.0714e+00 +9.2777e-01 +3.6104e+00 +3.0146e+00 +2.9378e+00 -1.2139e+00 -3.4374e-01 -1.3385e+00 -2.3276e-01 +4.6361e+00 +2.4828e+00 -5.7306e+00 +3.9268e+00
161 0 +4.449740354e+07 +4.449714872e+07 +4.449714872e+07 +6.0287e+00 +1.9350e+00 +1.7630e+00 -8.5974e-01 -3.6584e+00 -4.2952e-02 +1.9520e-01 +5.1223e+00 -9.2604e-01 +2.1793e+00 +1.6181e+00 -7.7966e-01 -6.6182e-01 -1.9243e+00 -6.3795e+00 -1.6442e+00 +5.4076e+00 -3.3268e-01 -1.7245e+00 +2.4228e+00
171 0 +2.678641274e+07 +2.678615792e+07 +2.678615792e+07 +5.5065e+00 +4.9248e+00 +8.9869e-01 -2.0103e+00 -2.2633e+00 -1.0802e+00 -1.4768e+00 +4.4974e+00 -3.2898e-01 +1.9251e+00 +1.9573e+00 +3.4835e+00 -5.7812e-01 -2.1084e+00 -4.6223e+00 -1.2625e+00 +4.8837e+00 -1.8956e-01 -2.8158e+00 +3.4576e+00
189 0 +2.009202994e+07 +2.009177512e+07 +2.009177512e+07 +4.5348e+00 +3.6903e+00 +2.8476e+00 +4.5765e-01 -3.1328e+00 +9.4005e-01 -5.2442e-01 +3.0684e+00 +1.4354e+00 +2.7703e+00 +3.9555e+00 +2.1983e+00 -1.8457e+00 -1.7727e+00 -3.4686e+00 -1.0579e+00 +4.4303e+00 -1.1565e+00 -2.7831e+00 +3.3106e+00
