% f evaluations | g evaluations | best noise-free fitness - Fopt (2.731500000000e+02) + sum g_i+ | measured fitness | best measured fitness or single-digit g-values | x1 | x2...
1 0 +6.092861296e+02 +8.824361296e+02 +8.824361296e+02 +0.0000e+00 +0.0000e+00
2 0 +5.593929837e+02 +8.325429837e+02 +8.325429837e+02 -1.1945e-01 -1.5259e-01
4 0 +2.436788732e+02 +5.168288732e+02 +5.168288732e+02 -1.4383e+00 -2.2497e+00
10 0 +9.072960022e+01 +3.638796002e+02 +3.638796002e+02 -1.8365e+00 +8.8918e-01
14 0 +8.433352035e+01 +3.574835204e+02 +3.574835204e+02 -3.3340e+00 +1.4971e+00
24 0 +4.090319105e+01 +3.140531911e+02 +3.140531911e+02 -3.7476e+00 +5.1867e-01
26 0 +1.105372741e+01 +2.842037274e+02 +2.842037274e+02 -3.3208e+00 +3.7106e+00
44 0 +9.002186486e+00 +2.821521865e+02 +2.821521865e+02 -4.3715e+00 +1.6664e+00
48 0 +5.921368301e+00 +2.790713683e+02 +2.790713683e+02 -4.2954e+00 +1.9421e+00
