% f evaluations | g evaluations | best noise-free fitness - Fopt (2.731500000000e+02) + sum g_i+ | measured fitness | best measured fitness or single-digit g-values | x1 | x2...
1 0 +2.178320511e+02 +4.909820511e+02 +4.909820511e+02 +0.0000e+00 +0.0000e+00 +0.0000e+00 +0.0000e+00 +0.0000e+00 +0.0000e+00 +0.0000e+00 +0.0000e+00 +0.0000e+00 +0.0000e+00 +0.0000e+00 +0.0000e+00 +0.0000e+00 +0.0000e+00 +0.0000e+00 +0.0000e+00 +0.0000e+00 +0.0000e+00 +0.0000e+00 +0.0000e+00
2 0 +1.833153705e+02 +4.564653705e+02 +4.564653705e+02 +2.9390e-01 +1.2929e-03 +2.2551e+00 -4.6680e+00 +2.1737e+00 +2.9458e+00 -9.1016e-01 +1.8608e+00 +1.7676e+00 +1.2808e+00 -3.1898e+00 +2.9895e+00 -2.1686e+00 -3.3044e+00 -3.6956e+00 -4.0338e+00 +2.6716e+00 -3.7578e+00 -1.0030e+00 -1.3298e+00
4 0 +8.413507262e+01 +3.572850726e+02 +3.572850726e+02 -3.5681e+00 +1.4083e+00 +8.4748e-01 +5.3891e-01 +3.1518e+00 -2.6759e-02 +2.1448e-02 -2.2123e+00 -2.7274e+00 +5.6951e+00 +7.0965e-01 -9.9965e-01 -2.8915e+00 -2.9783e-01 +1.3756e+00 +1.4684e+00 +1.2887e+00 -2.0779e+00 -1.3571e+00 -2.7831e+00
33 0 +7.325101554e+01 +3.464010155e+02 +3.464010155e+02 -1.1587e+00 +1.2978e+00 +7.2731e-01 -2.0121e+00 -3.9818e-01 -1.1853e+00 -1.7009e+00 -2.7584e+00 -4.8229e+00 +3.3181e+00 +4.7216e-01 +1.5903e-01 -1.4765e+00 +2.2893e+00 +4.5931e-01 -2.7049e+00 -1.4917e+00 -5.5911e+00 +4.0168e-01 -4.8974e+00
74 0 +6.966986187e+01 +3.428198619e+02 +3.428198619e+02 -1.7462e+00 +3.3204e+00 +2.6693e+00 +9.1683e-01 -1.2235e+00 +1.8556e+00 -3.4919e+00 -9.2708e-01 -2.2934e+00 +3.7571e+00 -1.3512e+00 -2.6435e+00 -1.2976e+00 -1.6313e+00 -5.8056e-01 -1.9267e+00 +3.5691e-01 -9.7889e-01 +2.2807e-02 -3.3132e+00
104 0 +6.355165255e+01 +3.367016525e+02 +3.367016525e+02 -3.5944e+00 +2.9046e+00 +3.8786e+00 -1.7529e+00 -4.2122e+00 +1.6731e+00 -4.6136e+00 +6.3018e-01 -5.5250e+00 +2.1579e+00 -3.3677e+00 +7.9848e-01 -1.6557e+00 -1.5895e+00 -1.2637e+00 -3.5845e+00 +3.0623e+00 -2.3529e+00 -1.1963e-01 -4.2967e+00
116 0 +5.499641871e+01 +3.281464187e+02 +3.281464187e+02 -3.2509e+00 +4.4732e+00 +3.2210e+00 -1.4728e+00 -3.4480e+00 -6.1778e-01 -2.5448e+00 -1.1492e+00 -3.1101e+00 +3.0620e+00 -2.8215e+00 +3.4620e+00 -2.6163e+00 -2.6884e+00 -1.3522e+00 -3.3800e+00 +2.7452e+00 +1.1901e+00 -1.5783e+00 -2.9656e+00
128 0 +4.994900892e+01 +3.230990089e+02 +3.230990089e+02 -4.7922e+00 +2.1556e+00 +8.0736e-01 -1.2329e-01 -3.7533e+00 +1.2664e+00 -3.0464e+00 -1.3193e+00 -3.3618e+00 +4.8144e+00 -4.3134e+00 +1.2958e+00 -2.7060e+00 -7.9408e-01 +1.1169e-01 -3.1472e+00 +1.9471e+00 +9.8774e-02 -1.1680e+00 -1.5851e+00
148 0 +3.831755930e+01 +3.114675593e+02 +3.114675593e+02 -4.0032e+00 +4.2591e+00 +1.9949e-01 +1.7024e+00 +3.3018e-01 +1.4967e+00 -2.6397e+00 +1.0533e+00 -4.1675e+00 +4.5145e+00 -2.6085e+00 +1.0653e+00 -3.5525e+00 +1.4868e-01 +1.1606e+00 -5.7737e-01 +1.5629e+00 +5.7289e-01 -1.6291e+00 +4.2062e-01
164 0 +3.423677996e+01 +3.073867800e+02 +3.073867800e+02 -5.2552e+00 +4.3989e+00 +2.7599e-02 +8.9635e-01 +5.1067e-01 +1.6084e+00 -4.0220e+00 +1.1815e+00 -4.0893e+00 +2.4068e+00 -2.2177e+00 +1.1564e+00 -1.7125e+00 -2.0153e-01 -3.8241e-01 -1.3563e+00 +6.7792e-01 +4.9177e-01 -3.2229e-01 -1.0923e+00
169 0 +3.099109823e+01 +3.041410982e+02 +3.041410982e+02 -3.6351e+00 +3.5481e+00 -6.8198e-02 +2.1779e+00 -1.0071e+00 +2.1755e-01 -2.3963e+00 -9.9929e-01 -4.9628e+00 +4.1055e+00 -4.6667e-01 +4.2865e+00 -3.3700e+00 +6.0958e-01 +6.1837e-01 -3.5054e+00 -2.1666e-01 -5.2544e-01 +1.0533e+00 -3.1344e+00
193 0 +2.838332895e+01 +3.015333290e+02 +3.015333290e+02 -4.5560e+00 +3.8281e+00 +3.6237e+00 -7.6843e-01 -3.1845e-01 -9.6452e-01 -2.0581e+00 +3.9250e-01 -4.7812e+00 +2.7441e+00 -2.2383e+00 +3.1713e+00 -1.3329e+00 -1.7911e+00 +3.6035e-01 -1.3005e+00 +3.4182e+00 -2.4473e-01 +1.8435e+00 -2.4017e+00
301 0 +2.791840126e+01 +3.010684013e+02 +3.010684013e+02 -2.7353e+00 +2.1451e+00 -1.2012e+00 +3.5474e+00 +1.4414e+00 -1.6178e+00 -2.5895e+00 -3.6883e-01 -4.2582e+00 +3.2589e+00 -7.6648e-03 +1.3980e+00 -1.6379e+00 -9.7281e-01 -4.6922e-01 -2.2765e+00 +2.0377e+00 +2.5170e+00 +6.4885e-01 -2.4541e+00
324 0 +2.643143875e+01 +2.995814388e+02 +2.995814388e+02 -3.3097e+00 +1.9022e+00 -1.2170e+00 +2.5624e+00 +5.3729e-01 -1.6281e+00 -2.3995e+00 -2.8949e-01 -3.9540e+00 +3.5567e+00 -1.2588e+00 +9.6356e-01 -1.3194e+00 +1.3685e-02 -5.3506e-01 -2.3353e+00 +2.6574e+00 +2.0359e+00 -4.4625e-01 -2.0931e+00
326 0 +2.608424970e+01 +2.992342497e+02 +2.992342497e+02 -3.7359e+00 +1.9494e+00 -3.8257e-01 +3.5227e+00 +2.6808e-01 -2.2668e+00 -2.9815e+00 -1.1361e+00 -4.3782e+00 +4.5845e+00 -6.7734e-02 -2.7436e-01 -1.5259e+00 -1.3016e-01 +1.6240e-01 -3.0617e+00 +1.3361e+00 +3.8746e+00 +1.1149e+00 -1.1857e+00
355 0 +2.432479624e+01 +2.974747962e+02 +2.974747962e+02 -4.4052e+00 +2.5271e+00 -1.3342e+00 +1.9662e+00 +2.3374e-01 -1.6982e+00 -3.5511e+00 -3.8924e-01 -3.9990e+00 +3.4548e+00 -1.0378e+00 +1.9002e+00 -2.1597e+00 -2.9576e-01 +7.7856e-01 -3.9395e+00 +8.5165e-01 +2.4031e+00 +7.7459e-01 -1.5598e+00
363 0 +2.061737261e+01 +2.937673726e+02 +2.937673726e+02 -4.2531e+00 +2.1523e+00 -4.3707e-01 +1.5497e+00 +2.9866e+00 -4.3392e+00 -3.0303e+00 -1.5452e+00 -3.4286e+00 +3.6732e+00 +9.3122e-01 +3.0452e+00 -1.2929e+00 +1.8993e-01 +1.2475e+00 -3.0742e+00 +1.4077e+00 +2.2406e+00 +1.0941e+00 -3.2325e+00
394 0 +1.822667345e+01 +2.913766734e+02 +2.913766734e+02 -4.4446e+00 +2.3544e+00 -6.6281e-01 +2.5903e+00 +1.1403e+00 -2.2909e+00 -1.9263e+00 -3.5795e-01 -2.8463e+00 +2.8647e+00 -5.5282e-01 +2.1027e+00 -2.2519e+00 -7.5082e-01 +5.8946e-01 -3.0866e+00 +2.4726e+00 +1.0366e+00 +1.0632e+00 -2.7387e+00
418 0 +1.784702076e+01 +2.909970208e+02 +2.909970208e+02 -4.8382e+00 +2.2970e+00 -2.8441e-01 +2.2617e+00 +2.4778e+00 -2.7768e+00 -3.2457e+00 -1.1909e+00 -3.5339e+00 +3.1954e+00 +4.1049e-01 +1.2143e+00 -2.4573e+00 -8.2918e-01 +1.0352e+00 -3.1054e+00 +2.4739e+00 +1.8088e+00 +3.0400e+00 -2.7894e+00
429 0 +1.621604466e+01 +2.893660447e+02 +2.893660447e+02 -4.3447e+00 +3.1082e+00 +5.8331e-01 +2.5124e+00 +2.5087e+00 -3.1902e+00 -1.9624e+00 -3.6776e-01 -4.3959e+00 +3.6261e+00 -3.0533e-01 +1.2656e+00 -2.9127e+00 -8.9774e-01 +1.3898e+00 -4.0486e+00 +3.9885e+00 +1.5403e+00 +2.0975e+00 -1.6289e+00
466 0 +1.415856313e+01 +2.873085631e+02 +2.873085631e+02 -3.8885e+00 +2.7587e+00 -1.5145e-01 +2.3556e+00 +1.4838e+00 -3.3533e+00 -1.6479e+00 +3.7909e-01 -3.3902e+00 +2.6511e+00 +4.6449e-01 +1.3278e+00 -2.0686e+00 +1.2029e+00 +2.5181e+00 -4.8490e+00 +4.6763e+00 +9.9768e-01 +2.3830e+00 -2.0089e+00
