% f evaluations | g evaluations | best noise-free fitness - Fopt (-2.098800000000e+02) + sum g_i+ | measured fitness | best measured fitness or single-digit g-values | x1 | x2...
1 0 +1.100943907e+07 +1.100922919e+07 +1.100922919e+07 +0.0000e+00 +0.0000e+00 +0.0000e+00 +0.0000e+00 +0.0000e+00 +0.0000e+00 +0.0000e+00 +0.0000e+00 +0.0000e+00 +0.0000e+00 +0.0000e+00 +0.0000e+00 +0.0000e+00 +0.0000e+00 +0.0000e+00 +0.0000e+00 +0.0000e+00 +0.0000e+00 +0.0000e+00 +0.0000e+00
6 0 +3.838079623e+06 +3.837869743e+06 +3.837869743e+06 +2.7793e+00 +2.4552e+00 -4.5583e-01 +2.5148e+00 -2.7404e+00 +1.4788e+00 -4.8497e+00 +1.1513e-01 +3.0194e+00 -6.3171e-01 -7.5699e-01 +2.8311e+00 -1.3545e+00 +3.6081e-01 +9.6829e-01 -9.9925e-01 -3.8044e+00 +4.0474e-01 -1.1230e+00 +2.6290e+00
15 0 +2.978527338e+06 +2.978317458e+06 +2.978317458e+06 -1.9328e+00 -2.2567e-01 -4.9853e-01 +4.1357e+00 -1.8805e+00 +1.5989e+00 -5.3544e+00 -1.8081e-01 -9.3673e-01 -4.4630e-01 +3.7941e+00 -2.7681e+00 -4.6108e+00 +6.6781e-01 +7.8701e-01 -1.6882e+00 -5.0317e-01 +2.2655e+00 -1.4126e+00 +1.0735e+00
30 0 +2.701521542e+06 +2.701311662e+06 +2.701311662e+06 +8.4574e-02 -5.0562e+00 -1.0512e+00 +3.3451e+00 -2.6119e+00 +7.1502e-01 -5.0083e-01 +2.0798e+00 +1.1470e-01 +9.9003e-01 -9.0490e-01 -3.7209e+00 -1.4206e+00 -9.8759e-01 -1.9852e+00 -5.8162e-01 +4.6968e-01 +2.4800e+00 -3.0375e+00 +1.3126e+00
44 0 +1.939663192e+06 +1.939453312e+06 +1.939453312e+06 -3.5183e+00 -2.0089e+00 +6.4620e-01 +1.7022e+00 -5.3257e-01 +2.6841e-01 -4.5556e+00 +3.7072e+00 +1.6688e+00 -2.8292e-01 -3.4980e+00 -2.8542e+00 +3.3917e-01 -4.5820e+00 -3.0997e+00 +4.1718e-01 -1.5408e+00 +2.9314e+00 -2.7939e+00 +1.3788e+00
50 0 +1.796278511e+06 +1.796068631e+06 +1.796068631e+06 -2.0304e+00 -1.3357e+00 -9.5393e-01 +2.0998e+00 -1.8504e+00 +4.6296e-01 -4.5524e+00 +2.5561e+00 +7.4313e-01 -1.2991e-01 -1.7446e+00 -1.7276e+00 -5.9321e-01 -2.7355e+00 -1.4011e+00 -1.3496e-01 -8.5833e-01 +2.0800e+00 -2.5188e+00 +1.6722e+00
% f evaluations | g evaluations | best noise-free fitness - Fopt (-9.209000000000e+01) + sum g_i+ | measured fitness | best measured fitness or single-digit g-values | x1 | x2...
1 0 +8.959149731e+06 +8.959057641e+06 +8.959057641e+06 +0.0000e+00 +0.0000e+00 +0.0000e+00 +0.0000e+00 +0.0000e+00 +0.0000e+00 +0.0000e+00 +0.0000e+00 +0.0000e+00 +0.0000e+00 +0.0000e+00 +0.0000e+00 +0.0000e+00 +0.0000e+00 +0.0000e+00 +0.0000e+00 +0.0000e+00 +0.0000e+00 +0.0000e+00 +0.0000e+00
17 0 +3.719632802e+06 +3.719540712e+06 +3.719540712e+06 -1.5301e+00 +1.9539e-01 -2.8572e+00 +3.2478e+00 +3.3426e-01 +1.6711e+00 -2.8334e+00 -2.0550e+00 -2.3134e+00 +5.5607e-01 -1.2476e+00 +1.0367e-01 +2.1288e+00 +2.8312e-01 -8.1211e-01 +2.7017e+00 -2.4686e+00 +2.0433e+00 -9.7638e-03 -1.7081e+00
29 0 +3.343775644e+06 +3.343683554e+06 +3.343683554e+06 -2.7602e-01 +1.9870e+00 +2.4065e+00 +1.8168e+00 +1.5023e+00 +1.0966e+00 -1.4590e+00 -3.9683e+00 -3.6586e+00 -1.9095e+00 -5.4474e+00 -1.2913e+00 +1.6653e+00 -6.2558e-01 -7.7020e-01 -4.0454e-01 -1.4594e+00 +4.1123e+00 +5.9224e-02 -1.5719e+00
41 0 +3.122080130e+06 +3.121988040e+06 +3.121988040e+06 +4.9963e-01 +3.4134e+00 +2.9312e+00 +3.6484e+00 +1.1976e+00 +4.9934e-03 -1.0387e+00 +5.7055e-01 -1.3597e+00 -2.3229e-01 -2.6996e+00 -2.2710e+00 +4.3342e+00 +1.3879e+00 +2.4122e+00 +1.9426e-01 -2.5068e+00 +2.4420e+00 -1.0911e-01 -1.8167e+00
45 0 +1.395470033e+06 +1.395377943e+06 +1.395377943e+06 +9.8819e-01 +2.3258e+00 +1.5384e-01 -1.2927e+00 +4.1290e+00 -2.9503e+00 -3.8492e+00 -2.3021e+00 -5.8514e+00 -1.5227e+00 -2.8443e+00 -3.2504e+00 -9.7049e-02 +4.1450e-01 -4.1295e-01 +2.7800e+00 -4.0862e+00 +2.8245e+00 +2.7168e+00 -1.6767e+00
50 0 +7.509253575e+05 +7.508332675e+05 +7.508332675e+05 -4.6155e-01 +6.2178e-01 +1.0378e+00 +1.3187e+00 +2.8038e+00 -1.5039e+00 -2.9618e+00 -1.9810e+00 -3.6044e+00 -1.6172e+00 -2.8213e+00 -1.9694e+00 +1.6412e+00 +1.1308e+00 +7.8355e-02 +1.2919e+00 -3.7011e+00 +3.4465e+00 +1.1921e+00 -1.1710e+00
% f evaluations | g evaluations | best noise-free fitness - Fopt (-8.789000000000e+01) + sum g_i+ | measured fitness | best measured fitness or single-digit g-values | x1 | x2...
1 0 +1.191113545e+07 +1.191104756e+07 +1.191104756e+07 +0.0000e+00 +0.0000e+00 +0.0000e+00 +0.0000e+00 +0.0000e+00 +0.0000e+00 +0.0000e+00 +0.0000e+00 +0.0000e+00 +0.0000e+00 +0.0000e+00 +0.0000e+00 +0.0000e+00 +0.0000e+00 +0.0000e+00 +0.0000e+00 +0.0000e+00 +0.0000e+00 +0.0000e+00 +0.0000e+00
4 0 +8.381609724e+06 +8.381521834e+06 +8.381521834e+06 +9.4020e-01 +9.8932e-01 +4.1713e+00 +4.0671e-01 -6.3825e-01 +2.2271e+00 -1.1445e+00 +2.6717e+00 -3.8188e+00 -5.6641e+00 +5.6841e-01 +2.4428e+00 +2.5136e+00 -4.4793e+00 +1.0060e+00 +7.4738e-01 +1.0781e+00 +7.3803e-01 -4.5752e-01 +5.6357e-01
7 0 +6.567992930e+06 +6.567905040e+06 +6.567905040e+06 +3.5882e+00 +3.2012e+00 -4.2614e-01 +8.8106e-01 +3.5070e+00 -4.9553e-01 -8.7176e-01 -2.9497e+00 +2.0705e-01 +1.1888e+00 +1.7332e-01 -2.0128e+00 +3.2253e+00 +3.8299e+00 -1.2056e+00 +3.7173e-01 +2.8443e+00 -8.0728e-01 +1.6777e-01 +2.4496e+00
17 0 +2.365560731e+06 +2.365472841e+06 +2.365472841e+06 +2.1110e-01 +1.2755e+00 -3.1277e+00 -3.4693e-01 -9.5826e-01 -1.0927e+00 +7.2285e-01 -8.6540e-01 +7.3778e-01 -1.1686e+00 +2.8275e+00 -9.8291e-02 -7.6566e-01 -3.6029e-01 +2.7799e+00 -8.4398e-01 -6.7655e-01 +6.6106e-01 -4.1306e-01 +3.3954e+00
30 0 +2.060562566e+06 +2.060474676e+06 +2.060474676e+06 +3.1620e-01 +2.3046e+00 -4.5656e-01 -1.8275e+00 +1.4605e+00 -1.4666e+00 -1.5892e+00 +2.7935e+00 +2.0569e+00 -2.1458e+00 +4.1337e-01 -7.5741e-01 -1.4226e-01 -1.9029e+00 -1.2028e-02 -2.1383e+00 +5.4503e-01 +7.2336e-01 -8.3789e-01 +3.4987e+00
50 0 +1.367481933e+06 +1.367394043e+06 +1.367394043e+06 +1.8931e+00 +1.7816e+00 -2.5833e-01 -9.1619e-01 +1.0628e+00 -1.1713e-01 -6.0760e-02 -1.5962e+00 +1.6704e-01 -1.1643e+00 +5.1435e-01 -1.4297e-01 -7.5709e-01 -2.1262e+00 +2.0533e+00 -1.2681e+00 +8.7450e-02 +2.4409e+00 -1.6852e+00 +3.7868e+00
% f evaluations | g evaluations | best noise-free fitness - Fopt (3.201900000000e+02) + sum g_i+ | measured fitness | best measured fitness or single-digit g-values | x1 | x2...
1 0 +7.207873542e+06 +7.208193732e+06 +7.208193732e+06 +0.0000e+00 +0.0000e+00 +0.0000e+00 +0.0000e+00 +0.0000e+00 +0.0000e+00 +0.0000e+00 +0.0000e+00 +0.0000e+00 +0.0000e+00 +0.0000e+00 +0.0000e+00 +0.0000e+00 +0.0000e+00 +0.0000e+00 +0.0000e+00 +0.0000e+00 +0.0000e+00 +0.0000e+00 +0.0000e+00
5 0 +3.002494049e+06 +3.002814239e+06 +3.002814239e+06 -1.4079e-01 +2.5589e-01 -1.5865e+00 +5.7812e-01 -2.2348e+00 -1.2457e+00 +2.4463e+00 +5.5181e-01 -1.6316e+00 -6.1268e-01 +1.3509e+00 -2.2380e-01 -6.5663e-01 +1.4717e+00 +1.6764e+00 +3.9621e-01 +2.8941e+00 +2.5158e+00 +7.0843e-01 +1.4776e+00
10 0 +2.415061264e+06 +2.415381454e+06 +2.415381454e+06 -5.0168e-02 -9.3086e-01 -8.5939e-02 -2.0629e-02 -2.5297e+00 -2.9199e+00 +2.1710e+00 +1.1609e+00 -1.3998e+00 -3.9643e-01 -9.9360e-01 +3.1864e+00 -1.2514e+00 -1.1055e+00 -5.3026e-01 -1.5315e+00 +1.0424e+00 +6.6061e-01 +1.4809e+00 +1.2324e+00
15 0 +1.685103730e+06 +1.685423920e+06 +1.685423920e+06 +1.9222e+00 -2.1967e+00 -7.5690e-01 +3.8758e+00 +6.9378e-01 +1.5180e+00 +1.3082e+00 +2.2395e+00 +2.1084e+00 +2.7563e+00 -2.5470e-01 +5.8593e+00 -2.8848e+00 +1.1173e+00 +1.9543e+00 +2.2121e+00 +3.8481e+00 +1.9045e+00 +3.6320e+00 +6.2312e-01
50 0 +6.403092719e+05 +6.406294619e+05 +6.406294619e+05 +2.2504e+00 -8.5046e-01 +1.4255e-01 +2.8232e+00 -9.7139e-01 -3.3927e+00 +2.8020e+00 +2.0755e+00 +2.7480e-01 +1.1714e+00 -5.5509e-01 +4.5519e+00 +6.5302e-01 +2.0919e+00 +8.9445e-01 +2.7841e+00 +2.2373e+00 +5.9282e-01 +2.0878e+00 +1.5568e+00
% f evaluations | g evaluations | best noise-free fitness - Fopt (-1.042400000000e+02) + sum g_i+ | measured fitness | best measured fitness or single-digit g-values | x1 | x2...
1 0 +2.003073598e+07 +2.003063174e+07 +2.003063174e+07 +0.0000e+00 +0.0000e+00 +0.0000e+00 +0.0000e+00 +0.0000e+00 +0.0000e+00 +0.0000e+00 +0.0000e+00 +0.0000e+00 +0.0000e+00 +0.0000e+00 +0.0000e+00 +0.0000e+00 +0.0000e+00 +0.0000e+00 +0.0000e+00 +0.0000e+00 +0.0000e+00 +0.0000e+00 +0.0000e+00
2 0 +1.181715903e+07 +1.181705479e+07 +1.181705479e+07 -3.5535e-01 +6.8107e-01 +2.1881e+00 -9.1641e-01 +1.6513e+00 +3.1622e+00 -5.7741e-01 +9.0577e-01 -6.9980e-02 +5.0461e-01 -2.3323e+00 -8.4099e-02 -1.2987e+00 +2.7353e+00 +1.7179e+00 +1.2420e+00 +2.3070e+00 +3.8810e-01 +4.8926e-02 -1.2149e+00
4 0 +6.939058194e+06 +6.938953954e+06 +6.938953954e+06 -2.0550e+00 -3.2175e+00 -3.5398e-01 -1.1495e+00 -2.0385e+00 +9.0730e-01 +1.6991e+00 +1.1173e+00 -1.6655e+00 -3.2413e+00 -1.5437e-02 +8.2775e-02 +5.6207e-02 -9.1756e-01 +3.6601e+00 +3.1178e+00 +5.4202e-02 +4.8710e-01 -2.6789e-01 -4.1029e+00
18 0 +6.024595937e+06 +6.024491697e+06 +6.024491697e+06 -2.8333e+00 +6.4320e-01 -1.8204e-01 +2.9033e-01 +2.1507e-01 -5.7914e-01 -1.9103e+00 -1.0331e-01 -3.6584e+00 -7.2937e+00 +2.8351e-01 +2.3407e+00 -4.2118e-01 +2.0936e+00 +4.2302e-01 +8.3874e-01 +5.8085e-01 -4.0729e+00 -1.7535e+00 -4.3002e+00
19 0 +4.907495404e+06 +4.907391164e+06 +4.907391164e+06 -3.6511e-01 -1.4701e+00 -2.1966e+00 -3.8879e-01 -3.0407e+00 -8.5204e-01 -1.2911e+00 -1.6218e+00 -3.8632e-01 -2.2547e+00 -7.7561e-01 +2.7067e-01 -1.3495e-01 +2.0505e+00 +3.7074e-01 -6.9520e-01 +1.1631e+00 +7.9281e-01 -5.4615e-01 -3.7021e+00
40 0 +2.084014195e+06 +2.083909955e+06 +2.083909955e+06 -1.9817e+00 -2.9588e+00 -2.9620e+00 -9.8566e-01 +1.4080e+00 -8.7408e-01 -4.9944e+00 +4.4015e+00 +4.4576e-01 -1.1875e+01 +2.3418e+00 -1.8134e+00 -8.3700e-01 +1.9709e+00 +1.4625e+00 +4.2559e-01 +3.2317e+00 -9.0642e-01 -5.4201e-02 -4.1119e+00
