% f evaluations | g evaluations | best noise-free fitness - Fopt (7.627000000000e+01) + sum g_i+ | measured fitness | best measured fitness or single-digit g-values | x1 | x2...
1 0 +5.128259773e+05 +5.129022473e+05 +5.129022473e+05 +0.0000e+00 +0.0000e+00 +0.0000e+00 +0.0000e+00 +0.0000e+00 +0.0000e+00 +0.0000e+00 +0.0000e+00 +0.0000e+00 +0.0000e+00 +0.0000e+00 +0.0000e+00 +0.0000e+00 +0.0000e+00 +0.0000e+00 +0.0000e+00 +0.0000e+00 +0.0000e+00 +0.0000e+00 +0.0000e+00
2 0 +3.774127320e+04 +3.781754320e+04 +3.781754320e+04 -2.6149e-01 -4.5903e-01 +7.3293e-01 +3.8629e-01 +8.1995e-01 +2.4445e+00 -7.2023e-01 -1.7754e-01 -3.1237e+00 +1.5390e+00 +2.1100e+00 +1.4499e+00 +1.9836e+00 -5.7420e-01 -6.3116e-01 +8.3878e-01 +1.8336e+00 -3.4711e+00 -1.6286e-01 -3.9504e+00
45 0 +1.320836745e+03 +1.397106745e+03 +1.397106745e+03 -2.7375e+00 +2.5763e+00 -1.2103e+00 -3.2830e+00 +4.0696e+00 +6.9065e+00 +2.3843e-01 -2.9286e+00 -1.8643e+00 +1.3178e+00 +1.5722e+00 +3.7190e+00 +2.1371e+00 -7.6427e+00 +1.5055e-01 -1.9722e+00 +6.0219e-01 -5.2567e+00 -6.8758e-01 -5.9695e+00
% f evaluations | g evaluations | best noise-free fitness - Fopt (-2.255000000000e+01) + sum g_i+ | measured fitness | best measured fitness or single-digit g-values | x1 | x2...
1 0 +1.986910607e+05 +1.986685107e+05 +1.986685107e+05 +0.0000e+00 +0.0000e+00 +0.0000e+00 +0.0000e+00 +0.0000e+00 +0.0000e+00 +0.0000e+00 +0.0000e+00 +0.0000e+00 +0.0000e+00 +0.0000e+00 +0.0000e+00 +0.0000e+00 +0.0000e+00 +0.0000e+00 +0.0000e+00 +0.0000e+00 +0.0000e+00 +0.0000e+00 +0.0000e+00
10 0 +5.176951865e+04 +5.174696865e+04 +5.174696865e+04 -1.4235e-01 -3.6760e-01 +2.3274e-01 +3.8273e+00 +2.9282e-01 -3.2415e-01 -3.0881e+00 +2.4064e+00 -9.7207e-01 +2.2859e+00 +7.0939e-01 -2.4564e+00 -1.0796e+00 +7.9809e-01 -8.0867e-01 +3.2087e+00 -5.9172e-01 -2.3606e+00 -3.8410e+00 +1.0404e+00
39 0 +2.418344697e+03 +2.395794697e+03 +2.395794697e+03 +9.8326e-01 -1.9848e+00 -5.6235e+00 +1.5719e+00 -5.0857e+00 +3.9486e+00 -1.7174e+00 -2.2583e-01 -3.7198e+00 -1.1864e+00 -5.5746e-01 -2.3467e+00 +4.3153e+00 -4.1374e+00 -1.4710e+00 +7.7866e-01 +1.1550e+00 -8.1842e+00 -1.0947e+00 -1.4412e+00
% f evaluations | g evaluations | best noise-free fitness - Fopt (1.366000000000e+01) + sum g_i+ | measured fitness | best measured fitness or single-digit g-values | x1 | x2...
1 0 +2.811586777e+05 +2.811723377e+05 +2.811723377e+05 +0.0000e+00 +0.0000e+00 +0.0000e+00 +0.0000e+00 +0.0000e+00 +0.0000e+00 +0.0000e+00 +0.0000e+00 +0.0000e+00 +0.0000e+00 +0.0000e+00 +0.0000e+00 +0.0000e+00 +0.0000e+00 +0.0000e+00 +0.0000e+00 +0.0000e+00 +0.0000e+00 +0.0000e+00 +0.0000e+00
2 0 +2.063010403e+05 +2.063147003e+05 +2.063147003e+05 -1.2562e+00 -1.7993e+00 +3.6613e-01 -3.7340e-01 -2.7509e-01 +9.7815e-01 +4.4056e-01 +7.4582e-01 +1.0319e+00 -4.8561e-01 +1.1239e+00 +4.5319e+00 -8.6361e-01 -6.0177e-01 +3.9496e+00 -7.2550e-03 -2.7350e+00 -1.1723e-03 -2.3841e+00 +2.3778e+00
4 0 +1.077250633e+03 +1.090910633e+03 +1.090910633e+03 +9.6934e-01 +1.1733e+00 -2.4236e+00 -7.7326e-01 +1.3224e+00 +1.0552e+00 +3.8110e-01 +6.1580e-01 -9.4977e-01 -1.3023e+00 -3.6937e-01 +4.1252e+00 +4.5993e+00 +9.9898e-01 +1.7476e+00 -1.8378e+00 -9.2316e-01 +6.3592e-01 -2.5219e+00 -2.9553e+00
% f evaluations | g evaluations | best noise-free fitness - Fopt (9.378400000000e+02) + sum g_i+ | measured fitness | best measured fitness or single-digit g-values | x1 | x2...
1 0 +2.581107992e+06 +2.582045832e+06 +2.582045832e+06 +0.0000e+00 +0.0000e+00 +0.0000e+00 +0.0000e+00 +0.0000e+00 +0.0000e+00 +0.0000e+00 +0.0000e+00 +0.0000e+00 +0.0000e+00 +0.0000e+00 +0.0000e+00 +0.0000e+00 +0.0000e+00 +0.0000e+00 +0.0000e+00 +0.0000e+00 +0.0000e+00 +0.0000e+00 +0.0000e+00
2 0 +6.896797059e+05 +6.906175459e+05 +6.906175459e+05 -2.9828e+00 +6.4693e-01 +1.6683e+00 +9.3545e-01 -1.2802e+00 -6.4808e-03 -2.1289e+00 -5.4411e+00 -2.5776e+00 -3.0110e+00 -3.6853e+00 -1.5233e+00 +2.1217e+00 +9.9619e-02 -2.6855e+00 -1.5103e+00 -4.2770e-01 +2.0243e-01 -5.5443e-01 -1.4816e+00
7 0 +3.552792183e+04 +3.646576183e+04 +3.646576183e+04 +4.0811e-01 +5.7778e-01 +7.9709e-01 -1.2867e+00 +2.3182e+00 -2.0988e+00 -9.9136e-02 +9.4924e-01 +7.1398e-01 -3.6435e+00 -1.0606e+00 -2.6627e+00 +3.1381e+00 +1.0829e+00 -4.0055e+00 +2.3870e+00 -9.9166e-01 +1.8055e+00 -1.9115e+00 +9.0017e-01
21 0 +4.200736250e+02 +1.357913625e+03 +1.357913625e+03 +6.1758e-01 +1.8900e+00 +4.0026e+00 -2.7692e-01 -2.7580e-01 +4.8645e-01 -1.2793e+00 +2.1782e+00 -7.0133e-01 -4.7726e+00 -2.2592e+00 +5.9701e-02 +2.0255e+00 +3.1488e+00 -5.3444e+00 -4.9742e-01 +2.9657e+00 +2.7312e+00 -1.9970e+00 +1.9516e+00
% f evaluations | g evaluations | best noise-free fitness - Fopt (-7.872000000000e+01) + sum g_i+ | measured fitness | best measured fitness or single-digit g-values | x1 | x2...
1 0 +3.474398233e+06 +3.474319513e+06 +3.474319513e+06 +0.0000e+00 +0.0000e+00 +0.0000e+00 +0.0000e+00 +0.0000e+00 +0.0000e+00 +0.0000e+00 +0.0000e+00 +0.0000e+00 +0.0000e+00 +0.0000e+00 +0.0000e+00 +0.0000e+00 +0.0000e+00 +0.0000e+00 +0.0000e+00 +0.0000e+00 +0.0000e+00 +0.0000e+00 +0.0000e+00
2 0 +1.441667933e+06 +1.441589213e+06 +1.441589213e+06 +4.6069e-01 -2.1781e+00 -4.3801e-01 +2.0978e+00 +2.4956e+00 +9.0262e-01 -1.4855e+00 -2.3637e+00 +1.4279e+00 +6.9915e-02 -1.1413e-01 +2.3185e+00 -7.8951e-01 -2.8912e+00 +6.9450e-01 +5.8160e-02 -1.3224e+00 +9.0089e-01 -2.3848e+00 -1.9678e+00
4 0 +2.362224154e+05 +2.361436954e+05 +2.361436954e+05 -8.9088e-01 -3.6038e+00 -9.2108e-01 +1.1321e+00 -2.3898e+00 +3.1471e+00 -2.3419e+00 -3.3085e+00 -2.1499e+00 -1.8587e+00 +1.8440e+00 -3.2397e-02 +1.5345e+00 -5.5157e+00 -1.2298e+00 -1.5627e+00 +9.4923e-01 +3.2826e+00 -3.4028e+00 +3.6296e-01
7 0 +5.088224490e+04 +5.080352490e+04 +5.080352490e+04 -1.2637e+00 -3.2716e+00 -2.0526e+00 +2.3604e+00 +2.0767e+00 -3.1987e+00 -6.3821e-01 -1.5257e+00 -1.1154e+00 -5.9597e-01 -7.8854e-01 +3.1423e+00 -1.2745e+00 -2.5569e+00 -2.3688e+00 +1.5646e+00 -4.6245e-02 +6.6095e-01 -1.0880e+00 -1.8931e+00
19 0 +3.037055277e+04 +3.029183277e+04 +3.029183277e+04 +1.6119e+00 -1.5535e-01 +2.5876e-01 +1.1547e+00 +5.4813e+00 -1.0359e+00 -5.3347e+00 +7.2761e-02 -1.7573e+00 +1.6195e+00 -3.2951e+00 +6.9317e-01 -1.3897e+00 -4.6522e+00 +1.3092e+00 +2.6246e+00 +2.6626e+00 +4.7145e-01 -2.3220e+00 +4.8140e+00
