% f evaluations | g evaluations | best noise-free fitness - Fopt (-9.210000000000e+00) + sum g_i+ | measured fitness | best measured fitness or single-digit g-values | x1 | x2...
1 0 +3.992761284e+02 +3.900661284e+02 +3.900661284e+02 +0.0000e+00 +0.0000e+00 +0.0000e+00 +0.0000e+00 +0.0000e+00 +0.0000e+00 +0.0000e+00 +0.0000e+00 +0.0000e+00 +0.0000e+00 +0.0000e+00 +0.0000e+00 +0.0000e+00 +0.0000e+00 +0.0000e+00 +0.0000e+00 +0.0000e+00 +0.0000e+00 +0.0000e+00 +0.0000e+00
6 0 +3.934083127e+02 +3.841983127e+02 +3.841983127e+02 -1.1198e+00 +1.7117e+00 -2.9236e+00 -9.2980e-01 +5.4123e-01 -2.1266e+00 -1.1858e+00 -2.6684e+00 +1.0796e+00 -2.8281e+00 +5.8283e-01 -2.3031e+00 +2.0044e+00 -1.8199e+00 +4.0115e+00 -2.9198e+00 +1.1125e+00 +5.4241e-01 +2.4874e-01 -1.2957e-02
10 0 +3.575992334e+02 +3.483892334e+02 +3.483892334e+02 +7.3136e-01 -3.2896e+00 -4.5104e+00 +2.7854e+00 +2.3981e+00 +3.4997e+00 +6.7734e-01 -2.1473e+00 -5.9971e-01 -1.5112e+00 -2.8085e+00 -2.5791e+00 +2.2872e-01 -1.3417e-01 +5.0205e+00 -1.4962e-01 +4.2961e+00 +5.7464e+00 +4.1994e+00 +1.9593e+00
15 0 +3.042213617e+02 +2.950113617e+02 +2.950113617e+02 -3.3544e-01 -1.9578e+00 -7.2063e-01 +2.1772e+00 +5.4124e-01 -6.3683e-01 -8.2493e-01 -9.2398e-01 -1.4161e+00 +6.7523e-02 -3.5931e+00 -4.2285e+00 +2.8909e+00 -3.5426e+00 -7.5530e-01 +1.0744e+00 +2.5666e+00 +3.8400e+00 +4.8546e-02 +3.6816e+00
28 0 +2.722606183e+02 +2.630506183e+02 +2.630506183e+02 +4.4614e-01 -1.6862e+00 -1.6363e+00 +3.0197e+00 +3.4390e+00 -2.4665e-01 -2.5672e+00 -1.6031e+00 -1.0095e+00 -2.0720e+00 -7.0996e+00 -4.8331e+00 +4.4943e+00 -1.1183e+00 +1.7639e+00 -1.2114e+00 +2.6806e+00 +6.7157e+00 -2.5834e+00 +1.0240e+00
40 0 +2.452500468e+02 +2.360400468e+02 +2.360400468e+02 +1.8398e+00 +3.2975e-01 +1.1671e+00 +5.7165e+00 -3.3813e-01 +1.4118e+00 +1.3172e+00 -1.9201e+00 +2.3455e+00 -4.1895e-01 -8.0183e+00 -4.8713e+00 +1.9876e+00 +2.3724e+00 +2.3681e+00 +3.7533e+00 +7.1544e+00 +4.2985e+00 +2.6883e-01 +4.9000e+00
% f evaluations | g evaluations | best noise-free fitness - Fopt (6.559900000000e+02) + sum g_i+ | measured fitness | best measured fitness or single-digit g-values | x1 | x2...
1 0 +3.992761284e+02 +1.055266128e+03 +1.055266128e+03 +0.0000e+00 +0.0000e+00 +0.0000e+00 +0.0000e+00 +0.0000e+00 +0.0000e+00 +0.0000e+00 +0.0000e+00 +0.0000e+00 +0.0000e+00 +0.0000e+00 +0.0000e+00 +0.0000e+00 +0.0000e+00 +0.0000e+00 +0.0000e+00 +0.0000e+00 +0.0000e+00 +0.0000e+00 +0.0000e+00
4 0 +3.557937842e+02 +1.011783784e+03 +1.011783784e+03 +1.0779e+00 +1.1912e+00 -9.4732e-01 -3.2749e+00 +3.5361e-02 -9.1640e-01 +2.1056e+00 +3.7595e+00 +2.1101e+00 +1.0701e+00 -2.1419e+00 -4.9835e+00 +4.4604e+00 +7.2782e-01 +1.3005e+00 -7.5528e-01 -4.5896e+00 -2.2974e+00 +5.9167e-01 +2.8527e-01
11 0 +3.370413549e+02 +9.930313549e+02 +9.930313549e+02 +2.1648e+00 +3.5571e-01 +8.3100e-01 -6.4580e-02 +8.0413e-01 -1.1337e+00 +4.1546e+00 -1.1650e+00 +1.5309e+00 +1.7244e+00 -4.5140e-01 -1.2613e-01 +9.2266e-02 +4.6713e-01 +5.3416e+00 -2.0494e+00 -5.4108e+00 +4.7869e-01 +2.6108e+00 +1.6408e+00
20 0 +3.110518628e+02 +9.670418628e+02 +9.670418628e+02 +1.8465e+00 +3.5330e+00 -4.4607e+00 +4.0616e-01 +2.9539e-01 -1.6643e+00 +3.5369e+00 -1.0206e+00 +1.3158e+00 +3.3642e+00 -6.9844e-01 +1.8086e+00 +1.2388e+00 -7.3745e-01 +5.9311e+00 -4.4054e+00 -6.1060e+00 -1.5995e+00 +1.5613e+00 +3.0040e+00
28 0 +2.848458770e+02 +9.408358770e+02 +9.408358770e+02 -4.1192e-01 +8.8596e-01 -3.3474e+00 +3.7088e+00 -2.6738e-02 -1.6898e+00 +4.4099e+00 -1.1245e+00 -1.7796e+00 +6.7989e-01 -1.0900e+00 +1.7415e+00 +5.0485e+00 -1.4036e+00 +1.6981e+00 -3.7358e+00 -5.0134e+00 -3.0498e+00 +4.1754e+00 -8.8894e-02
38 0 +2.563212387e+02 +9.123112387e+02 +9.123112387e+02 -5.6028e-01 +4.0492e+00 -1.5555e-01 +4.9016e+00 -1.1730e+00 -8.2466e-01 +4.9416e+00 +2.0015e+00 -1.0920e+00 -2.7973e+00 +1.1702e+00 +2.5080e+00 +4.1375e+00 -6.7849e-01 +2.8399e+00 -2.6620e-01 -3.7156e+00 -3.5988e-01 +3.0062e+00 +2.8190e+00
47 0 +2.322779206e+02 +8.882679206e+02 +8.882679206e+02 +7.1095e-01 +3.0754e+00 -1.0369e+00 +4.7187e+00 -1.7778e+00 -2.7889e+00 +2.0345e+00 -3.9499e-01 -2.9377e+00 -2.7462e+00 -7.0292e-01 -3.6155e-02 +4.2595e+00 -8.7284e-02 +4.2381e+00 -4.8046e-01 -8.7350e+00 -4.9775e+00 +4.2791e+00 -5.1860e-01
% f evaluations | g evaluations | best noise-free fitness - Fopt (6.671000000000e+01) + sum g_i+ | measured fitness | best measured fitness or single-digit g-values | x1 | x2...
1 0 +3.992761284e+02 +4.659861284e+02 +4.659861284e+02 +0.0000e+00 +0.0000e+00 +0.0000e+00 +0.0000e+00 +0.0000e+00 +0.0000e+00 +0.0000e+00 +0.0000e+00 +0.0000e+00 +0.0000e+00 +0.0000e+00 +0.0000e+00 +0.0000e+00 +0.0000e+00 +0.0000e+00 +0.0000e+00 +0.0000e+00 +0.0000e+00 +0.0000e+00 +0.0000e+00
3 0 +3.927462603e+02 +4.594562603e+02 +4.594562603e+02 -2.1481e-01 +1.2198e+00 +3.0172e+00 -2.4994e+00 +3.6121e+00 +4.7202e+00 -1.4835e+00 +1.0546e+00 +1.4953e+00 -1.6096e+00 +1.5193e-01 +9.1238e-01 +8.7315e-01 -8.9749e-01 -1.9300e+00 -2.2530e+00 -1.1451e+00 +2.5468e-01 -4.5138e-01 -2.2019e+00
9 0 +3.641957770e+02 +4.309057770e+02 +4.309057770e+02 +5.9885e-01 +4.5383e+00 +6.4126e-01 -1.8368e+00 +2.9874e+00 -2.2969e-01 +1.1232e+00 -1.9077e+00 +9.5951e-01 -3.5606e+00 +2.2090e+00 +2.9449e+00 -2.1710e+00 -2.0437e+00 +1.0875e+00 -3.3287e+00 -9.8266e-01 -1.1497e+00 -3.5577e+00 -3.9234e+00
17 0 +3.595876063e+02 +4.262976063e+02 +4.262976063e+02 +2.8002e+00 +3.9588e+00 -2.5011e-01 -1.0515e+00 +6.1334e+00 -2.0719e+00 +3.9434e+00 +6.9644e-01 +3.5588e+00 -2.4659e+00 +2.3141e+00 +2.1756e+00 -1.3229e+00 +8.4825e-01 +9.5108e-01 -6.6589e-01 +2.4905e-02 -7.1434e-01 -1.8109e+00 -6.7609e+00
18 0 +2.936408958e+02 +3.603508958e+02 +3.603508958e+02 +2.0022e+00 +7.3181e-01 -1.8759e-01 -7.1094e-01 +1.5086e+00 +1.3066e+00 +9.1639e-02 -3.7337e-01 -7.1724e-01 -1.5155e+00 +5.8351e-01 +2.2755e-01 -8.1514e-01 -3.1432e+00 -1.0922e+00 -4.4846e+00 -3.9628e+00 -5.5162e+00 -7.9308e+00 -5.3506e+00
45 0 +2.723746666e+02 +3.390846666e+02 +3.390846666e+02 +9.0030e-01 +1.4022e+00 -3.4385e-01 -1.5886e+00 +4.8236e+00 +4.2269e+00 +2.0867e+00 +1.5049e+00 -3.2289e+00 +5.1475e-01 +1.3053e+00 +5.0409e-01 +1.0457e+00 +1.0152e+00 +3.8166e-01 -3.5715e+00 -4.8225e+00 -4.8681e+00 -8.2748e+00 -5.3957e+00
% f evaluations | g evaluations | best noise-free fitness - Fopt (9.416700000000e+02) + sum g_i+ | measured fitness | best measured fitness or single-digit g-values | x1 | x2...
1 0 +3.992761284e+02 +1.340946128e+03 +1.340946128e+03 +0.0000e+00 +0.0000e+00 +0.0000e+00 +0.0000e+00 +0.0000e+00 +0.0000e+00 +0.0000e+00 +0.0000e+00 +0.0000e+00 +0.0000e+00 +0.0000e+00 +0.0000e+00 +0.0000e+00 +0.0000e+00 +0.0000e+00 +0.0000e+00 +0.0000e+00 +0.0000e+00 +0.0000e+00 +0.0000e+00
2 0 +3.250966920e+02 +1.266766692e+03 +1.266766692e+03 -6.8838e-01 +1.6191e-01 -2.7254e+00 -3.9697e-01 -4.1692e-02 +6.3059e-01 +2.0452e+00 +3.7191e-01 +4.5778e-01 -2.6442e+00 +2.3982e+00 +9.2492e-01 +1.6751e-01 +1.5047e+00 +4.0617e+00 -2.7390e-01 +2.2385e-01 -2.5855e+00 +5.2431e+00 +2.8333e+00
16 0 +3.168160467e+02 +1.258486047e+03 +1.258486047e+03 +5.6727e-01 -1.1659e+00 -5.3964e+00 -2.7173e-01 +2.5539e+00 +1.2701e+00 +4.4912e+00 -8.9626e-01 -3.9766e+00 -3.0816e+00 +1.1001e+00 +2.5266e+00 +4.2605e-01 +1.9168e+00 +1.9051e+00 +1.8118e+00 -4.9799e+00 -2.9788e+00 +5.9780e+00 +2.4687e+00
19 0 +3.121210362e+02 +1.253791036e+03 +1.253791036e+03 +3.5508e+00 -2.8362e+00 -3.6863e-01 +9.7035e-01 -1.7565e+00 -3.1959e-01 +2.0312e+00 +8.6867e-01 -1.7757e+00 -2.6610e+00 +5.8740e+00 +4.5107e+00 +1.0662e+00 +1.6672e+00 +3.3773e+00 +3.7549e-01 -8.7465e-01 +1.9218e-01 +1.1433e+00 +2.6395e+00
20 0 +2.591404492e+02 +1.200810449e+03 +1.200810449e+03 -2.6548e+00 -1.2834e+00 -4.8126e+00 -2.8445e+00 +3.6104e-01 +1.7427e-01 +3.8642e+00 +8.4633e-01 +2.3427e+00 -1.9075e+00 +1.2976e+00 +2.5729e+00 -2.2928e+00 +4.6982e-02 +2.4322e-01 +4.8694e+00 +9.8305e-01 +4.1701e+00 +3.9741e+00 +2.9162e+00
23 0 +2.473512447e+02 +1.189021245e+03 +1.189021245e+03 +1.0729e+00 -1.1394e+00 -3.0902e+00 -2.6183e+00 +2.5592e+00 -2.0193e+00 -2.3568e-02 +3.9519e+00 -3.9349e-01 -3.3118e+00 +4.4463e+00 +4.6535e+00 -4.3955e+00 -8.1541e-01 +1.2328e+00 +3.6640e-01 -2.9430e-01 +3.2428e-01 +6.4158e+00 +4.7018e+00
27 0 +2.262688917e+02 +1.167938892e+03 +1.167938892e+03 +1.1450e-01 -4.0802e+00 -3.0490e+00 -2.1924e+00 +2.5168e+00 +8.0257e-01 +2.4575e+00 -4.4994e-01 +1.4290e+00 -5.6667e+00 +3.9300e+00 +6.7714e+00 +1.1610e+00 -8.0801e-01 +1.1454e-02 +1.5081e+00 +3.6236e-01 +4.3671e+00 +5.4723e+00 +6.9794e+00
28 0 +1.914018676e+02 +1.133071868e+03 +1.133071868e+03 -3.1360e+00 -2.6211e+00 +1.8417e+00 -3.5604e+00 +3.6999e+00 +1.7477e-01 +1.3417e+00 +2.1101e-01 +2.0746e+00 -2.5379e+00 +2.2495e+00 +6.4673e+00 -4.3698e+00 +1.9664e-01 +4.9856e+00 +3.0985e+00 +2.1807e-01 +2.2668e+00 +6.3309e+00 +5.1971e+00
% f evaluations | g evaluations | best noise-free fitness - Fopt (-3.745000000000e+01) + sum g_i+ | measured fitness | best measured fitness or single-digit g-values | x1 | x2...
1 0 +3.992761284e+02 +3.618261284e+02 +3.618261284e+02 +0.0000e+00 +0.0000e+00 +0.0000e+00 +0.0000e+00 +0.0000e+00 +0.0000e+00 +0.0000e+00 +0.0000e+00 +0.0000e+00 +0.0000e+00 +0.0000e+00 +0.0000e+00 +0.0000e+00 +0.0000e+00 +0.0000e+00 +0.0000e+00 +0.0000e+00 +0.0000e+00 +0.0000e+00 +0.0000e+00
2 0 +3.395083915e+02 +3.020583915e+02 +3.020583915e+02 -1.8961e+00 +2.0479e+00 +6.4378e-01 +1.5457e+00 +9.0701e-02 +5.0442e+00 +1.9878e+00 -2.6871e+00 -7.4623e-01 +2.8299e+00 -3.9301e+00 +3.7832e-01 -1.3562e+00 +1.7214e-01 +1.1937e+00 +1.0015e+00 -2.9373e+00 +1.9145e+00 +3.1088e+00 +3.3977e+00
17 0 +2.867494020e+02 +2.492994020e+02 +2.492994020e+02 +9.0718e-01 +2.5924e+00 -3.1500e+00 -7.7222e-02 +2.2155e+00 +2.3893e+00 +1.5443e+00 -2.1144e+00 +1.5073e+00 +2.1314e+00 +1.9933e+00 +1.9839e+00 -4.7300e+00 +4.4579e-01 +1.7713e+00 +1.8646e+00 -4.1171e+00 -7.3563e-01 -1.1258e+00 -2.7022e+00
30 0 +2.626833277e+02 +2.252333277e+02 +2.252333277e+02 +1.0895e+00 +4.5088e-02 -2.3756e+00 -1.4368e+00 +2.4972e+00 +4.9602e+00 +2.1370e+00 -1.3618e+00 +3.0941e+00 +2.1309e+00 +2.3416e+00 +1.2293e+00 -7.3147e+00 +2.1375e+00 +7.9022e-01 +2.5172e+00 -4.7534e+00 +4.6973e+00 -2.9786e+00 -2.2332e+00
31 0 +2.480714069e+02 +2.106214069e+02 +2.106214069e+02 +1.6789e+00 +6.3966e+00 -1.2774e+00 -1.2938e+00 +2.9550e+00 +1.2216e+00 -4.1937e-02 +9.9889e-01 +5.3443e+00 +3.2670e+00 +4.2173e+00 +2.0987e+00 -8.1730e+00 -1.0880e+00 +1.1643e+00 +2.1670e+00 -2.6884e+00 +2.6703e+00 +2.2746e+00 +2.5672e-01
34 0 +2.417138275e+02 +2.042638275e+02 +2.042638275e+02 -1.1971e+00 +6.3552e+00 -2.2452e+00 +7.0230e-01 +1.4417e+00 +2.1197e+00 +1.9558e+00 -2.6193e+00 -3.6900e-01 +1.5673e+00 +1.7957e+00 +1.3758e+00 -3.8656e+00 -3.7493e+00 +3.6552e+00 +1.0293e-01 -6.8095e+00 +1.3798e+00 +8.7557e-01 -2.1745e+00
39 0 +2.373240393e+02 +1.998740393e+02 +1.998740393e+02 +6.0079e+00 +4.3211e+00 -4.6586e+00 -3.8879e-01 +4.5875e+00 +2.0473e+00 +4.4820e-01 +4.6949e-01 +2.0116e+00 +1.3266e+00 +3.5086e-01 +3.8764e+00 -4.6484e+00 -2.7969e+00 +2.9662e+00 +1.3094e+00 -3.0213e+00 +2.7638e+00 +1.5569e+00 -2.2034e+00
40 0 +2.082827341e+02 +1.708327341e+02 +1.708327341e+02 -5.1737e-01 -3.8362e-01 -1.6467e+00 -1.5281e+00 +7.7276e-01 +1.2052e+00 +4.0013e-02 -4.9970e+00 +3.7096e-01 -3.5529e+00 +6.4351e+00 +3.2202e+00 -5.2552e+00 -3.9353e+00 -1.4934e+00 +4.9061e+00 -3.7648e+00 +7.1479e+00 +1.8194e-02 -3.1655e+00
48 0 +2.000984840e+02 +1.626484840e+02 +1.626484840e+02 -1.0911e+00 -3.8244e-01 +2.0055e+00 +2.3205e-02 +4.2216e+00 +2.2223e+00 -9.7450e-01 -1.2733e+00 +3.0883e+00 +4.6625e+00 +1.1455e+00 +4.3975e+00 -4.8244e+00 -5.4761e+00 +3.9588e+00 +3.5904e+00 -2.7801e+00 +8.1186e-01 +5.9114e+00 +1.0652e-01
