% f evaluations | g evaluations | best noise-free fitness - Fopt (-1.694000000000e+01) + sum g_i+ | measured fitness | best measured fitness or single-digit g-values | x1 | x2...
1 0 +1.581765120e+02 +1.412365120e+02 +1.412365120e+02 +0.0000e+00 +0.0000e+00 +0.0000e+00 +0.0000e+00 +0.0000e+00 +0.0000e+00 +0.0000e+00 +0.0000e+00 +0.0000e+00 +0.0000e+00 +0.0000e+00 +0.0000e+00 +0.0000e+00 +0.0000e+00 +0.0000e+00 +0.0000e+00 +0.0000e+00 +0.0000e+00 +0.0000e+00 +0.0000e+00
14 0 +9.475312328e+01 +7.781312328e+01 +7.781312328e+01 +2.9043e+00 +1.6078e+00 +8.9446e-01 +6.8623e-01 +3.9896e+00 +3.7076e+00 +1.2922e+00 -7.1917e-01 +1.8682e+00 +1.1426e+00 -2.5310e+00 +3.7124e+00 -1.1762e+00 -3.1265e-01 -2.8529e+00 +2.0087e+00 +3.6832e+00 +2.9940e+00 -1.8149e+00 -2.2751e+00
45 0 +9.250487837e+01 +7.556487837e+01 +7.556487837e+01 +1.2739e+00 +8.0912e-01 -1.9959e-01 +1.4644e+00 +5.3332e+00 +3.5506e+00 +1.2538e+00 -4.1516e+00 -8.6664e-01 +9.1693e-01 +2.1512e+00 +1.0502e+00 +1.2116e+00 -5.5326e-01 -3.3906e+00 +2.8572e+00 +2.3359e+00 +3.0078e+00 -1.0700e+00 -1.5360e+00
47 0 +6.601331735e+01 +4.907331735e+01 +4.907331735e+01 +1.4133e+00 -2.4682e+00 +1.4359e+00 -2.9688e+00 +3.2796e+00 +4.1257e+00 +5.8542e+00 -1.6914e+00 -3.1639e+00 +1.8860e-01 +2.8257e+00 +1.5613e+00 +7.4776e-01 -1.9908e+00 -4.2762e+00 +4.6990e+00 +8.0570e-01 +2.3168e+00 -2.5167e+00 +1.5361e+00
% f evaluations | g evaluations | best noise-free fitness - Fopt (1.881000000000e+01) + sum g_i+ | measured fitness | best measured fitness or single-digit g-values | x1 | x2...
1 0 +5.562307111e+01 +7.443307111e+01 +7.443307111e+01 +0.0000e+00 +0.0000e+00 +0.0000e+00 +0.0000e+00 +0.0000e+00 +0.0000e+00 +0.0000e+00 +0.0000e+00 +0.0000e+00 +0.0000e+00 +0.0000e+00 +0.0000e+00 +0.0000e+00 +0.0000e+00 +0.0000e+00 +0.0000e+00 +0.0000e+00 +0.0000e+00 +0.0000e+00 +0.0000e+00
7 0 +4.665380482e+01 +6.546380482e+01 +6.546380482e+01 -2.9769e+00 +2.9826e+00 +9.1213e-01 -7.2389e-01 +1.0303e+00 -1.0129e+00 -2.6695e-01 -6.4510e-01 -6.3498e-02 +5.5261e-01 -6.9230e-01 +4.1030e+00 +3.3343e-01 -1.7043e+00 +1.2582e-01 -1.6304e+00 -7.4860e-01 -1.7318e+00 +1.3863e-01 +2.9115e+00
16 0 +3.869727418e+01 +5.750727418e+01 +5.750727418e+01 +1.6103e+00 -1.4223e+00 +4.5957e-01 -2.9083e+00 +2.4781e+00 -1.5871e+00 -8.8529e-01 +2.8288e+00 -1.5387e+00 +9.7008e-02 +8.7114e-01 -2.3583e-01 +1.4959e+00 +4.4787e-01 -2.9069e-01 -2.3925e+00 -5.0894e-01 +3.0426e+00 +1.6720e+00 +3.6658e+00
% f evaluations | g evaluations | best noise-free fitness - Fopt (2.731500000000e+02) + sum g_i+ | measured fitness | best measured fitness or single-digit g-values | x1 | x2...
1 0 +2.178320511e+02 +4.909820511e+02 +4.909820511e+02 +0.0000e+00 +0.0000e+00 +0.0000e+00 +0.0000e+00 +0.0000e+00 +0.0000e+00 +0.0000e+00 +0.0000e+00 +0.0000e+00 +0.0000e+00 +0.0000e+00 +0.0000e+00 +0.0000e+00 +0.0000e+00 +0.0000e+00 +0.0000e+00 +0.0000e+00 +0.0000e+00 +0.0000e+00 +0.0000e+00
2 0 +1.804436678e+02 +4.535936678e+02 +4.535936678e+02 -9.0305e-01 -5.9120e-01 +5.4344e+00 +2.2210e-01 +2.6445e+00 -6.9593e-02 -4.1414e-01 -1.2847e+00 -1.5696e+00 +6.4891e-02 -4.4995e+00 +9.6029e-01 +1.6386e-01 -2.8541e-02 +1.7151e+00 +1.0051e+00 -2.7830e+00 -1.1910e+00 -5.7060e-01 -2.4046e+00
15 0 +1.349598780e+02 +4.081098780e+02 +4.081098780e+02 -1.4687e+00 +2.3774e+00 +5.8919e-01 +2.3100e-01 +4.7698e+00 -4.4841e+00 -3.0195e+00 +7.9227e-01 -1.7937e+00 -2.1027e+00 -5.8107e+00 +2.6941e+00 +5.2642e-01 +2.6683e-01 +6.6033e-02 -1.1637e+00 -2.8308e+00 -5.0210e-01 +5.0115e-01 +6.0744e-01
26 0 +1.075288359e+02 +3.806788359e+02 +3.806788359e+02 -2.3477e+00 +4.8096e+00 +4.9002e+00 -2.4144e+00 +4.4968e+00 -1.7295e+00 -3.8669e+00 -4.0613e+00 -2.6760e+00 +1.1803e+00 -6.5770e+00 +2.4136e+00 -5.8489e-01 +2.5886e+00 +3.6002e+00 +5.1508e-01 -3.3447e+00 +1.4253e+00 -2.4634e+00 -1.3800e+00
28 0 +1.027624210e+02 +3.759124210e+02 +3.759124210e+02 -5.1309e+00 +6.7693e-01 +1.4891e+00 +3.8214e+00 +4.4374e+00 -1.6378e+00 -2.4507e+00 +1.3667e+00 -9.7503e-01 -1.1621e+00 -9.7425e-01 +2.5839e+00 +2.2852e-01 +3.7154e+00 +2.3465e+00 -2.1530e+00 -2.8520e+00 -8.2098e-01 +1.6860e+00 -2.0409e+00
29 0 +8.498673417e+01 +3.581367342e+02 +3.581367342e+02 -1.2524e+00 +4.0694e+00 +3.8410e+00 -2.1506e+00 +3.9754e+00 -3.2432e+00 +4.2668e-02 +9.2959e-01 -1.8750e+00 -1.2760e+00 -2.3558e+00 +1.6231e+00 +2.2568e+00 +1.9332e+00 +3.0970e+00 -3.7787e+00 -2.1305e+00 -1.7011e+00 +1.1018e+00 -6.2581e-01
% f evaluations | g evaluations | best noise-free fitness - Fopt (3.718000000000e+01) + sum g_i+ | measured fitness | best measured fitness or single-digit g-values | x1 | x2...
1 0 +4.493569195e+01 +8.211569195e+01 +8.211569195e+01 +0.0000e+00 +0.0000e+00 +0.0000e+00 +0.0000e+00 +0.0000e+00 +0.0000e+00 +0.0000e+00 +0.0000e+00 +0.0000e+00 +0.0000e+00 +0.0000e+00 +0.0000e+00 +0.0000e+00 +0.0000e+00 +0.0000e+00 +0.0000e+00 +0.0000e+00 +0.0000e+00 +0.0000e+00 +0.0000e+00
25 0 +4.481145564e+01 +8.199145564e+01 +8.199145564e+01 -4.2152e+00 -2.2721e+00 -1.4675e+00 +2.7422e+00 +2.6692e+00 +1.6360e+00 -2.7243e+00 -9.5914e-01 -2.8790e+00 +8.5124e-01 +1.2404e+00 -1.3770e+00 +3.9772e-01 -1.2492e+00 -1.6094e+00 +2.8369e+00 +7.2759e-02 -4.7598e-01 -2.2849e+00 -1.1437e+00
28 0 +2.408388198e+01 +6.126388198e+01 +6.126388198e+01 -3.9003e+00 +7.4513e-01 +1.9123e+00 -4.1875e-01 -1.2193e+00 +1.0314e+00 -5.9634e-01 -1.1020e+00 -1.0175e+00 +6.7144e-01 +1.6537e+00 -1.6990e+00 +2.4429e+00 -1.7901e-01 -1.2098e+00 +1.5077e+00 +7.0981e-01 -2.0725e+00 -4.4279e-01 +3.0117e+00
% f evaluations | g evaluations | best noise-free fitness - Fopt (-1.479000000000e+02) + sum g_i+ | measured fitness | best measured fitness or single-digit g-values | x1 | x2...
1 0 +5.545306338e+01 -9.244693662e+01 -9.244693662e+01 +0.0000e+00 +0.0000e+00 +0.0000e+00 +0.0000e+00 +0.0000e+00 +0.0000e+00 +0.0000e+00 +0.0000e+00 +0.0000e+00 +0.0000e+00 +0.0000e+00 +0.0000e+00 +0.0000e+00 +0.0000e+00 +0.0000e+00 +0.0000e+00 +0.0000e+00 +0.0000e+00 +0.0000e+00 +0.0000e+00
3 0 +5.237352930e+01 -9.552647070e+01 -9.552647070e+01 +4.5338e-01 -1.7108e+00 +5.7397e-01 -3.2078e+00 +1.5833e+00 -1.5120e+00 +2.3773e+00 -1.3505e+00 +5.6222e-02 -3.4379e+00 -4.4103e-02 -3.1385e+00 -1.2353e+00 -4.8014e-01 +4.4552e+00 +1.3993e+00 -6.1860e-01 -4.4360e-01 -1.1194e+00 -1.3550e+00
8 0 +5.047805515e+01 -9.742194485e+01 -9.742194485e+01 +1.6827e+00 -1.3431e+00 -1.6643e+00 -8.6159e-01 +2.0527e-01 +2.1783e+00 +5.5059e-01 +5.4473e-01 +2.0758e-01 +2.5664e+00 +6.6758e-01 -8.9093e-01 +7.4936e-01 -2.9157e+00 -2.1357e+00 -6.7774e-01 +9.6114e-01 -3.2038e+00 -3.4133e+00 -1.5393e+00
14 0 +4.302329990e+01 -1.048767001e+02 -1.048767001e+02 +3.2188e+00 +3.2551e-01 -6.3342e-02 -1.8073e+00 +5.0523e-01 +2.0983e+00 +6.8720e-01 -1.8721e+00 -1.5106e+00 +1.3285e+00 +1.5644e+00 -2.2093e-01 -1.2468e+00 -2.8581e+00 +2.7895e-01 -2.5172e+00 -2.9237e+00 -3.1802e+00 -4.9494e+00 +4.9586e-01
