% f evaluations | g evaluations | best noise-free fitness - Fopt (7.627000000000e+01) + sum g_i+ | measured fitness | best measured fitness or single-digit g-values | x1 | x2...
1 0 +5.128259773e+05 +5.129022473e+05 +5.129022473e+05 +0.0000e+00 +0.0000e+00 +0.0000e+00 +0.0000e+00 +0.0000e+00 +0.0000e+00 +0.0000e+00 +0.0000e+00 +0.0000e+00 +0.0000e+00 +0.0000e+00 +0.0000e+00 +0.0000e+00 +0.0000e+00 +0.0000e+00 +0.0000e+00 +0.0000e+00 +0.0000e+00 +0.0000e+00 +0.0000e+00
3 0 +1.781351497e+05 +1.782114197e+05 +1.782114197e+05 -3.3950e+00 -1.6296e-01 +9.0012e-01 -4.8683e-02 -1.9767e+00 -1.4666e+00 +2.3428e+00 -2.7238e+00 +4.8103e-01 +2.2105e-01 -1.3149e-01 -4.5814e-01 -2.9102e-01 +3.0096e-01 -8.2549e-01 -1.0166e+00 +2.0234e+00 -2.7424e+00 +2.6656e+00 +2.5314e+00
4 0 +1.371347988e+05 +1.372110688e+05 +1.372110688e+05 -4.0172e+00 -3.5237e-01 -2.7708e+00 +2.6123e+00 +2.6339e+00 -2.2028e+00 -2.6541e+00 -8.5450e-01 +1.2199e-01 +3.9052e-01 -6.0062e-01 -2.4859e+00 -3.2307e-01 +1.9256e+00 -1.3733e+00 -2.8286e+00 +1.7509e+00 -2.9215e-01 +1.4355e+00 +3.0977e+00
8 0 +8.223268721e+04 +8.230895721e+04 +8.230895721e+04 -3.1007e+00 +3.0640e-01 +1.4552e-01 -3.8591e-01 -1.0292e+00 -1.0591e+00 +8.7191e-01 -2.0156e+00 +3.5280e+00 +8.5879e-01 +4.3021e-01 +1.7397e+00 -4.3341e+00 +1.8420e+00 +4.3871e-01 +1.2422e+00 +2.5058e+00 -1.8489e-01 +2.8042e+00 +1.1970e-01
21 0 +5.713533952e+03 +5.789803952e+03 +5.789803952e+03 -4.2682e+00 -5.8541e-01 -2.6457e+00 +6.1240e+00 -2.0393e+00 +6.4556e-02 -1.2547e+00 -1.8111e+00 +1.3278e+00 +1.1514e+00 +2.5730e-01 -2.2146e+00 -4.0874e+00 +3.5963e+00 -2.4355e+00 +2.8527e-02 +2.4051e+00 -5.7407e-01 +2.4017e+00 +2.0373e+00
46 0 +1.272080681e+03 +1.348350681e+03 +1.348350681e+03 -4.4792e+00 -1.6365e+00 -4.1627e+00 +4.5326e+00 -1.5002e+00 +2.0009e+00 +1.0891e+00 -2.3675e+00 +3.0865e+00 -9.7507e-02 -2.6008e-01 -3.9027e+00 -4.8272e+00 +3.1804e+00 +4.7669e-01 +3.3616e-01 +1.8037e+00 -4.8895e+00 +1.0671e-01 +9.4968e-01
110 0 +1.115206638e+03 +1.191476638e+03 +1.191476638e+03 -3.3012e+00 +1.0078e+00 -3.7381e+00 +7.3461e+00 -1.1526e+00 -6.7329e-01 +3.7463e+00 -1.9300e+00 +4.9629e+00 +1.8265e+00 -3.5689e+00 -1.9888e-01 -1.4761e+00 +2.0673e+00 +9.4313e-01 -1.8827e+00 -4.6210e-02 +9.0081e-01 +9.2800e-01 +3.9141e-01
198 0 +7.800172662e+02 +8.562872662e+02 +8.562872662e+02 -3.4385e+00 -3.7759e+00 -1.7360e+00 +7.6817e+00 -5.7277e+00 -5.0331e-01 +6.7429e+00 +1.0255e+00 +1.0892e+00 -1.3245e+00 -3.3043e+00 +2.3094e-01 -1.9460e+00 +9.9738e-01 +3.5149e-01 -7.8501e-01 +2.0074e+00 -3.3587e+00 +1.7841e+00 +2.1993e+00
337 0 +5.474666176e+02 +6.237366176e+02 +6.237366176e+02 -6.3737e+00 -6.1165e+00 -1.2503e-01 +6.3270e+00 -5.7371e+00 +4.8894e-01 +7.9615e+00 +2.2321e-01 +1.3298e+00 +1.6083e-02 -6.6493e+00 +1.5031e+00 -5.7257e+00 +4.3548e+00 +5.9666e+00 -5.1807e-01 -1.3973e+00 -1.7525e+00 +3.7895e+00 +7.9918e+00
