% f evaluations | g evaluations | best noise-free fitness - Fopt (-1.000000000000e+03) + sum g_i+ | measured fitness | best measured fitness or single-digit g-values | x1 | x2...
1 0 +3.907870576e+04 +3.807870576e+04 +3.807870576e+04 +0.0000e+00 +0.0000e+00 +0.0000e+00 +0.0000e+00 +0.0000e+00 +0.0000e+00 +0.0000e+00 +0.0000e+00 +0.0000e+00 +0.0000e+00
12 0 +2.850751573e+04 +2.750751573e+04 +2.750751573e+04 -3.4912e+00 +1.2988e+00 +2.3038e+00 -1.4970e+00 +7.9865e-01 -1.2076e+00 -9.3778e-01 -7.8696e-01 +1.3221e+00 -2.3989e+00
18 0 +9.892282765e+03 +8.892282765e+03 +8.892282765e+03 -2.8987e+00 -2.7376e+00 +2.0023e+00 -2.3342e+00 -1.1163e+00 +7.8797e-01 -4.4428e+00 -6.0870e-01 +1.3717e+00 +1.3756e+00
26 0 +7.456421010e+03 +6.456421010e+03 +6.456421010e+03 -4.4911e+00 +2.9026e-02 +1.7431e+00 -1.6252e+00 -1.0334e+00 -1.1679e+00 -2.2708e+00 -1.5229e+00 -2.2841e+00 +1.5322e+00
32 0 +2.782137811e+03 +1.782137811e+03 +1.782137811e+03 -4.3060e+00 -1.3247e+00 +1.5659e+00 -2.5043e+00 -2.7952e+00 -9.0259e-01 -4.3472e+00 -1.0414e-01 +1.1881e+00 +2.0713e-02
69 0 +2.569979069e+03 +1.569979069e+03 +1.569979069e+03 -4.0022e+00 -5.3987e-01 +2.7254e-01 -2.4454e+00 -2.3144e+00 -5.2678e-01 -2.9377e+00 -2.5592e+00 +1.8941e+00 +2.0969e-01
72 0 +1.867559510e+03 +8.675595102e+02 +8.675595102e+02 -3.5392e+00 -7.3812e-01 +1.6781e+00 -3.6618e+00 -4.6343e+00 -1.4138e-01 -2.3697e+00 -1.7970e+00 +6.5747e-01 +2.0660e+00
73 0 +1.435491456e+03 +4.354914563e+02 +4.354914563e+02 -4.0829e+00 -1.6757e-01 -1.0721e+00 -2.7606e+00 -3.5541e+00 -6.5344e-01 -3.9342e+00 -6.2797e-01 +1.3661e+00 +3.3983e+00
87 0 +7.171695462e+02 -2.828304538e+02 -2.828304538e+02 -4.9525e+00 -1.5972e-01 +1.3681e-01 -2.0694e+00 -2.3490e+00 -3.4715e-01 -1.4107e+00 -1.3407e+00 +1.0570e+00 +2.5716e+00
