% f evaluations | g evaluations | best noise-free fitness - Fopt (1.491500000000e+02) + sum g_i+ | measured fitness | best measured fitness or single-digit g-values | x1 | x2...
1 0 +1.737629871e+04 +1.752544871e+04 +1.752544871e+04 +0.0000e+00 +0.0000e+00 +0.0000e+00 +0.0000e+00 +0.0000e+00 +0.0000e+00 +0.0000e+00 +0.0000e+00 +0.0000e+00 +0.0000e+00
22 0 +7.020948995e+03 +7.170098995e+03 +7.170098995e+03 +8.1240e-01 -1.5116e+00 +5.8715e-01 +1.6179e+00 -2.3442e+00 +4.4867e-01 -6.7139e-01 -2.7536e+00 +9.9361e-01 -1.6522e-01
32 0 +4.771016647e+03 +4.920166647e+03 +4.920166647e+03 +1.4583e-01 -1.2997e+00 -3.3000e-01 +3.3561e-01 -2.4531e+00 -1.3459e-01 -5.7109e-01 -1.8514e+00 +1.6284e+00 +7.9556e-01
% f evaluations | g evaluations | best noise-free fitness - Fopt (-1.000000000000e+03) + sum g_i+ | measured fitness | best measured fitness or single-digit g-values | x1 | x2...
1 0 +3.907870576e+04 +3.807870576e+04 +3.807870576e+04 +0.0000e+00 +0.0000e+00 +0.0000e+00 +0.0000e+00 +0.0000e+00 +0.0000e+00 +0.0000e+00 +0.0000e+00 +0.0000e+00 +0.0000e+00
5 0 +3.299097410e+04 +3.199097410e+04 +3.199097410e+04 -3.5155e+00 -3.4670e+00 -1.0261e+00 -8.8307e-01 -2.9462e+00 +1.6787e+00 -2.0864e+00 -2.4872e+00 +2.1436e+00 -1.1195e+00
10 0 +2.534827257e+04 +2.434827257e+04 +2.434827257e+04 -1.4022e+00 +3.9570e-01 +4.0521e+00 +6.6906e-01 -1.9019e+00 -1.5416e+00 -3.0139e+00 -1.3660e+00 +1.5870e+00 -1.7950e+00
16 0 +1.285521910e+04 +1.185521910e+04 +1.185521910e+04 -2.8643e+00 +2.1189e+00 +1.1168e+00 -1.6092e-01 -1.4370e+00 -1.9397e+00 -2.7205e+00 -1.0669e+00 +1.5544e+00 -5.2007e+00
18 0 +5.171085621e+03 +4.171085621e+03 +4.171085621e+03 -2.1560e+00 -5.7336e-01 +2.4402e+00 -5.3552e-01 -2.3542e+00 -2.5659e-01 -1.6431e+00 -1.5248e+00 -8.9042e-01 -1.1440e+00
% f evaluations | g evaluations | best noise-free fitness - Fopt (9.862000000000e+01) + sum g_i+ | measured fitness | best measured fitness or single-digit g-values | x1 | x2...
1 0 +4.199469811e+04 +4.209331811e+04 +4.209331811e+04 +0.0000e+00 +0.0000e+00 +0.0000e+00 +0.0000e+00 +0.0000e+00 +0.0000e+00 +0.0000e+00 +0.0000e+00 +0.0000e+00 +0.0000e+00
15 0 +3.891863922e+04 +3.901725922e+04 +3.901725922e+04 +1.1559e+00 -1.2434e+00 -9.6130e-02 -5.3437e+00 +2.0872e+00 -2.9357e+00 +1.8265e-01 -2.1669e+00 -1.1381e+00 -2.8351e+00
19 0 +3.816961157e+04 +3.826823157e+04 +3.826823157e+04 -2.1000e+00 -1.0452e+00 +4.7848e-01 -1.8843e+00 +7.6917e-01 -4.3505e-02 +4.9313e-01 +6.4636e-01 -1.6769e+00 -4.0753e+00
20 0 +1.413841425e+04 +1.423703425e+04 +1.423703425e+04 +8.1739e-01 +4.1295e-01 -3.3534e-01 -3.3066e+00 -3.9312e-01 +2.1913e-01 -1.0931e+00 -2.3556e+00 -1.0031e+00 -2.0335e-01
30 0 +1.159029995e+04 +1.168891995e+04 +1.168891995e+04 -1.8898e+00 +2.2237e-01 -1.7650e-01 -2.8952e+00 -9.6311e-01 +5.2985e-01 -2.0673e-01 -1.3955e+00 -2.0756e+00 -3.5104e+00
32 0 +9.610866360e+03 +9.709486360e+03 +9.709486360e+03 -9.2504e-01 +1.1512e-01 -1.9350e-01 -3.2422e+00 -8.9672e-01 +1.8513e-01 -2.5402e-01 -1.3874e+00 -1.8540e+00 -1.8327e+00
% f evaluations | g evaluations | best noise-free fitness - Fopt (-4.715000000000e+01) + sum g_i+ | measured fitness | best measured fitness or single-digit g-values | x1 | x2...
1 0 +1.627277393e+04 +1.622562393e+04 +1.622562393e+04 +0.0000e+00 +0.0000e+00 +0.0000e+00 +0.0000e+00 +0.0000e+00 +0.0000e+00 +0.0000e+00 +0.0000e+00 +0.0000e+00 +0.0000e+00
18 0 +8.033459156e+03 +7.986309156e+03 +7.986309156e+03 -1.4510e+00 -1.5106e+00 -1.4543e+00 -1.6370e+00 -1.0487e-01 -1.5991e+00 -1.2098e-01 +2.9856e-01 +1.2337e-01 -6.8181e-01
29 0 +7.726523049e+03 +7.679373049e+03 +7.679373049e+03 -1.7979e+00 -1.1773e+00 -1.0728e+00 -4.0340e+00 -1.6539e+00 -9.2310e-01 -2.6686e+00 +1.5811e-01 -3.1979e-01 -1.1731e+00
32 0 +3.223484560e+03 +3.176334560e+03 +3.176334560e+03 -9.0584e-01 -1.7841e+00 -1.3878e+00 -3.7693e+00 -1.7938e+00 -6.5746e-01 -1.8740e+00 -5.5198e-01 -6.6107e-01 -5.7389e-01
% f evaluations | g evaluations | best noise-free fitness - Fopt (3.752000000000e+01) + sum g_i+ | measured fitness | best measured fitness or single-digit g-values | x1 | x2...
1 0 +2.454046287e+04 +2.457798287e+04 +2.457798287e+04 +0.0000e+00 +0.0000e+00 +0.0000e+00 +0.0000e+00 +0.0000e+00 +0.0000e+00 +0.0000e+00 +0.0000e+00 +0.0000e+00 +0.0000e+00
22 0 +1.928150811e+04 +1.931902811e+04 +1.931902811e+04 +2.6881e-01 -2.2922e+00 -1.7593e-01 -2.4710e+00 -4.0384e-01 -1.3048e+00 +3.1125e+00 +2.1503e+00 +4.2687e+00 -6.9090e-01
24 0 +1.819395851e+04 +1.823147851e+04 +1.823147851e+04 -8.4194e-01 -2.2090e+00 +1.9644e+00 -5.4825e-01 -2.9727e-01 +2.6323e+00 +4.0534e+00 -1.7433e-01 +3.3469e+00 -2.3199e-01
30 0 +8.113294773e+03 +8.150814773e+03 +8.150814773e+03 +1.4917e+00 -2.5919e+00 +1.8994e+00 -3.4954e+00 -5.3103e-01 +1.2805e+00 +3.4924e+00 +1.5756e+00 +1.8668e+00 -1.2093e+00
32 0 +7.253566140e+03 +7.291086140e+03 +7.291086140e+03 +7.5489e-01 -2.4845e+00 +1.7165e+00 -2.2745e+00 -3.2237e-01 +8.6482e-01 +3.4260e+00 +1.0502e+00 +2.8459e+00 -6.1408e-01
