% f evaluations | g evaluations | best noise-free fitness - Fopt (-1.000000000000e+03) + sum g_i+ | measured fitness | best measured fitness or single-digit g-values | x1 | x2...
1 0 +8.287602554e+01 -9.171239745e+02 -9.171239745e+02 +0.0000e+00 +0.0000e+00 +0.0000e+00 +0.0000e+00 +0.0000e+00 +0.0000e+00 +0.0000e+00 +0.0000e+00 +0.0000e+00 +0.0000e+00 +0.0000e+00 +0.0000e+00 +0.0000e+00 +0.0000e+00 +0.0000e+00 +0.0000e+00 +0.0000e+00 +0.0000e+00 +0.0000e+00 +0.0000e+00
8 0 +7.992404784e+01 -9.200759522e+02 -9.200759522e+02 -2.8559e-01 -1.1283e+00 +4.2768e-01 -1.8192e+00 -1.5767e+00 +4.4379e-01 +9.8838e-01 -1.0203e+00 +2.0662e+00 +1.4335e+00 +2.1299e-01 -9.1878e-01 -1.5930e+00 +2.4147e-01 -1.6660e+00 -1.4756e+00 -8.8800e-01 -7.9196e-01 +4.3416e+00 -7.2631e-01
28 0 +7.514238670e+01 -9.248576133e+02 -9.248576133e+02 +3.3545e-01 +1.4249e+00 -2.2992e+00 +4.3904e+00 +1.7607e+00 -7.7500e-02 +2.6701e-01 -1.7389e+00 +8.4413e-01 -2.5526e-01 +4.1329e+00 +1.5292e+00 +2.7494e-01 -3.6491e+00 -1.1780e+00 +2.3523e+00 -7.8652e-01 +3.7507e+00 +1.2343e+00 -2.7036e+00
% f evaluations | g evaluations | best noise-free fitness - Fopt (1.000000000000e+03) + sum g_i+ | measured fitness | best measured fitness or single-digit g-values | x1 | x2...
1 0 +8.367961493e+01 +1.083679615e+03 +1.083679615e+03 +0.0000e+00 +0.0000e+00 +0.0000e+00 +0.0000e+00 +0.0000e+00 +0.0000e+00 +0.0000e+00 +0.0000e+00 +0.0000e+00 +0.0000e+00 +0.0000e+00 +0.0000e+00 +0.0000e+00 +0.0000e+00 +0.0000e+00 +0.0000e+00 +0.0000e+00 +0.0000e+00 +0.0000e+00 +0.0000e+00
2 0 +7.710512978e+01 +1.077105130e+03 +1.077105130e+03 -2.2267e+00 +2.7325e+00 -3.1612e+00 -1.2138e+00 +7.0881e-01 +1.8914e+00 +2.0356e-01 -1.0157e+00 +1.5771e+00 -2.3876e-01 -1.1546e+00 +2.8828e+00 -6.2926e-01 -3.8716e+00 -2.5184e+00 -5.0210e+00 -1.1789e+00 -5.3720e-01 -1.3150e-01 +2.3441e+00
% f evaluations | g evaluations | best noise-free fitness - Fopt (-4.913000000000e+01) + sum g_i+ | measured fitness | best measured fitness or single-digit g-values | x1 | x2...
1 0 +8.282343011e+01 +3.369343011e+01 +3.369343011e+01 +0.0000e+00 +0.0000e+00 +0.0000e+00 +0.0000e+00 +0.0000e+00 +0.0000e+00 +0.0000e+00 +0.0000e+00 +0.0000e+00 +0.0000e+00 +0.0000e+00 +0.0000e+00 +0.0000e+00 +0.0000e+00 +0.0000e+00 +0.0000e+00 +0.0000e+00 +0.0000e+00 +0.0000e+00 +0.0000e+00
6 0 +8.181180665e+01 +3.268180665e+01 +3.268180665e+01 +9.4620e-01 +1.0495e+00 +2.5531e+00 +6.3344e-01 +4.3346e-01 +1.4369e-01 -2.2369e+00 +2.9441e-01 +2.3847e+00 +1.8513e+00 -4.5218e-01 -1.0294e+00 -2.8724e+00 +7.4490e-01 +8.4348e-01 +1.8741e-01 +3.3666e+00 -3.6841e+00 -1.4163e+00 -1.3588e-01
23 0 +8.051787220e+01 +3.138787220e+01 +3.138787220e+01 -1.8141e+00 +7.8188e-01 +3.3819e+00 -3.3578e+00 +3.1746e-01 +1.3501e-01 -7.3673e-01 +1.9681e+00 +5.9797e-01 -1.6723e+00 -7.9436e-01 +8.2639e-01 -5.1452e+00 +2.6489e+00 +1.3069e+00 -1.3528e+00 +3.2875e+00 -9.7093e-01 -4.0427e+00 -1.7404e+00
25 0 +7.689869595e+01 +2.776869595e+01 +2.776869595e+01 +1.6701e+00 +1.7496e+00 +1.1274e+00 +2.5029e-01 +4.6389e+00 -1.5300e+00 +1.3216e-01 +1.5498e+00 +3.6584e-01 +1.9019e+00 -2.2634e+00 -6.4105e-01 -2.3847e+00 +3.8527e+00 +1.5874e+00 +1.3119e-02 +1.6185e+00 -2.5367e+00 -2.6265e+00 -9.2688e-01
% f evaluations | g evaluations | best noise-free fitness - Fopt (2.977300000000e+02) + sum g_i+ | measured fitness | best measured fitness or single-digit g-values | x1 | x2...
1 0 +7.754602683e+01 +3.752760268e+02 +3.752760268e+02 +0.0000e+00 +0.0000e+00 +0.0000e+00 +0.0000e+00 +0.0000e+00 +0.0000e+00 +0.0000e+00 +0.0000e+00 +0.0000e+00 +0.0000e+00 +0.0000e+00 +0.0000e+00 +0.0000e+00 +0.0000e+00 +0.0000e+00 +0.0000e+00 +0.0000e+00 +0.0000e+00 +0.0000e+00 +0.0000e+00
17 0 +7.738946347e+01 +3.751194635e+02 +3.751194635e+02 +8.1514e-01 +2.5249e-01 +1.9951e+00 -4.4912e+00 -7.0618e-01 -3.8212e+00 -4.1030e+00 -1.6466e-01 +1.0204e+00 -2.5934e+00 +1.3772e+00 -2.2118e+00 -2.3369e+00 -1.1204e+00 +1.9105e+00 +1.1876e+00 +7.6422e-01 +5.1360e-01 -2.7969e+00 +7.2176e-01
44 0 +7.394649671e+01 +3.716764967e+02 +3.716764967e+02 -2.1778e-01 -1.1033e+00 +2.2777e-01 -4.3793e+00 +2.9585e+00 -8.8863e-01 -1.3763e+00 -3.2019e+00 +4.1374e+00 -1.1582e+00 +1.8506e+00 +1.5068e+00 +3.8902e-01 -3.5302e+00 +1.9303e+00 +6.1639e-02 +1.1574e+00 +1.7987e+00 -2.7119e-01 +3.1420e+00
45 0 +7.234906611e+01 +3.700790661e+02 +3.700790661e+02 -3.5140e-01 +6.9495e-03 +1.7186e+00 -5.1691e+00 +3.6814e+00 -9.4426e-01 -2.2134e+00 -3.0997e-01 -2.1564e+00 -2.0912e+00 +1.5090e+00 +8.2338e-02 +2.2616e+00 -3.3408e+00 +3.5777e+00 +1.4258e+00 +2.1677e+00 +2.7464e+00 +7.3197e-01 +2.6271e+00
% f evaluations | g evaluations | best noise-free fitness - Fopt (5.157000000000e+01) + sum g_i+ | measured fitness | best measured fitness or single-digit g-values | x1 | x2...
1 0 +8.156121458e+01 +1.331312146e+02 +1.331312146e+02 +0.0000e+00 +0.0000e+00 +0.0000e+00 +0.0000e+00 +0.0000e+00 +0.0000e+00 +0.0000e+00 +0.0000e+00 +0.0000e+00 +0.0000e+00 +0.0000e+00 +0.0000e+00 +0.0000e+00 +0.0000e+00 +0.0000e+00 +0.0000e+00 +0.0000e+00 +0.0000e+00 +0.0000e+00 +0.0000e+00
10 0 +7.757644413e+01 +1.291464441e+02 +1.291464441e+02 +2.6743e+00 +1.8299e+00 -1.0292e+00 +2.0662e+00 +7.7482e-01 -1.0570e+00 +1.0983e+00 +3.6495e+00 -3.2234e-01 -2.5362e+00 +1.4283e+00 -1.7356e+00 +1.8457e-01 -2.1904e+00 +7.5692e-01 +9.1317e-01 -2.1159e+00 +1.6540e+00 +9.5890e-01 +9.2412e-01
34 0 +7.526564294e+01 +1.268356429e+02 +1.268356429e+02 +5.5553e-01 +3.3727e+00 -2.2477e-01 +4.1635e+00 +1.7180e+00 -1.0481e+00 -2.1719e+00 -1.4196e-01 -3.8032e+00 +1.8473e+00 -2.6444e+00 -2.3588e+00 -3.0367e+00 -1.1647e+00 +3.5210e+00 +1.2563e+00 +1.4409e+00 +1.6333e+00 +1.7971e+00 +2.2232e+00
