% f evaluations | g evaluations | best noise-free fitness - Fopt (1.000000000000e+03) + sum g_i+ | measured fitness | best measured fitness or single-digit g-values | x1 | x2...
1 0 +6.423771670e+02 +1.642377167e+03 +1.642377167e+03 +0.0000e+00 +0.0000e+00 +0.0000e+00 +0.0000e+00 +0.0000e+00 +0.0000e+00 +0.0000e+00 +0.0000e+00 +0.0000e+00 +0.0000e+00 +0.0000e+00 +0.0000e+00 +0.0000e+00 +0.0000e+00 +0.0000e+00 +0.0000e+00 +0.0000e+00 +0.0000e+00 +0.0000e+00 +0.0000e+00
10 0 +4.491937741e+02 +1.449193774e+03 +1.449193774e+03 -2.0071e+00 +2.3006e+00 +1.7983e+00 +1.6742e-01 +4.8473e-01 -1.7016e+00 +8.6774e-01 +4.5384e-01 -1.5385e+00 +2.7600e-01 -1.1290e+00 -3.1360e+00 +2.3367e+00 -4.3841e+00 +2.6889e+00 +4.0987e+00 +4.6950e-01 +1.0170e-01 -8.1442e-01 +1.4837e+00
% f evaluations | g evaluations | best noise-free fitness - Fopt (7.003000000000e+01) + sum g_i+ | measured fitness | best measured fitness or single-digit g-values | x1 | x2...
1 0 +7.420924595e+02 +8.121224595e+02 +8.121224595e+02 +0.0000e+00 +0.0000e+00 +0.0000e+00 +0.0000e+00 +0.0000e+00 +0.0000e+00 +0.0000e+00 +0.0000e+00 +0.0000e+00 +0.0000e+00 +0.0000e+00 +0.0000e+00 +0.0000e+00 +0.0000e+00 +0.0000e+00 +0.0000e+00 +0.0000e+00 +0.0000e+00 +0.0000e+00 +0.0000e+00
24 0 +6.667122456e+02 +7.367422456e+02 +7.367422456e+02 -6.7940e-01 -5.4859e-01 +1.4531e+00 +2.4673e+00 -1.1699e+00 -3.4583e+00 -5.5083e-01 +9.8162e-01 -4.7495e+00 +2.0062e+00 -4.4923e-01 -1.2811e+00 +1.7225e+00 -9.4890e-01 +3.7422e-01 -2.3192e+00 +1.8268e+00 -1.4865e+00 +5.9294e-01 +3.2230e+00
37 0 +6.214120602e+02 +6.914420602e+02 +6.914420602e+02 -2.3599e+00 -7.4861e-01 +1.3937e+00 +1.8641e+00 -4.6835e-01 -4.3165e-01 -1.7011e+00 +1.3608e+00 -1.9197e+00 -9.0856e-01 +1.4605e-02 -2.7166e+00 +3.8934e+00 +1.1190e+00 +2.1738e+00 -2.3004e+00 +1.6661e+00 +2.3820e+00 +1.0759e+00 +3.5970e+00
% f evaluations | g evaluations | best noise-free fitness - Fopt (-4.822000000000e+01) + sum g_i+ | measured fitness | best measured fitness or single-digit g-values | x1 | x2...
1 0 +9.669989686e+02 +9.187789686e+02 +9.187789686e+02 +0.0000e+00 +0.0000e+00 +0.0000e+00 +0.0000e+00 +0.0000e+00 +0.0000e+00 +0.0000e+00 +0.0000e+00 +0.0000e+00 +0.0000e+00 +0.0000e+00 +0.0000e+00 +0.0000e+00 +0.0000e+00 +0.0000e+00 +0.0000e+00 +0.0000e+00 +0.0000e+00 +0.0000e+00 +0.0000e+00
4 0 +6.474977255e+02 +5.992777255e+02 +5.992777255e+02 -1.2297e+00 -1.4428e+00 +6.0890e-01 -1.0902e-01 +4.4499e-01 +7.9352e-01 +8.2802e-02 -2.0433e+00 -3.2976e+00 -9.5570e-02 -7.0976e-01 -2.5962e+00 +1.6683e+00 +1.2216e-01 -2.1289e+00 +1.2583e+00 -4.1613e+00 +1.0842e-01 -2.0272e+00 +1.7855e+00
47 0 +5.917619716e+02 +5.435419716e+02 +5.435419716e+02 +9.2151e-01 -2.3308e+00 -3.5117e+00 +2.7681e-01 -2.1890e+00 -6.8789e-01 -2.9300e+00 -2.2840e+00 -2.9800e+00 +4.5443e-01 +5.5562e-01 -3.2448e-01 +5.2900e-01 +4.5041e+00 -7.0848e+00 -1.7754e-02 -6.2775e+00 -1.6788e+00 -3.5549e+00 -1.7238e+00
% f evaluations | g evaluations | best noise-free fitness - Fopt (2.547000000000e+01) + sum g_i+ | measured fitness | best measured fitness or single-digit g-values | x1 | x2...
1 0 +1.228006449e+03 +1.253476449e+03 +1.253476449e+03 +0.0000e+00 +0.0000e+00 +0.0000e+00 +0.0000e+00 +0.0000e+00 +0.0000e+00 +0.0000e+00 +0.0000e+00 +0.0000e+00 +0.0000e+00 +0.0000e+00 +0.0000e+00 +0.0000e+00 +0.0000e+00 +0.0000e+00 +0.0000e+00 +0.0000e+00 +0.0000e+00 +0.0000e+00 +0.0000e+00
15 0 +1.119797841e+03 +1.145267841e+03 +1.145267841e+03 -2.3339e+00 +1.8214e-02 +7.3446e+00 -1.9081e+00 -7.5251e-01 -3.3382e+00 -1.6975e+00 -1.7147e+00 -1.5134e+00 +5.2085e-01 -1.6577e-01 -1.3718e+00 +1.4465e+00 -1.5897e+00 +5.9257e-01 -4.1740e+00 +6.8930e-01 -6.2644e-01 +1.1364e+00 -2.1057e+00
29 0 +1.016388773e+03 +1.041858773e+03 +1.041858773e+03 -5.3394e+00 -1.5930e+00 +7.2893e+00 -2.6958e+00 +9.6116e-01 -1.6018e+00 -9.9050e-01 +1.8800e+00 +5.4969e-01 +1.8607e+00 +1.9920e+00 -3.1825e+00 +2.3992e+00 -1.9567e+00 +3.4314e+00 -5.3830e+00 -7.8300e-01 +1.9264e+00 -4.9293e-01 +2.4694e+00
34 0 +8.685222573e+02 +8.939922573e+02 +8.939922573e+02 -4.0372e+00 +2.6274e+00 +4.0952e+00 +2.3998e+00 +4.2770e-02 -2.5219e+00 -1.8944e-01 -8.3212e-01 +1.8362e+00 +5.0734e-01 -2.5075e+00 -2.8334e+00 -1.6688e+00 -1.2050e+00 +1.1094e+00 -1.8228e+00 -2.8698e-01 -6.9484e-01 +1.6541e+00 +1.4908e-01
36 0 +7.478615959e+02 +7.733315959e+02 +7.733315959e+02 -3.8796e+00 -2.1726e+00 +4.5740e+00 +9.5505e-01 -4.9073e-01 -1.0030e+00 -1.4292e+00 +8.9874e-01 +4.2830e+00 +1.0309e+00 -2.5763e+00 -3.4216e+00 -4.8633e-02 -1.6186e+00 +2.6723e+00 -2.8793e+00 +9.0780e-01 -2.4527e+00 +4.4586e+00 -6.0281e-01
41 0 +3.954909391e+02 +4.209609391e+02 +4.209609391e+02 -5.4871e+00 -3.3357e+00 +2.7484e+00 +1.9042e+00 +1.4302e+00 +1.5150e+00 -1.6882e+00 +2.4571e+00 +2.6818e+00 +2.0904e+00 -1.0741e+00 -4.4511e+00 -6.4457e-01 -1.9180e+00 +1.5173e+00 -4.5093e+00 +8.6001e-01 -7.5021e-01 +1.2790e+00 -3.0429e+00
% f evaluations | g evaluations | best noise-free fitness - Fopt (-1.008100000000e+02) + sum g_i+ | measured fitness | best measured fitness or single-digit g-values | x1 | x2...
1 0 +6.498547399e+02 +5.490447399e+02 +5.490447399e+02 +0.0000e+00 +0.0000e+00 +0.0000e+00 +0.0000e+00 +0.0000e+00 +0.0000e+00 +0.0000e+00 +0.0000e+00 +0.0000e+00 +0.0000e+00 +0.0000e+00 +0.0000e+00 +0.0000e+00 +0.0000e+00 +0.0000e+00 +0.0000e+00 +0.0000e+00 +0.0000e+00 +0.0000e+00 +0.0000e+00
39 0 +5.988980742e+02 +4.980880742e+02 +4.980880742e+02 +8.7038e-01 -1.7911e-01 +4.6323e-01 +1.3020e+00 -2.3933e+00 +1.1819e+00 -1.9235e+00 -8.2541e-01 -2.2318e+00 -1.6656e+00 -3.7080e+00 -1.8966e+00 -1.2339e+00 -1.8716e+00 -1.0669e+00 +7.7531e-01 +2.0437e+00 -1.6312e+00 +6.4260e-01 -1.7232e+00
