% f evaluations | g evaluations | best noise-free fitness - Fopt (9.319900000000e+02) + sum g_i+ | measured fitness | best measured fitness or single-digit g-values | x1 | x2...
1 0 +1.199700401e+03 +2.131690401e+03 +2.131690401e+03 +0.0000e+00 +0.0000e+00 +0.0000e+00 +0.0000e+00 +0.0000e+00 +0.0000e+00 +0.0000e+00 +0.0000e+00 +0.0000e+00 +0.0000e+00
2 0 +1.129440684e+03 +2.061430684e+03 +2.061430684e+03 +1.4432e+00 +1.5757e-01 +1.7618e+00 -4.4853e+00 +9.2237e-01 -5.0313e-01 +2.2347e-01 -2.2451e+00 -1.4257e+00 -2.4807e+00
43 0 +1.111457195e+03 +2.043447195e+03 +2.043447195e+03 +2.6514e-01 +1.8261e+00 +1.8551e+00 +3.5863e+00 +4.0062e-02 +9.2832e-01 +2.6614e-01 -3.3661e+00 -5.6653e-01 +7.9868e-01
45 0 +9.998448775e+02 +1.931834878e+03 +1.931834878e+03 -1.8321e+00 -2.8203e-01 -1.6753e-01 -1.1736e+00 +6.6449e-01 +3.0758e-01 -7.5779e-01 -2.5632e+00 -6.0362e-01 -7.1585e-01
63 0 +7.750826470e+02 +1.707072647e+03 +1.707072647e+03 -1.2502e+00 -9.7607e-01 +6.9246e-01 +5.7992e-01 +5.5107e-01 -9.1661e-01 +9.7071e-01 -3.4825e+00 -2.1891e-01 +1.7900e+00
77 0 +6.702388224e+02 +1.602228822e+03 +1.602228822e+03 -4.9811e-01 -1.3735e-01 +1.1826e+00 +8.3149e-01 +2.5702e+00 -1.3677e+00 +1.7851e+00 -4.2329e+00 -1.1758e+00 +8.0912e-03
80 0 +5.548055832e+02 +1.486795583e+03 +1.486795583e+03 +8.2644e-01 -5.0997e-01 +2.4515e+00 +6.1676e-01 +1.5533e+00 -1.3730e+00 +1.8071e+00 -2.8749e+00 -1.0383e+00 +3.0905e+00
88 0 +5.439876917e+02 +1.475977692e+03 +1.475977692e+03 -7.7477e-01 +4.6337e-02 +1.6040e+00 +1.5020e-01 +1.0535e+00 -2.7754e+00 +1.9076e+00 -3.7206e+00 +2.9263e-01 +3.2410e+00
100 0 +3.468411421e+02 +1.278831142e+03 +1.278831142e+03 -2.2657e-02 -8.3133e-02 +2.3448e+00 -2.4807e-01 +1.0673e+00 -1.8471e+00 +2.3209e+00 -3.2261e+00 -1.5226e+00 +2.3338e+00
