% f evaluations | g evaluations | best noise-free fitness - Fopt (-6.211100000000e+02) + sum g_i+ | measured fitness | best measured fitness or single-digit g-values | x1 | x2...
1 0 +4.288577618e+08 +4.288571407e+08 +4.288571407e+08 +0.0000e+00 +0.0000e+00 +0.0000e+00 +0.0000e+00 +0.0000e+00 +0.0000e+00 +0.0000e+00 +0.0000e+00 +0.0000e+00 +0.0000e+00 +0.0000e+00 +0.0000e+00 +0.0000e+00 +0.0000e+00 +0.0000e+00 +0.0000e+00 +0.0000e+00 +0.0000e+00 +0.0000e+00 +0.0000e+00
3 0 +3.533705251e+08 +3.533699040e+08 +3.533699040e+08 +1.8589e+00 +2.0510e+00 -1.1132e+00 +2.2547e+00 -1.5197e+00 -3.8562e-01 -9.0691e-02 +1.2292e+00 +2.7179e-01 -7.7550e-01 -7.0581e-01 -2.8709e+00 +3.6745e+00 -1.1466e+00 +3.8402e+00 -1.0592e+00 -1.4575e+00 -1.6362e+00 +3.0580e+00 +1.9921e+00
21 0 +3.134862026e+08 +3.134855815e+08 +3.134855815e+08 -1.1315e+00 +2.2422e+00 -1.2128e+00 +1.5744e-01 -1.6719e+00 +2.0239e+00 +2.5782e+00 +9.7505e-01 -2.0425e+00 +2.8638e+00 -4.2972e+00 -2.2763e+00 +5.6748e+00 +2.7227e+00 +2.4134e+00 +1.1683e+00 -2.5880e+00 +5.6222e-01 +2.1684e+00 +2.4367e+00
25 0 +2.414616630e+08 +2.414610419e+08 +2.414610419e+08 -7.6534e-01 +3.0336e+00 -6.1215e+00 +6.2331e-01 -9.1941e-01 +5.7542e-01 +2.0872e+00 -3.2665e-02 +9.7247e-01 -1.2030e+00 +6.8774e-01 -6.6326e-01 +5.7280e+00 -2.3226e+00 -1.3095e-01 +6.4927e-01 -1.4666e+00 -4.9957e-01 +1.8333e+00 +2.2583e+00
38 0 +2.078144032e+08 +2.078137820e+08 +2.078137820e+08 +1.1219e+00 +5.0839e+00 -9.6225e-01 -6.1631e-01 -3.5356e+00 -3.0744e+00 +2.9576e+00 +1.7140e-01 -7.7705e-01 -4.4196e+00 -1.3488e+00 +5.7250e+00 +5.8968e+00 -7.1056e-01 +3.7245e-01 -1.9787e+00 -2.2483e+00 -1.5927e+00 +2.9251e+00 -4.1354e-01
% f evaluations | g evaluations | best noise-free fitness - Fopt (-2.548200000000e+02) + sum g_i+ | measured fitness | best measured fitness or single-digit g-values | x1 | x2...
1 0 +6.098664382e+08 +6.098661834e+08 +6.098661834e+08 +0.0000e+00 +0.0000e+00 +0.0000e+00 +0.0000e+00 +0.0000e+00 +0.0000e+00 +0.0000e+00 +0.0000e+00 +0.0000e+00 +0.0000e+00 +0.0000e+00 +0.0000e+00 +0.0000e+00 +0.0000e+00 +0.0000e+00 +0.0000e+00 +0.0000e+00 +0.0000e+00 +0.0000e+00 +0.0000e+00
2 0 +6.049836268e+08 +6.049833720e+08 +6.049833720e+08 +1.4549e+00 -1.0852e+00 +2.1246e+00 +3.0069e+00 -3.0371e+00 -1.2971e+00 +9.1864e-01 -1.7718e+00 +1.3614e+00 +1.4633e+00 +3.3139e+00 -5.3977e-01 +1.3841e-02 -1.4825e+00 +3.5858e-01 +2.1370e+00 +1.1894e+00 -2.5396e+00 +3.5368e+00 +2.2767e+00
3 0 +3.225772661e+08 +3.225770113e+08 +3.225770113e+08 -1.0058e+00 -1.2011e+00 +1.3377e+00 -2.4186e-01 -2.1893e+00 +3.8445e+00 -1.2336e+00 +2.5070e+00 +3.6359e-01 -1.7593e-01 +2.4251e+00 +5.6131e-02 -3.1343e-02 +1.3192e+00 -2.3673e+00 -2.8022e+00 +3.3442e-01 -6.7219e-01 +8.7649e-01 -3.5929e+00
9 0 +2.065648361e+08 +2.065645813e+08 +2.065645813e+08 +3.4689e+00 -2.6963e+00 +1.9092e+00 +4.9516e-01 -4.3183e+00 -1.8224e+00 -3.5157e-01 -2.0373e-01 +2.5877e+00 +1.4212e+00 +4.0588e-01 +1.4970e+00 -1.9409e+00 +3.6962e+00 -2.3330e+00 -4.0910e-01 +1.1462e+00 +3.4785e+00 -2.0422e-02 +4.1154e-01
41 0 +1.553075409e+08 +1.553072861e+08 +1.553072861e+08 +3.6174e+00 +9.0842e-01 +4.8169e-01 -9.2710e-01 -3.5045e+00 +1.5689e+00 -1.9512e+00 +1.2823e+00 +7.9647e-02 +9.6386e-01 +2.3574e-01 -6.4914e-01 -8.1293e-01 +2.6898e+00 +1.4657e-01 +2.5786e+00 +3.7346e+00 +1.1059e+00 +1.3223e+00 +3.9175e+00
% f evaluations | g evaluations | best noise-free fitness - Fopt (5.661000000000e+01) + sum g_i+ | measured fitness | best measured fitness or single-digit g-values | x1 | x2...
1 0 +2.859133070e+08 +2.859133636e+08 +2.859133636e+08 +0.0000e+00 +0.0000e+00 +0.0000e+00 +0.0000e+00 +0.0000e+00 +0.0000e+00 +0.0000e+00 +0.0000e+00 +0.0000e+00 +0.0000e+00 +0.0000e+00 +0.0000e+00 +0.0000e+00 +0.0000e+00 +0.0000e+00 +0.0000e+00 +0.0000e+00 +0.0000e+00 +0.0000e+00 +0.0000e+00
17 0 +2.833828008e+08 +2.833828574e+08 +2.833828574e+08 +1.5289e+00 -2.3949e+00 +1.4908e+00 +6.9063e-01 -1.7948e+00 -7.1788e-01 +1.4615e+00 -2.1220e+00 -3.0086e-01 +3.2582e+00 +1.1860e+00 -5.8235e-01 +1.3142e-01 +2.1496e+00 +2.4825e+00 -1.2020e+00 -9.3208e-01 -9.3384e-01 -1.2124e+00 -4.4738e-01
20 0 +2.463233863e+08 +2.463234429e+08 +2.463234429e+08 +1.2389e+00 +1.7014e+00 -2.9611e-03 +1.5465e+00 -8.3808e-01 -3.5272e+00 +1.8074e-01 +1.1250e+00 -1.2701e+00 +4.6596e+00 +2.1864e-01 -8.8247e-01 +1.0097e+00 -1.2977e+00 -1.4438e-01 +3.5710e-01 +5.3312e-01 -2.9055e-01 +6.2537e-01 -1.5204e+00
24 0 +1.899656802e+08 +1.899657368e+08 +1.899657368e+08 -1.2365e+00 +2.5000e-01 -4.6748e-01 -4.6520e-01 -6.4053e-01 -1.5339e+00 -2.2375e-01 -2.3040e+00 +1.6676e+00 +2.3969e+00 +5.9887e-01 +2.3313e+00 -2.4299e+00 -7.1377e-01 -2.7837e+00 +6.9930e-01 -7.1357e-01 -6.9210e-01 +3.0428e+00 +1.8137e+00
25 0 +1.674971022e+08 +1.674971588e+08 +1.674971588e+08 -2.8177e+00 -3.7729e+00 -1.9919e+00 +5.8587e+00 -2.5340e+00 -1.1657e+00 -1.1565e+00 +1.9304e-01 +1.3766e+00 +3.0193e+00 +1.1350e-01 +2.5803e+00 +2.3399e+00 +1.4965e+00 +1.2888e+00 -9.4594e-01 +4.2968e-01 -1.1138e+00 -4.3895e-01 -7.3251e-02
42 0 +9.623280538e+07 +9.623286199e+07 +9.623286199e+07 +4.0819e-01 -2.7552e+00 -6.8895e-01 +2.5699e+00 -6.1171e-01 -2.0906e+00 -1.2413e+00 -1.3720e+00 -1.0710e+00 +1.3455e+00 +2.2395e+00 +4.4734e+00 +1.4516e+00 +9.4435e-01 -2.0891e+00 +1.6808e+00 -6.2306e-01 +4.0573e-01 -1.3202e+00 -2.5098e+00
% f evaluations | g evaluations | best noise-free fitness - Fopt (-1.810000000000e+01) + sum g_i+ | measured fitness | best measured fitness or single-digit g-values | x1 | x2...
1 0 +1.629154048e+08 +1.629153867e+08 +1.629153867e+08 +0.0000e+00 +0.0000e+00 +0.0000e+00 +0.0000e+00 +0.0000e+00 +0.0000e+00 +0.0000e+00 +0.0000e+00 +0.0000e+00 +0.0000e+00 +0.0000e+00 +0.0000e+00 +0.0000e+00 +0.0000e+00 +0.0000e+00 +0.0000e+00 +0.0000e+00 +0.0000e+00 +0.0000e+00 +0.0000e+00
46 0 +1.347141863e+08 +1.347141682e+08 +1.347141682e+08 +3.0625e+00 +1.5245e-01 -8.5064e-01 +4.7368e+00 -2.3151e+00 -1.4592e+00 +5.1852e-01 -7.1205e-01 +4.2393e-01 -3.2096e-01 +2.1829e+00 +3.2196e-01 +1.8297e-01 +8.0122e-01 +1.9968e+00 -6.1471e-01 -3.3640e+00 -3.6030e+00 +9.6053e-01 +2.8516e+00
% f evaluations | g evaluations | best noise-free fitness - Fopt (3.777000000000e+01) + sum g_i+ | measured fitness | best measured fitness or single-digit g-values | x1 | x2...
1 0 +9.102553206e+07 +9.102556983e+07 +9.102556983e+07 +0.0000e+00 +0.0000e+00 +0.0000e+00 +0.0000e+00 +0.0000e+00 +0.0000e+00 +0.0000e+00 +0.0000e+00 +0.0000e+00 +0.0000e+00 +0.0000e+00 +0.0000e+00 +0.0000e+00 +0.0000e+00 +0.0000e+00 +0.0000e+00 +0.0000e+00 +0.0000e+00 +0.0000e+00 +0.0000e+00
21 0 +8.225843972e+07 +8.225847749e+07 +8.225847749e+07 -7.0087e-03 +1.5504e-01 -3.4608e-01 -1.1041e+00 -1.1900e+00 -1.0751e+00 -3.6422e+00 +4.0522e-01 -5.1857e-01 -5.5206e+00 +1.3616e+00 -2.2713e+00 +8.4790e-01 -2.2422e+00 -1.5452e+00 -3.8421e+00 -1.3547e-01 -2.9007e+00 +1.0105e+00 -7.0742e-01
40 0 +6.060042402e+07 +6.060046179e+07 +6.060046179e+07 +3.8462e-01 +1.3138e+00 -1.2408e+00 +7.5640e-01 +1.1978e+00 -2.5413e+00 -3.7421e+00 +1.2981e+00 +1.7590e+00 -4.5890e+00 -9.9014e-01 -7.1049e-01 -3.2806e-01 -4.6776e-01 +2.4101e-01 +1.3723e+00 +7.3353e-01 -2.0492e+00 +4.1187e+00 -1.4298e-01
