% f evaluations | g evaluations | best noise-free fitness - Fopt (-5.494000000000e+01) + sum g_i+ | measured fitness | best measured fitness or single-digit g-values | x1 | x2...
1 0 +4.960016909e+06 +4.959961969e+06 +4.959961969e+06 +0.0000e+00 +0.0000e+00 +0.0000e+00 +0.0000e+00 +0.0000e+00 +0.0000e+00 +0.0000e+00 +0.0000e+00 +0.0000e+00 +0.0000e+00 +0.0000e+00 +0.0000e+00 +0.0000e+00 +0.0000e+00 +0.0000e+00 +0.0000e+00 +0.0000e+00 +0.0000e+00 +0.0000e+00 +0.0000e+00
5 0 +1.496905283e+06 +1.496850343e+06 +1.496850343e+06 -1.6399e+00 +1.8641e+00 +1.0964e+00 +2.6176e-01 +2.5365e-01 +1.8583e+00 +2.1345e+00 +1.8094e+00 -6.1054e-01 +1.5074e+00 +2.1336e+00 -6.8609e-01 +7.7865e-01 -3.1183e+00 -2.2199e+00 +3.4297e+00 +3.1881e+00 +1.3880e+00 +1.1131e+00 -1.6518e+00
% f evaluations | g evaluations | best noise-free fitness - Fopt (5.913000000000e+01) + sum g_i+ | measured fitness | best measured fitness or single-digit g-values | x1 | x2...
1 0 +2.310036092e+06 +2.310095222e+06 +2.310095222e+06 +0.0000e+00 +0.0000e+00 +0.0000e+00 +0.0000e+00 +0.0000e+00 +0.0000e+00 +0.0000e+00 +0.0000e+00 +0.0000e+00 +0.0000e+00 +0.0000e+00 +0.0000e+00 +0.0000e+00 +0.0000e+00 +0.0000e+00 +0.0000e+00 +0.0000e+00 +0.0000e+00 +0.0000e+00 +0.0000e+00
9 0 +2.130524295e+06 +2.130583425e+06 +2.130583425e+06 -4.6395e+00 -1.0100e+00 -1.1524e+00 +3.0175e+00 +4.1071e-01 -2.2071e+00 -3.9056e+00 +1.5358e+00 +9.0823e-01 +1.9086e+00 +2.3807e+00 +3.3055e+00 -1.9040e+00 -1.2350e-02 -1.7400e-01 -3.1714e+00 -3.5833e+00 +3.3336e+00 -7.5942e-01 +1.3932e+00
46 0 +1.467743489e+06 +1.467802619e+06 +1.467802619e+06 -1.4184e+00 -1.3420e+00 -9.9002e-01 +2.2767e-01 -2.5131e+00 -1.7655e+00 -3.7987e+00 +2.4611e+00 +1.7238e+00 +2.5930e+00 +2.8694e+00 +4.1561e+00 -7.9672e-01 -5.0655e-01 +8.5586e-01 -5.5300e+00 -1.2443e+00 +9.4487e-02 +2.5282e-01 +1.7122e+00
% f evaluations | g evaluations | best noise-free fitness - Fopt (-4.915300000000e+02) + sum g_i+ | measured fitness | best measured fitness or single-digit g-values | x1 | x2...
1 0 +1.984097753e+06 +1.983606223e+06 +1.983606223e+06 +0.0000e+00 +0.0000e+00 +0.0000e+00 +0.0000e+00 +0.0000e+00 +0.0000e+00 +0.0000e+00 +0.0000e+00 +0.0000e+00 +0.0000e+00 +0.0000e+00 +0.0000e+00 +0.0000e+00 +0.0000e+00 +0.0000e+00 +0.0000e+00 +0.0000e+00 +0.0000e+00 +0.0000e+00 +0.0000e+00
23 0 +1.900942696e+06 +1.900451166e+06 +1.900451166e+06 -1.5620e+00 +2.8518e+00 -2.2868e+00 +1.3246e+00 -4.0829e+00 -2.0815e+00 -2.0550e+00 +1.7373e+00 +2.4282e+00 -2.4480e+00 -1.2940e+00 -1.5471e+00 +1.2828e+00 -7.9990e-01 -1.0927e+00 -2.8493e+00 +1.7815e+00 +6.4971e-02 -2.1711e+00 -2.7789e+00
% f evaluations | g evaluations | best noise-free fitness - Fopt (-1.702000000000e+02) + sum g_i+ | measured fitness | best measured fitness or single-digit g-values | x1 | x2...
1 0 +1.108156324e+07 +1.108139304e+07 +1.108139304e+07 +0.0000e+00 +0.0000e+00 +0.0000e+00 +0.0000e+00 +0.0000e+00 +0.0000e+00 +0.0000e+00 +0.0000e+00 +0.0000e+00 +0.0000e+00 +0.0000e+00 +0.0000e+00 +0.0000e+00 +0.0000e+00 +0.0000e+00 +0.0000e+00 +0.0000e+00 +0.0000e+00 +0.0000e+00 +0.0000e+00
6 0 +3.631226893e+06 +3.631056693e+06 +3.631056693e+06 +4.0235e-01 -3.5324e+00 +2.0649e+00 -1.2913e+00 +6.0447e-02 -4.3383e-02 -1.5944e+00 +7.3264e-01 -3.8339e+00 +2.4168e+00 -1.9621e+00 -5.0423e-01 +2.8116e+00 -2.2721e+00 +1.5496e+00 -4.6107e+00 -2.6162e+00 -8.6131e-01 -5.7146e-01 +3.4219e-01
30 0 +3.618779115e+06 +3.618608915e+06 +3.618608915e+06 -3.6983e+00 -6.2917e+00 -1.6712e-01 -1.9814e+00 +3.2580e-01 +1.1622e+00 +3.2508e-01 +1.3048e+00 -2.1515e+00 -4.9398e-01 -3.0312e-01 -1.7874e-01 -1.5893e+00 -2.1217e+00 +5.9993e+00 -1.0453e-01 -2.2409e+00 -3.0817e+00 +2.9134e+00 -1.8430e+00
32 0 +2.545374248e+06 +2.545204048e+06 +2.545204048e+06 -1.9239e+00 -2.2778e+00 -2.3170e+00 -1.7463e+00 -1.3266e+00 +1.9539e+00 -1.2399e+00 +7.0172e-01 +9.0449e-01 -4.3206e-01 -5.3446e+00 -3.4979e+00 -2.7201e+00 +2.0884e+00 +8.2758e-01 -3.1478e+00 -6.4766e+00 -1.2929e+00 -1.2162e+00 +4.2704e-01
42 0 +1.871523404e+06 +1.871353204e+06 +1.871353204e+06 -4.4523e+00 -3.2558e+00 -1.0142e+00 -2.5956e+00 +2.8613e-01 +2.2412e+00 -4.9566e-02 +3.7475e+00 +3.5302e-01 -5.1031e-01 +1.0807e-02 -2.2861e+00 -2.8848e+00 -1.5312e+00 +3.8739e+00 -2.8462e+00 -4.3998e+00 -1.0293e+00 +5.1231e-01 -5.6081e-01
% f evaluations | g evaluations | best noise-free fitness - Fopt (-4.697500000000e+02) + sum g_i+ | measured fitness | best measured fitness or single-digit g-values | x1 | x2...
1 0 +9.326307935e+06 +9.325838185e+06 +9.325838185e+06 +0.0000e+00 +0.0000e+00 +0.0000e+00 +0.0000e+00 +0.0000e+00 +0.0000e+00 +0.0000e+00 +0.0000e+00 +0.0000e+00 +0.0000e+00 +0.0000e+00 +0.0000e+00 +0.0000e+00 +0.0000e+00 +0.0000e+00 +0.0000e+00 +0.0000e+00 +0.0000e+00 +0.0000e+00 +0.0000e+00
2 0 +7.357449471e+06 +7.356979721e+06 +7.356979721e+06 -1.0974e+00 -4.7307e+00 +1.3952e+00 +3.2336e-01 -7.7885e-01 +4.2362e-02 -1.2265e+00 -4.4396e+00 -2.4752e-01 +2.4675e+00 -9.0013e-01 -3.9014e+00 -1.4647e+00 -3.0587e-01 -3.7031e+00 +1.2184e+00 +1.4364e+00 +2.3491e+00 +1.4064e+00 -1.2227e-01
16 0 +6.933214912e+06 +6.932745162e+06 +6.932745162e+06 -2.3421e+00 -2.0880e+00 +1.3562e+00 +3.1648e+00 +5.2539e-01 -2.6898e+00 +9.1757e-01 -3.8648e+00 +6.8753e-01 +3.1910e+00 -6.7648e+00 -6.6821e-01 -9.3581e-02 -6.7755e-01 -3.0780e+00 +6.1117e-03 -9.7060e-01 +3.3002e+00 -1.1093e+00 -2.9682e+00
17 0 +6.426526995e+06 +6.426057245e+06 +6.426057245e+06 -2.1925e+00 -1.9881e+00 +4.6110e-02 +7.9717e-01 +9.5718e-01 -1.7511e-01 -1.3844e+00 +5.1118e-01 -4.2494e-01 +4.0011e+00 -7.4217e+00 -2.0889e+00 +6.0591e-01 +7.2935e-01 -2.4615e+00 +1.7545e+00 +1.3297e+00 +2.9136e+00 +1.0881e+00 -7.7097e-01
25 0 +3.692248895e+06 +3.691779145e+06 +3.691779145e+06 +3.0454e+00 -6.0338e+00 -1.1358e+00 -3.9844e+00 -3.9816e+00 -1.7072e+00 +5.1586e-01 -4.4486e+00 -1.5085e+00 +3.0388e+00 -2.7463e+00 -2.5276e+00 +3.8680e+00 -3.3337e+00 -3.9818e+00 -8.3583e-01 +1.1376e+00 +2.8520e+00 +2.0722e+00 +8.1976e-02
40 0 +1.907846383e+06 +1.907376633e+06 +1.907376633e+06 -1.6039e+00 -4.4601e+00 -1.8520e+00 +5.6498e-01 -2.5268e+00 -9.1492e-01 +2.2838e+00 +3.9596e-01 +6.2519e-01 +1.6139e+00 -3.4089e+00 +7.0149e-01 +3.1264e+00 -1.7062e+00 +3.1906e+00 -2.1467e-01 +1.0223e+00 +7.5813e-01 +3.6470e+00 -2.2157e+00
