% f evaluations | g evaluations | best noise-free fitness - Fopt (1.321800000000e+02) + sum g_i+ | measured fitness | best measured fitness or single-digit g-values | x1 | x2...
1 0 +6.434976601e+02 +7.756776601e+02 +7.756776601e+02 +0.0000e+00 +0.0000e+00 +0.0000e+00 +0.0000e+00 +0.0000e+00 +0.0000e+00 +0.0000e+00 +0.0000e+00 +0.0000e+00 +0.0000e+00 +0.0000e+00 +0.0000e+00 +0.0000e+00 +0.0000e+00 +0.0000e+00 +0.0000e+00 +0.0000e+00 +0.0000e+00 +0.0000e+00 +0.0000e+00
112 0 +6.127622634e+02 +7.449422634e+02 +7.449422634e+02 +2.5591e+00 +2.3996e+00 -1.7930e+00 -3.4601e+00 -1.4815e+00 -4.9955e+00 -1.6826e-02 -3.4022e-01 -2.8971e+00 -1.4543e+00 -2.0784e+00 -6.4438e-01 +1.3043e+00 -2.3188e+00 +2.2749e+00 +3.8852e+00 +1.6545e+00 +2.0740e+00 +3.7732e-01 +1.2921e-01
139 0 +5.733416086e+02 +7.055216086e+02 +7.055216086e+02 +1.7427e+00 +1.9785e+00 -3.8553e-01 -2.2743e-01 -7.5443e-02 -3.1232e+00 -1.0792e+00 -1.3640e+00 -7.8603e-01 +4.1263e-01 -7.4930e-01 +6.2987e-01 +3.6401e-01 -3.0248e+00 +1.0129e+00 +2.6272e+00 +9.1710e-01 +1.1582e+00 -2.6514e-01 +2.1284e+00
159 0 +5.582692075e+02 +6.904492075e+02 +6.904492075e+02 +3.2207e+00 +1.7249e+00 -1.0694e+00 -1.5517e+00 -1.0307e+00 -4.9073e+00 -1.2635e+00 -3.7210e+00 -2.8531e-02 -5.2865e-01 -3.1922e+00 +3.2209e+00 -2.4673e-02 -6.1563e-01 +1.4835e+00 +1.2946e+00 -3.3740e-01 +4.2299e+00 +1.3640e+00 +9.0920e-01
161 0 +5.331445405e+02 +6.653245405e+02 +6.653245405e+02 +3.3832e+00 +9.1448e-01 -1.4980e+00 -1.0704e+00 +2.5460e-01 -3.0719e+00 -9.9313e-01 -3.6894e+00 +4.9690e-01 -3.6727e+00 -1.8913e+00 +6.6633e-01 +8.6865e-01 +1.9406e+00 +2.9920e+00 +8.6339e-01 +1.0858e+00 +1.8596e+00 -2.4859e-01 +2.5791e+00
176 0 +5.174799832e+02 +6.496599832e+02 +6.496599832e+02 +3.1268e+00 +2.6921e+00 +3.1029e-01 -1.6573e+00 +1.1835e+00 +2.1724e-01 -1.3236e+00 -3.6824e+00 +6.5229e-01 +8.1467e-02 -1.6998e+00 +9.4939e-01 +4.2555e-01 +1.5054e+00 +9.0398e-01 -1.6750e-01 -2.8937e-02 +2.0797e-01 +1.1450e+00 +1.7334e+00
182 0 +4.888114824e+02 +6.209914824e+02 +6.209914824e+02 +2.4355e+00 +2.4394e+00 -1.6705e+00 -1.2188e+00 -2.4644e-01 -1.8936e+00 -9.2947e-01 -3.2366e+00 -4.6688e-01 -1.5298e+00 -4.3995e-01 -5.5824e-01 -1.9487e-01 +9.0518e-01 +9.6540e-01 +9.1403e-01 +1.4364e-01 +2.7597e+00 +9.9987e-01 +2.0429e+00
188 0 +3.900158341e+02 +5.221958341e+02 +5.221958341e+02 +2.2241e+00 +8.2121e-01 -5.0095e-01 +2.2271e-01 +2.5603e+00 -1.8705e+00 -4.2509e-02 -4.2444e+00 -9.1812e-01 +1.6260e+00 +2.4289e-01 +1.5183e+00 +5.3883e-01 +3.3916e-01 +3.8077e+00 +7.6435e-01 -1.6597e-01 +3.5276e+00 +3.6268e-01 +1.6358e+00
196 0 +3.029377815e+02 +4.351177815e+02 +4.351177815e+02 +3.9559e+00 +2.9650e+00 -1.0784e+00 -9.7348e-02 +5.3910e-01 -2.4762e+00 -8.8542e-01 -2.0135e+00 -7.9619e-01 +3.7915e-01 -5.3267e-01 +2.6023e+00 +4.2780e-01 +8.8930e-01 +2.7884e+00 +2.9671e+00 +8.0140e-01 +3.8686e+00 +1.0397e+00 -4.4140e-01
