% f evaluations | g evaluations | best noise-free fitness - Fopt (-9.210000000000e+00) + sum g_i+ | measured fitness | best measured fitness or single-digit g-values | x1 | x2...
1 0 +3.992761284e+02 +3.900661284e+02 +3.900661284e+02 +0.0000e+00 +0.0000e+00 +0.0000e+00 +0.0000e+00 +0.0000e+00 +0.0000e+00 +0.0000e+00 +0.0000e+00 +0.0000e+00 +0.0000e+00 +0.0000e+00 +0.0000e+00 +0.0000e+00 +0.0000e+00 +0.0000e+00 +0.0000e+00 +0.0000e+00 +0.0000e+00 +0.0000e+00 +0.0000e+00
2 0 +3.493633790e+02 +3.401533790e+02 +3.401533790e+02 -3.5649e-02 +2.2003e+00 -3.2950e+00 +3.1237e+00 +3.1715e+00 +2.7425e+00 -2.2248e-01 -2.1123e+00 +2.4190e+00 +5.7970e-01 -2.3102e+00 +2.9515e+00 +1.7750e+00 -1.2952e+00 +5.1172e-01 -1.4597e-02 +4.4300e+00 -2.6667e-02 -1.4446e+00 +9.4435e-01
17 0 +3.000595972e+02 +2.908495972e+02 +2.908495972e+02 +2.2863e+00 +4.8451e+00 +2.4154e+00 +4.1307e+00 +5.6484e-01 +3.2416e+00 +2.6501e-01 +8.8577e-01 +1.6607e+00 -2.6977e+00 -1.6446e-01 +2.4571e+00 +8.1036e+00 +2.4683e+00 +1.5590e+00 -2.7406e+00 +2.1563e+00 +9.1684e-02 -1.7740e+00 -1.9767e-01
27 0 +2.741358984e+02 +2.649258984e+02 +2.649258984e+02 -9.1666e-01 +4.6748e+00 +2.2037e+00 +6.7155e-01 +1.1873e+00 +1.6256e+00 +7.7691e-01 +1.3899e+00 -1.6501e+00 -1.5046e+00 -1.1825e-01 +2.9288e+00 +3.8016e+00 +1.0105e+00 -2.4780e-01 -9.0242e-01 -2.7952e-01 +1.7352e+00 -4.1528e+00 +4.5152e+00
32 0 +2.580766338e+02 +2.488666338e+02 +2.488666338e+02 +1.4914e+00 -2.0880e-01 +2.7339e+00 +2.0216e+00 -1.6916e+00 +5.2506e+00 -1.5706e+00 +1.3414e+00 +3.0597e+00 +3.9402e+00 +7.1293e-02 +3.0053e+00 +7.7425e+00 +1.8560e+00 -4.9247e-01 -1.8763e+00 +5.5875e-01 +2.9072e+00 -5.2630e+00 +2.1444e+00
39 0 +2.221228973e+02 +2.129128973e+02 +2.129128973e+02 -1.3067e+00 +3.3806e+00 +4.6409e+00 -8.5417e-02 -1.9899e+00 +5.5656e+00 -1.1127e+00 -6.2895e-02 +1.4749e+00 +5.5158e+00 -4.1416e-01 +2.0036e+00 +6.3855e+00 +3.9650e+00 -2.2153e+00 +2.3962e-01 +2.7083e+00 +3.7327e+00 -5.4343e+00 +3.4049e+00
47 0 +2.032233588e+02 +1.940133588e+02 +1.940133588e+02 +1.4020e+00 +4.6143e+00 +5.4097e+00 +3.1622e+00 -9.3660e-01 +2.2457e+00 +5.3478e-01 +4.9610e+00 +2.2921e+00 +5.8554e-01 -1.2573e+00 +1.2412e+00 +7.3325e+00 +4.2641e+00 +8.7780e-01 -4.9177e+00 +2.2679e+00 +7.2561e-01 -8.1791e+00 +2.3108e+00
% f evaluations | g evaluations | best noise-free fitness - Fopt (6.559900000000e+02) + sum g_i+ | measured fitness | best measured fitness or single-digit g-values | x1 | x2...
1 0 +3.992761284e+02 +1.055266128e+03 +1.055266128e+03 +0.0000e+00 +0.0000e+00 +0.0000e+00 +0.0000e+00 +0.0000e+00 +0.0000e+00 +0.0000e+00 +0.0000e+00 +0.0000e+00 +0.0000e+00 +0.0000e+00 +0.0000e+00 +0.0000e+00 +0.0000e+00 +0.0000e+00 +0.0000e+00 +0.0000e+00 +0.0000e+00 +0.0000e+00 +0.0000e+00
3 0 +3.422419617e+02 +9.982319617e+02 +9.982319617e+02 +5.1306e-02 +3.5859e+00 -5.3305e+00 -1.9331e+00 -8.3613e-01 -3.9462e-03 +2.6616e+00 +1.3150e+00 -1.8783e-01 +3.0634e-01 -1.3400e+00 -2.9842e+00 +2.9316e+00 +3.0210e+00 -1.1583e+00 -4.5020e-01 -3.0775e+00 -3.6839e+00 +5.7621e-01 +3.0480e+00
12 0 +2.969058897e+02 +9.528958897e+02 +9.528958897e+02 -1.8095e+00 +2.1865e+00 -3.8066e+00 -4.4510e+00 -4.1752e+00 +3.2971e-01 +1.6020e+00 +3.4491e+00 -2.5298e+00 +1.5671e+00 +2.8217e+00 -3.1031e+00 +3.6979e+00 +1.0637e+00 +1.2470e-01 +3.7448e-01 -5.6253e+00 -2.2652e+00 +2.3365e+00 +1.0654e+00
25 0 +2.827675735e+02 +9.387575735e+02 +9.387575735e+02 -1.0445e+00 -1.7969e+00 -5.4076e+00 -5.6913e+00 +3.0586e+00 -4.2063e+00 +1.2338e+00 -4.2718e-02 -3.0391e+00 -1.3842e+00 +1.7503e+00 +1.8286e+00 +5.9272e-01 +5.3936e+00 +4.4855e-01 -1.4990e-01 -5.8712e+00 -5.9460e+00 +2.6477e+00 +1.6852e+00
33 0 +2.536072375e+02 +9.095972375e+02 +9.095972375e+02 -2.8002e+00 -3.5066e+00 -3.0784e+00 -1.7186e+00 -2.2880e+00 -3.5948e+00 +1.1220e+00 +1.3357e+00 -1.8727e+00 +3.7570e-02 -4.8569e+00 -2.2441e+00 +4.2601e+00 -8.0233e-02 -2.8504e-01 -4.8191e-01 -4.4989e+00 -6.2637e+00 +7.5271e+00 +2.3050e+00
38 0 +2.432842979e+02 +8.992742979e+02 +8.992742979e+02 -7.5991e+00 -2.6954e+00 -2.0786e+00 +1.5143e+00 -1.9798e+00 +1.2017e+00 +1.3168e+00 +1.8418e+00 -5.7604e+00 +6.7550e-01 -1.5079e+00 -1.8031e+00 +7.0107e+00 +1.7566e+00 +1.9309e+00 +1.5722e+00 -6.5465e+00 -9.1874e+00 +2.4011e+00 +2.5463e+00
41 0 +2.040444850e+02 +8.600344850e+02 +8.600344850e+02 -2.6535e+00 +1.5699e+00 -5.4505e+00 -3.5395e+00 -1.6735e+00 -5.3637e+00 +2.7623e+00 +6.9148e+00 -2.4551e+00 -1.0452e+00 -1.5678e+00 -1.3515e-01 +4.7511e+00 +1.6035e+00 +4.7075e+00 +5.2260e-01 -8.8422e+00 -7.3506e+00 +2.6166e+00 +3.8059e+00
% f evaluations | g evaluations | best noise-free fitness - Fopt (6.671000000000e+01) + sum g_i+ | measured fitness | best measured fitness or single-digit g-values | x1 | x2...
1 0 +3.992761284e+02 +4.659861284e+02 +4.659861284e+02 +0.0000e+00 +0.0000e+00 +0.0000e+00 +0.0000e+00 +0.0000e+00 +0.0000e+00 +0.0000e+00 +0.0000e+00 +0.0000e+00 +0.0000e+00 +0.0000e+00 +0.0000e+00 +0.0000e+00 +0.0000e+00 +0.0000e+00 +0.0000e+00 +0.0000e+00 +0.0000e+00 +0.0000e+00 +0.0000e+00
4 0 +3.965518990e+02 +4.632618990e+02 +4.632618990e+02 -1.5921e+00 -2.8367e+00 -1.0283e+00 -4.9982e+00 +3.7859e+00 -5.4505e-01 -1.7923e+00 +3.8123e+00 +2.1580e+00 -1.9863e+00 +2.7229e+00 -2.1055e+00 +9.2861e-01 +5.3532e+00 -1.0212e+00 +1.4299e+00 +6.8903e-01 +3.9334e-01 +8.3402e-01 +1.0397e+00
5 0 +3.457079519e+02 +4.124179519e+02 +4.124179519e+02 +9.4802e-01 -1.8813e+00 -1.5482e+00 -3.5715e+00 +2.5384e-01 +3.5741e-01 -1.2201e+00 -1.3371e+00 -2.3568e+00 +5.0987e+00 +2.3707e+00 -2.8255e+00 -5.3120e-01 +2.4026e+00 +7.8628e-01 +6.4562e-01 -5.0967e-01 -2.7830e+00 +2.0081e+00 -4.3108e+00
15 0 +2.900713882e+02 +3.567813882e+02 +3.567813882e+02 +1.7290e-01 -3.3346e+00 -1.8784e+00 -4.5827e+00 -1.9359e+00 -4.2844e+00 -3.8343e+00 -9.3896e-01 -5.1294e-01 +7.6898e-02 +2.9868e+00 -9.0316e-01 +2.2385e+00 +3.9710e+00 +1.8211e-04 +2.2387e+00 -6.0665e-01 -2.3346e+00 -1.5373e+00 -3.3866e+00
27 0 +2.651676061e+02 +3.318776061e+02 +3.318776061e+02 +8.5386e-01 -4.9622e+00 -2.9404e+00 -3.6710e+00 +2.7901e+00 +2.3902e-01 -2.5902e+00 -3.2928e-01 +1.8103e+00 -1.4870e+00 +3.8594e-01 -4.2393e+00 +2.1163e-01 +2.0318e+00 +8.5561e-01 +3.1599e+00 -3.4574e+00 -7.0665e-01 -4.1339e-01 -3.6781e+00
42 0 +2.430275802e+02 +3.097375802e+02 +3.097375802e+02 -3.7073e-01 -2.1221e+00 -3.7338e+00 -4.4798e+00 -7.1605e-01 +2.4286e+00 -2.0334e+00 -4.3322e-01 +1.6405e+00 -2.3666e+00 +1.6699e+00 -3.5843e+00 +2.2474e+00 +6.3356e+00 -5.6063e-01 +6.3583e+00 -1.7436e+00 -2.4605e+00 -1.4606e+00 -1.9093e+00
% f evaluations | g evaluations | best noise-free fitness - Fopt (9.416700000000e+02) + sum g_i+ | measured fitness | best measured fitness or single-digit g-values | x1 | x2...
1 0 +3.992761284e+02 +1.340946128e+03 +1.340946128e+03 +0.0000e+00 +0.0000e+00 +0.0000e+00 +0.0000e+00 +0.0000e+00 +0.0000e+00 +0.0000e+00 +0.0000e+00 +0.0000e+00 +0.0000e+00 +0.0000e+00 +0.0000e+00 +0.0000e+00 +0.0000e+00 +0.0000e+00 +0.0000e+00 +0.0000e+00 +0.0000e+00 +0.0000e+00 +0.0000e+00
2 0 +3.474433461e+02 +1.289113346e+03 +1.289113346e+03 +1.7603e+00 +1.9098e+00 -2.4391e+00 -1.0406e+00 +4.9864e-01 +1.0292e+00 +1.7502e-01 -9.7507e-01 -2.2726e+00 +2.8101e+00 -1.4984e-01 +1.3112e+00 +9.7642e-01 +2.6625e-01 +2.8083e+00 -1.1160e+00 -1.1191e-01 +5.0092e+00 +2.5454e+00 +5.4753e-01
7 0 +3.359813107e+02 +1.277651311e+03 +1.277651311e+03 +2.6183e+00 -3.3661e+00 -4.9292e-01 -1.3677e+00 +2.0333e+00 -3.3274e+00 +1.3948e+00 +1.3036e+00 -5.0850e+00 +8.9630e-01 +3.1556e+00 +1.9032e+00 +7.4672e-01 -2.8599e+00 +3.5679e+00 -1.9878e+00 -1.6012e+00 +2.6970e+00 +4.3838e-01 +1.2070e+00
13 0 +3.237202224e+02 +1.265390222e+03 +1.265390222e+03 +2.1098e+00 +5.3270e+00 +1.9781e+00 -5.0754e+00 +1.9858e+00 -2.6163e+00 +1.1432e+00 -1.3683e+00 -2.6309e+00 -1.6800e+00 -2.9003e-01 +1.6139e+00 +3.0725e+00 -4.2280e+00 -1.8332e+00 -1.1587e+00 -5.4338e+00 +1.5469e+00 +1.9221e+00 +2.8779e+00
15 0 +2.852127528e+02 +1.226882753e+03 +1.226882753e+03 +5.5455e+00 +1.0683e+00 -4.8068e+00 -4.5462e+00 -1.2165e+00 -5.2741e-01 -5.5428e+00 -2.6028e+00 -3.8172e+00 -2.2419e-01 -1.0717e+00 +1.7811e+00 -2.4689e+00 -3.7273e+00 -2.4068e-01 -2.3430e+00 -2.7800e+00 +6.0327e+00 +4.2600e+00 +1.1212e+00
16 0 +2.799135613e+02 +1.221583561e+03 +1.221583561e+03 -3.4314e-01 -7.6319e-01 +1.4566e-01 -2.1863e+00 -1.1694e+00 -4.7048e+00 +2.0303e+00 +1.9840e-01 -3.0476e+00 -1.7170e+00 +2.2701e+00 +3.2115e+00 +4.8671e-01 -2.2627e+00 +1.0376e+00 +6.7338e-01 -5.3357e+00 +1.2133e+00 +4.3973e-03 +3.5398e+00
27 0 +2.603360487e+02 +1.202006049e+03 +1.202006049e+03 +5.7857e-01 +2.7905e+00 +4.3744e-01 -4.2890e+00 -5.6436e-01 -6.8869e-01 -4.8254e-01 -1.5957e+00 -2.0774e+00 -6.8807e-01 +6.2149e-01 +5.3545e+00 +2.5189e+00 -3.9560e+00 +3.7618e+00 +7.7656e-01 -2.3535e+00 +5.6284e+00 -5.9665e-01 +3.9800e+00
31 0 +2.542418745e+02 +1.195911874e+03 +1.195911874e+03 +2.4175e-01 -4.1405e+00 -4.6823e-01 +1.9332e+00 -2.7117e-01 -2.1175e+00 +6.8642e-01 +6.2666e-01 -3.4225e+00 -4.3389e+00 +2.0665e+00 +3.1382e+00 -2.6489e+00 -6.0899e+00 +3.0374e+00 -2.1740e+00 +4.2173e-01 +5.1128e+00 +2.2060e+00 +1.9709e+00
32 0 +2.449262186e+02 +1.186596219e+03 +1.186596219e+03 +3.7591e+00 +1.9372e+00 -3.3175e+00 -3.6959e+00 -3.3950e+00 -2.9004e+00 -1.3433e+00 -2.5378e-01 -2.7090e+00 -2.4706e+00 +7.3068e+00 +3.3763e+00 +3.7044e+00 -1.6172e+00 +1.5183e+00 +3.8144e-01 -3.8249e+00 +4.1778e+00 +4.3332e+00 +2.5473e+00
39 0 +2.295379809e+02 +1.171207981e+03 +1.171207981e+03 +1.7199e+00 +1.5265e+00 -1.4804e+00 -5.6954e-01 -2.1741e+00 -3.4413e+00 -5.5824e+00 +9.6039e-01 -8.0573e-01 -7.7645e-02 +6.9175e+00 +3.7061e+00 -1.5345e+00 -2.4093e+00 +4.3064e+00 +1.3020e+00 -2.8388e-01 +1.0395e+01 +2.1964e+00 +1.8590e+00
44 0 +2.264209346e+02 +1.168090935e+03 +1.168090935e+03 +4.7880e+00 +1.5579e+00 -1.8379e+00 -2.2798e-02 -8.0633e-01 -5.6809e-01 +2.2094e+00 -1.2499e+00 +4.9197e-01 -4.5119e+00 +4.2313e+00 -3.3718e-01 -1.0888e+00 -3.7522e+00 +3.3983e+00 +7.6827e-01 -4.6045e-01 +4.4131e+00 +4.8458e+00 +2.6587e+00
46 0 +1.874130348e+02 +1.129083035e+03 +1.129083035e+03 +3.8673e+00 -4.2157e-01 -3.2893e+00 +1.7669e+00 +8.8129e-01 -6.2231e+00 -2.8851e+00 +3.0383e+00 -7.5939e-01 -1.6510e+00 +4.1440e+00 +2.2943e+00 -4.9869e+00 -3.7207e+00 +4.8943e-01 +1.8441e+00 -1.3401e+00 +8.4466e+00 +4.0483e+00 +4.6986e+00
% f evaluations | g evaluations | best noise-free fitness - Fopt (-3.745000000000e+01) + sum g_i+ | measured fitness | best measured fitness or single-digit g-values | x1 | x2...
1 0 +3.992761284e+02 +3.618261284e+02 +3.618261284e+02 +0.0000e+00 +0.0000e+00 +0.0000e+00 +0.0000e+00 +0.0000e+00 +0.0000e+00 +0.0000e+00 +0.0000e+00 +0.0000e+00 +0.0000e+00 +0.0000e+00 +0.0000e+00 +0.0000e+00 +0.0000e+00 +0.0000e+00 +0.0000e+00 +0.0000e+00 +0.0000e+00 +0.0000e+00 +0.0000e+00
2 0 +3.338397454e+02 +2.963897454e+02 +2.963897454e+02 +1.3897e+00 -2.8230e+00 +3.7420e+00 -5.3512e-01 +2.0206e+00 +3.8549e+00 +8.4173e-01 +2.8457e+00 +4.8796e-01 +6.2063e-03 +4.4022e+00 +1.5934e+00 +1.2997e+00 -4.4799e-01 +1.3976e+00 -1.4558e+00 -1.3024e-01 +2.2957e+00 +2.7403e+00 -2.2198e-01
4 0 +3.301616387e+02 +2.927116387e+02 +2.927116387e+02 +1.7563e+00 +1.9907e+00 +1.1223e+00 +2.1008e+00 -5.7115e-01 +3.4440e+00 +2.4403e+00 -2.6995e+00 +2.3969e+00 +6.5465e-01 +2.5875e-01 +5.0734e-01 -2.8887e+00 -5.9337e-01 +3.8763e+00 -9.7575e-01 -1.0825e+00 +2.7716e+00 -1.7218e-01 +2.1078e+00
5 0 +2.736054336e+02 +2.361554336e+02 +2.361554336e+02 -8.6394e-01 -1.5382e+00 +5.4233e-01 +7.1622e-01 +1.7626e+00 +1.8001e+00 +3.0599e+00 +2.0067e+00 +1.1343e+00 +2.2368e+00 +1.2806e+00 +6.3605e-01 -1.4676e+00 +2.0070e+00 +3.5835e+00 -1.3732e+00 -3.2477e+00 +2.7177e+00 +2.5313e+00 -3.6159e+00
8 0 +2.592479818e+02 +2.217979818e+02 +2.217979818e+02 +6.2792e-01 +1.1921e+00 +3.9265e-01 -9.7272e-01 -1.7421e+00 -2.8869e+00 +7.3646e-01 +9.9648e-01 -5.4280e-01 -5.6251e-01 +4.5533e+00 +1.9731e+00 -3.2096e+00 -1.8773e+00 +2.5195e-01 -1.1509e+00 -3.4102e+00 +4.4048e+00 +1.3419e+00 -3.2482e+00
15 0 +2.262784946e+02 +1.888284946e+02 +1.888284946e+02 +9.9585e-02 -1.4872e+00 +5.4240e-01 +1.9699e+00 +2.5146e+00 +2.9122e+00 -2.1225e+00 -3.9485e-01 +2.6504e+00 -2.9708e+00 +5.4173e+00 +1.2054e+00 -5.9030e+00 -2.8832e+00 -5.1781e-01 -3.9886e-01 -5.8221e+00 +1.0427e+00 +4.3152e+00 -4.8188e+00
18 0 +2.052021210e+02 +1.677521210e+02 +1.677521210e+02 -1.0263e+00 -6.0032e-01 +1.8343e+00 +1.1123e+00 -2.9468e+00 -1.0155e+00 +3.5723e+00 -1.2215e+00 -9.0438e-01 -6.2811e-01 +1.8416e+00 +2.0177e+00 -3.0986e+00 -1.5369e-01 +3.9133e+00 +8.1222e-01 -8.9980e+00 +6.4169e+00 +3.7692e+00 -2.4538e+00
26 0 +1.469178371e+02 +1.094678371e+02 +1.094678371e+02 -5.7559e-01 +1.5386e+00 -6.4353e-01 +1.3642e+00 -2.7646e+00 -1.4789e-01 +1.9032e+00 -6.5857e+00 +2.1961e-02 +4.7021e+00 +2.6526e+00 +1.7810e+00 -1.8327e+00 -1.0808e+00 +4.4958e+00 +3.4675e+00 -6.2455e+00 +4.9583e+00 +4.0932e+00 -3.5542e+00
