% f evaluations | g evaluations | best noise-free fitness - Fopt (2.731500000000e+02) + sum g_i+ | measured fitness | best measured fitness or single-digit g-values | x1 | x2...
1 0 +3.571434203e+01 +3.088643420e+02 +3.088643420e+02 +0.0000e+00 +0.0000e+00 +0.0000e+00 +0.0000e+00 +0.0000e+00 +0.0000e+00 +0.0000e+00 +0.0000e+00 +0.0000e+00 +0.0000e+00 +0.0000e+00 +0.0000e+00 +0.0000e+00 +0.0000e+00 +0.0000e+00 +0.0000e+00 +0.0000e+00 +0.0000e+00 +0.0000e+00 +0.0000e+00
4 0 +3.220146259e+01 +3.053514626e+02 +3.053514626e+02 -7.4521e-01 +5.3264e-01 +2.1018e+00 +3.7344e-01 -3.0222e-01 -5.4060e+00 +2.7517e+00 +5.5188e-01 +7.5867e-01 +5.1983e+00 -3.4663e-01 +3.2766e+00 +1.8487e+00 -4.2125e-01 -6.2981e-01 -2.3063e-01 -6.6777e-01 -1.6835e+00 +4.8630e+00 -3.3040e+00
16 0 +1.885839709e+01 +2.920083971e+02 +2.920083971e+02 -3.5508e+00 +5.8146e-01 +4.1546e+00 +2.5142e+00 -2.7459e-01 -3.4849e+00 +1.5265e+00 +3.0416e-01 -3.8958e+00 +1.1366e+00 +4.4631e-01 +1.4218e+00 -1.5036e+00 -7.1485e-01 -3.5461e+00 -2.1568e+00 -1.1673e+00 -1.8358e+00 +2.2333e+00 -3.4303e+00
31 0 +1.733628951e+01 +2.904862895e+02 +2.904862895e+02 -4.0733e+00 +3.9288e+00 +1.8113e+00 +1.7692e+00 +8.4833e-01 -1.6020e-01 -6.2286e-01 +1.2736e+00 -3.1130e-01 +5.2938e-01 -1.0698e+00 +4.8729e+00 +1.8761e-01 -8.2867e-01 -1.9073e+00 -4.7413e+00 +8.8247e-01 -3.6921e+00 +4.5835e+00 -1.8124e+00
52 0 +1.187656388e+01 +2.850265639e+02 +2.850265639e+02 -4.2979e+00 +3.5027e-01 +2.0100e-01 -1.4393e-01 -1.2405e-01 -2.5805e+00 +5.3859e-01 -1.2832e+00 -3.9082e-01 +2.9267e+00 +6.7337e-02 +4.7485e+00 -5.7254e-01 +3.9126e-01 -6.9604e-01 -2.7563e+00 +3.3376e+00 +6.0643e-01 +4.6619e+00 -4.5554e+00
83 0 +9.967290778e+00 +2.831172908e+02 +2.831172908e+02 -4.0841e+00 +1.3254e+00 +2.9622e+00 +2.2222e+00 -2.6998e+00 -3.5792e+00 -1.9625e+00 -3.4827e-01 -4.0576e+00 +1.7721e-03 -1.5696e+00 +1.7180e+00 +1.1281e+00 +5.5360e-02 +1.9563e-01 -1.4748e+00 +1.8068e+00 +1.8570e+00 +8.4541e-02 -4.1738e+00
147 0 +9.523949005e+00 +2.826739490e+02 +2.826739490e+02 -3.9994e+00 +3.2982e+00 -2.2195e+00 +4.5868e+00 -7.2343e-01 -1.0752e+00 -1.8147e+00 +9.7509e-02 -4.0617e+00 +1.9474e+00 -4.7132e-01 +2.3311e+00 +3.2285e+00 +7.0125e-01 +2.4612e+00 -5.1619e+00 +1.0511e+00 +8.0490e-01 +2.4246e+00 -2.0472e+00
176 0 +9.076604630e+00 +2.822266046e+02 +2.822266046e+02 -2.7773e+00 +1.1682e+00 +3.0266e-02 +4.2391e+00 -1.6689e+00 -3.4514e+00 -1.3065e-01 +1.4867e+00 -2.4368e+00 +3.6241e+00 -8.4785e-01 +3.4534e+00 +2.9847e+00 +1.3746e+00 -2.9499e-01 -5.0043e+00 +1.7455e+00 +1.2737e+00 +7.0302e-01 -3.0592e+00
196 0 +8.509415704e+00 +2.816594157e+02 +2.816594157e+02 -3.0544e+00 +3.8868e+00 -5.8270e-01 +3.0839e+00 +3.1223e-01 -1.5687e-01 +4.8510e-01 +2.3707e+00 -2.9101e+00 +8.7649e-01 -1.2620e+00 +1.2256e+00 +3.4541e+00 -8.2334e-02 +2.8928e+00 -5.0867e+00 +4.6455e+00 -2.9483e-01 +1.6311e+00 -2.3175e+00
