% f evaluations | g evaluations | best noise-free fitness - Fopt (2.731500000000e+02) + sum g_i+ | measured fitness | best measured fitness or single-digit g-values | x1 | x2...
1 0 +2.717862980e+01 +3.003286298e+02 +3.003286298e+02 +0.0000e+00 +0.0000e+00 +0.0000e+00 +0.0000e+00 +0.0000e+00 +0.0000e+00 +0.0000e+00 +0.0000e+00 +0.0000e+00 +0.0000e+00
4 0 +2.059586555e+01 +2.937458656e+02 +2.937458656e+02 -1.5316e+00 -5.0416e-01 -3.0720e+00 +5.5428e-01 -1.5258e+00 -3.3874e+00 -2.3944e+00 +4.1550e-01 -2.6508e+00 -2.9919e+00
5 0 +1.938194520e+01 +2.925319452e+02 +2.925319452e+02 +6.0995e-01 +9.2111e-01 -9.9702e-01 +1.5989e+00 +3.0231e-01 -9.7505e-02 +1.5678e+00 +4.8615e-01 -3.3531e+00 +3.0586e+00
12 0 +1.784948504e+01 +2.909994850e+02 +2.909994850e+02 -1.0421e+00 +1.9332e+00 -1.9019e+00 +2.1536e+00 -6.3872e-01 -3.6979e-01 -1.9832e+00 +6.6343e-01 -4.9247e+00 -1.4292e+00
17 0 +1.204693295e+01 +2.851969330e+02 +2.851969330e+02 -1.3656e+00 +2.0674e+00 -5.4000e+00 +3.0690e+00 +7.0832e-01 +2.7459e-01 -2.6398e+00 +6.3929e-01 -5.1397e+00 -1.7404e-01
19 0 +1.167186902e+01 +2.848218690e+02 +2.848218690e+02 +1.6083e+00 +1.0813e+00 -3.5448e-01 +1.2462e+00 +1.4042e+00 -3.1197e+00 +1.4193e+00 +7.4400e-01 -2.8008e+00 -2.0582e+00
72 0 +1.089661335e+01 +2.840466134e+02 +2.840466134e+02 -1.0819e+00 +2.1887e+00 +2.8152e-01 +3.4999e+00 +1.7461e+00 -2.4672e-01 -1.0557e+00 +1.7324e+00 -2.0150e+00 -1.6256e+00
75 0 +8.804244824e+00 +2.819542448e+02 +2.819542448e+02 -2.5880e+00 +2.5437e+00 +9.0750e-01 +1.9573e+00 -2.0668e-01 -1.6016e+00 +1.1435e+00 -6.1347e-01 -2.8894e+00 -7.9424e-01
76 0 +5.594374674e+00 +2.787443747e+02 +2.787443747e+02 -2.3579e+00 +2.8602e+00 +8.7121e-01 +1.1128e+00 +1.7134e+00 -3.1057e+00 +9.6184e-01 +1.2749e+00 -2.8213e+00 +1.3447e+00
