% f evaluations | g evaluations | best noise-free fitness - Fopt (-5.494000000000e+01) + sum g_i+ | measured fitness | best measured fitness or single-digit g-values | x1 | x2...
1 0 +4.960016909e+06 +4.959961969e+06 +4.959961969e+06 +0.0000e+00 +0.0000e+00 +0.0000e+00 +0.0000e+00 +0.0000e+00 +0.0000e+00 +0.0000e+00 +0.0000e+00 +0.0000e+00 +0.0000e+00 +0.0000e+00 +0.0000e+00 +0.0000e+00 +0.0000e+00 +0.0000e+00 +0.0000e+00 +0.0000e+00 +0.0000e+00 +0.0000e+00 +0.0000e+00
7 0 +2.884017587e+06 +2.883962647e+06 +2.883962647e+06 +1.1766e+00 -2.2102e+00 +8.5113e-01 -1.2542e+00 +1.7688e+00 -1.4266e+00 +4.7220e-01 +1.5402e-01 -2.0228e+00 -4.3718e-01 -1.2885e+00 +1.0109e+00 +3.8764e-01 +3.5976e-01 -2.6059e-01 +6.5802e-01 -2.3191e+00 -6.1131e-01 -2.6772e+00 -3.3478e-01
28 0 +2.535089792e+06 +2.535034852e+06 +2.535034852e+06 +3.0092e+00 -2.6185e+00 -2.0566e+00 +3.6990e+00 +2.4875e+00 +3.5406e+00 +8.8559e-01 -2.4392e+00 -4.7300e+00 -5.2060e+00 -4.3250e-01 +1.4801e+00 +1.2788e+00 +1.2472e+00 -1.9555e+00 -2.5913e+00 -1.8033e-01 +1.9227e+00 +1.6786e+00 +4.6815e+00
38 0 +2.203552447e+06 +2.203497507e+06 +2.203497507e+06 +4.1478e-02 -3.5356e+00 +6.1506e-02 +1.3136e+00 +8.5309e-01 +1.2713e+00 +1.5561e+00 -2.3333e+00 -1.0942e+00 -4.4358e-01 +1.5327e-02 +1.9030e+00 +1.0399e+00 +1.5425e+00 +7.6732e-01 -2.0567e+00 -1.9161e+00 -5.3035e-01 -2.9287e+00 +2.9217e+00
41 0 +1.997342666e+06 +1.997287726e+06 +1.997287726e+06 -5.2682e-01 -2.4510e+00 -1.7071e+00 +1.4728e+00 -3.3233e-01 +2.4789e+00 -7.0509e-01 -4.9211e+00 -2.2409e+00 -2.9264e+00 +1.6872e-01 +1.1772e+00 -5.7784e-01 +1.0987e+00 -2.2490e+00 -4.8624e+00 -1.0406e+00 +2.1589e+00 +3.0310e+00 +4.0377e+00
50 0 +1.329441097e+06 +1.329386157e+06 +1.329386157e+06 -2.6184e-01 -2.8286e+00 -1.2246e+00 +2.0214e+00 +4.2200e-01 +2.6847e+00 +4.2108e-01 -2.6948e+00 -2.8384e+00 -2.7466e+00 -6.0269e-02 +1.9796e+00 +1.3355e-01 +1.0944e+00 -1.6216e+00 -3.1391e+00 -1.2462e+00 +4.5927e-01 +5.2767e-01 +2.8560e+00
% f evaluations | g evaluations | best noise-free fitness - Fopt (5.913000000000e+01) + sum g_i+ | measured fitness | best measured fitness or single-digit g-values | x1 | x2...
1 0 +2.310036092e+06 +2.310095222e+06 +2.310095222e+06 +0.0000e+00 +0.0000e+00 +0.0000e+00 +0.0000e+00 +0.0000e+00 +0.0000e+00 +0.0000e+00 +0.0000e+00 +0.0000e+00 +0.0000e+00 +0.0000e+00 +0.0000e+00 +0.0000e+00 +0.0000e+00 +0.0000e+00 +0.0000e+00 +0.0000e+00 +0.0000e+00 +0.0000e+00 +0.0000e+00
16 0 +1.156029972e+06 +1.156089102e+06 +1.156089102e+06 +9.2540e-01 +1.5320e+00 -4.0942e-01 -1.4758e+00 -1.2754e+00 -1.4470e-01 -9.9464e-01 +6.4425e-01 -2.3663e+00 +2.3281e+00 +1.8415e+00 -3.3421e-01 -5.1596e-01 +1.7792e-01 +7.1686e-01 +7.0952e-01 +5.5624e-01 +1.5334e-01 -2.7740e+00 -2.4442e+00
% f evaluations | g evaluations | best noise-free fitness - Fopt (-4.915300000000e+02) + sum g_i+ | measured fitness | best measured fitness or single-digit g-values | x1 | x2...
1 0 +1.984097753e+06 +1.983606223e+06 +1.983606223e+06 +0.0000e+00 +0.0000e+00 +0.0000e+00 +0.0000e+00 +0.0000e+00 +0.0000e+00 +0.0000e+00 +0.0000e+00 +0.0000e+00 +0.0000e+00 +0.0000e+00 +0.0000e+00 +0.0000e+00 +0.0000e+00 +0.0000e+00 +0.0000e+00 +0.0000e+00 +0.0000e+00 +0.0000e+00 +0.0000e+00
27 0 +1.863573566e+06 +1.863082036e+06 +1.863082036e+06 -1.2344e+00 -6.4800e-01 -1.3230e+00 +8.1855e-01 -1.8807e+00 -3.6958e+00 +1.7896e+00 +1.9472e+00 +1.4147e-01 +2.3482e+00 +1.0561e+00 +1.7664e+00 -1.6755e-01 +1.3918e+00 -8.1216e-01 -2.4941e+00 -1.9802e+00 -1.4312e+00 +2.7271e-01 +1.3916e+00
32 0 +1.359398392e+06 +1.358906862e+06 +1.358906862e+06 +8.5737e-01 +7.3153e-01 +4.7749e-01 -1.0181e+00 +1.0657e-01 -3.3832e+00 +1.2574e+00 -8.0872e-01 -2.3539e+00 +7.6070e-01 -1.1767e+00 +1.7794e+00 +6.1298e-01 -1.2748e+00 -3.6027e+00 -3.5626e+00 -1.9374e+00 -4.1972e-01 +2.8378e+00 +2.4843e+00
50 0 +7.996507180e+05 +7.991591880e+05 +7.991591880e+05 +6.6280e-02 -6.4090e-02 -1.8774e-01 +1.3253e+00 -5.2798e-01 -2.2688e+00 +6.9261e-01 +9.2685e-01 -7.6230e-01 +3.1000e+00 -7.7484e-01 +1.7042e+00 +3.6547e-01 -5.4029e-01 -2.3101e+00 -1.3107e+00 +5.9889e-01 +3.9239e-01 +5.3680e-01 +1.2634e+00
% f evaluations | g evaluations | best noise-free fitness - Fopt (-1.702000000000e+02) + sum g_i+ | measured fitness | best measured fitness or single-digit g-values | x1 | x2...
1 0 +1.108156324e+07 +1.108139304e+07 +1.108139304e+07 +0.0000e+00 +0.0000e+00 +0.0000e+00 +0.0000e+00 +0.0000e+00 +0.0000e+00 +0.0000e+00 +0.0000e+00 +0.0000e+00 +0.0000e+00 +0.0000e+00 +0.0000e+00 +0.0000e+00 +0.0000e+00 +0.0000e+00 +0.0000e+00 +0.0000e+00 +0.0000e+00 +0.0000e+00 +0.0000e+00
4 0 +5.657293999e+06 +5.657123799e+06 +5.657123799e+06 +1.4403e+00 -2.9694e-01 -4.2864e+00 -3.6700e-01 -3.2246e-01 +4.3817e-01 -1.5659e+00 +3.4178e-01 -8.9893e-01 +4.3678e+00 +2.0814e-01 +1.1847e+00 -7.0113e-01 +7.7450e-01 -4.0703e+00 -2.3336e+00 +1.7299e+00 +2.0317e+00 +6.7917e-01 -5.8516e-01
15 0 +5.164219898e+06 +5.164049698e+06 +5.164049698e+06 +6.1668e-01 -1.1643e+00 -6.2090e+00 -1.1794e+00 -1.7434e-01 -2.9058e+00 -8.5422e-01 -1.7333e+00 +7.9904e-01 -1.5234e+00 -2.0903e+00 -5.4858e+00 -1.3935e+00 +2.1283e+00 +8.0704e-01 +3.0480e+00 -1.1965e+00 +1.3186e+00 -2.8259e+00 +8.0893e-01
19 0 +2.734356649e+06 +2.734186449e+06 +2.734186449e+06 +1.2114e+00 +1.9207e-01 -3.8669e+00 +1.0524e+00 +6.5732e-01 +1.2925e+00 +8.2669e-01 -3.2842e-01 -8.9267e-01 +1.9036e+00 -2.3198e+00 +8.8387e-01 -2.8601e+00 -1.5063e+00 -3.3056e-01 -3.6126e+00 -1.0660e+00 +2.3066e+00 +5.3467e-01 -1.7848e+00
34 0 +1.459205773e+06 +1.459035573e+06 +1.459035573e+06 -2.5602e-01 +1.6899e+00 -5.0761e+00 +3.5312e+00 +2.7441e+00 -2.9889e+00 -1.7863e-01 +1.1522e+00 -1.0341e+00 +2.2936e+00 -2.0248e+00 -2.7464e+00 -1.2169e+00 +1.1509e+00 -3.1442e+00 -3.4756e+00 +1.3761e+00 +4.5977e+00 -3.1635e+00 -2.0817e-01
50 0 +1.368241750e+06 +1.368071550e+06 +1.368071550e+06 +9.1549e-01 -1.3139e-01 -5.0584e+00 +1.1711e+00 +2.1060e+00 -1.4378e+00 +9.2107e-01 +1.7055e-01 -6.0614e-01 +2.4161e+00 -2.0169e+00 -6.3732e-01 -3.1824e-01 -1.1414e-01 -2.2338e+00 -2.0441e+00 +1.1177e+00 +2.8505e+00 -2.1288e+00 +2.0360e-01
% f evaluations | g evaluations | best noise-free fitness - Fopt (-4.697500000000e+02) + sum g_i+ | measured fitness | best measured fitness or single-digit g-values | x1 | x2...
1 0 +9.326307935e+06 +9.325838185e+06 +9.325838185e+06 +0.0000e+00 +0.0000e+00 +0.0000e+00 +0.0000e+00 +0.0000e+00 +0.0000e+00 +0.0000e+00 +0.0000e+00 +0.0000e+00 +0.0000e+00 +0.0000e+00 +0.0000e+00 +0.0000e+00 +0.0000e+00 +0.0000e+00 +0.0000e+00 +0.0000e+00 +0.0000e+00 +0.0000e+00 +0.0000e+00
11 0 +4.515250321e+06 +4.514780571e+06 +4.514780571e+06 +1.2153e+00 +3.2965e+00 -1.7923e-01 +2.0441e+00 -4.0335e+00 -1.7243e+00 +4.5581e-01 -6.4097e-01 +1.1997e-01 +2.0366e+00 -8.6236e-01 +3.0709e+00 +1.4698e+00 -8.4318e-01 -2.3174e+00 +3.3373e+00 +1.0111e+00 +9.4314e-01 +6.6396e-02 -1.1301e+00
28 0 +3.839393591e+06 +3.838923841e+06 +3.838923841e+06 +3.5951e+00 +2.4013e+00 +1.7184e+00 +5.1993e-01 -1.4944e+00 +1.3019e+00 +4.9868e-02 +1.0319e+00 +1.7422e-01 +1.3673e+00 -7.3552e-01 +3.7944e-01 +1.5980e+00 +4.6533e-01 -2.7134e+00 -5.2256e-01 -8.1050e-01 +3.0359e+00 -6.5695e-01 +5.4254e-01
36 0 +3.605249081e+06 +3.604779331e+06 +3.604779331e+06 +2.6375e+00 -3.0073e-01 +1.4454e+00 -6.3735e-01 -1.3829e+00 +1.0393e+00 +1.0132e+00 +2.2915e-01 -2.0159e+00 +3.8601e+00 -1.3450e-01 +3.0947e-01 +5.0922e-01 -1.8673e+00 -3.6009e-01 -3.8639e-01 +4.6494e-01 -1.3340e+00 +7.9399e-01 +3.1099e-01
50 0 +2.419224324e+06 +2.418754574e+06 +2.418754574e+06 +1.8712e+00 +1.6000e+00 +2.1081e+00 +9.8987e-02 -1.5907e+00 +6.2015e-01 +6.4396e-01 -1.2092e+00 -1.3062e+00 +2.5876e+00 -4.2116e-01 +9.3631e-01 +2.9524e+00 -7.4002e-01 -3.7343e+00 -8.5396e-01 -2.5463e-01 +1.2255e+00 -1.0415e+00 +1.5841e+00
