% f evaluations | g evaluations | best noise-free fitness - Fopt (-9.210000000000e+00) + sum g_i+ | measured fitness | best measured fitness or single-digit g-values | x1 | x2...
1 0 +1.078198516e+02 +9.860985161e+01 +9.860985161e+01 +0.0000e+00 +0.0000e+00 +0.0000e+00 +0.0000e+00 +0.0000e+00
3 0 +7.553861254e+01 +6.632861254e+01 +6.632861254e+01 +1.8712e+00 -1.8830e+00 +2.9597e+00 -8.0288e-01 -2.8914e+00
10 0 +4.759609585e+01 +3.838609585e+01 +3.838609585e+01 +3.4091e+00 -1.9104e+00 +4.9748e-01 +1.5362e+00 -5.1241e+00
12 0 +4.046373067e+01 +3.125373067e+01 +3.125373067e+01 +3.2583e+00 -1.4521e-01 +2.0264e+00 +4.8480e+00 -3.0686e+00
13 0 +3.352798700e+01 +2.431798700e+01 +2.431798700e+01 +9.0961e-01 +6.9841e-01 -1.6248e-01 +4.1115e+00 -4.9533e+00
20 0 +2.012375286e+01 +1.091375286e+01 +1.091375286e+01 +2.0691e+00 +9.2064e-01 +5.0948e+00 +3.2326e+00 -7.6045e+00
24 0 +1.116885387e+01 +1.958853868e+00 +1.958853868e+00 +6.6626e-01 +3.1916e+00 +3.8555e+00 +6.5236e+00 -1.3166e+01
31 0 +4.945912905e+00 -4.264087095e+00 -4.264087095e+00 +5.4087e-02 +7.1966e+00 +6.3088e+00 +9.0028e+00 -8.7324e+00
37 0 +4.117453112e-01 -8.798254689e+00 -8.798254689e+00 +4.5883e+00 +9.6183e+00 +5.9191e+00 +5.3263e+00 -1.5280e+01
