% f evaluations | g evaluations | best noise-free fitness - Fopt (-9.210000000000e+00) + sum g_i+ | measured fitness | best measured fitness or single-digit g-values | x1 | x2...
1 0 +3.992761284e+02 +3.900661284e+02 +3.900661284e+02 +0.0000e+00 +0.0000e+00 +0.0000e+00 +0.0000e+00 +0.0000e+00 +0.0000e+00 +0.0000e+00 +0.0000e+00 +0.0000e+00 +0.0000e+00 +0.0000e+00 +0.0000e+00 +0.0000e+00 +0.0000e+00 +0.0000e+00 +0.0000e+00 +0.0000e+00 +0.0000e+00 +0.0000e+00 +0.0000e+00
2 0 +3.850988989e+02 +3.758888989e+02 +3.758888989e+02 -9.6711e-01 +1.5188e+00 -1.2775e+00 +4.0219e-01 +2.0775e+00 +1.1272e+00 +2.2050e+00 -3.4713e+00 -8.9610e-01 +4.9016e-01 -4.4925e-01 -2.5435e+00 +1.8495e-01 +4.2636e+00 -9.6768e-01 -3.2001e+00 +2.5973e+00 +1.8730e-01 +3.1906e-01 -5.1087e+00
3 0 +3.720501363e+02 +3.628401363e+02 +3.628401363e+02 +1.0646e+00 +2.3764e+00 -2.8948e+00 +9.1536e-01 -1.3943e+00 -2.7019e-01 +3.3940e+00 +6.7393e-01 +1.2296e+00 +2.1323e+00 +4.6458e-01 +2.7417e-01 -3.1478e-02 -9.4798e-01 -5.1904e-01 +2.2964e+00 +2.7953e+00 +3.9420e+00 -3.3137e+00 -4.2505e+00
14 0 +3.328795483e+02 +3.236695483e+02 +3.236695483e+02 +1.2365e+00 -6.2451e-01 +2.4086e+00 +3.7951e-01 +2.5712e-01 +6.2676e-01 +3.2757e+00 +1.0517e+00 -2.5580e-01 +3.9647e+00 +3.1802e+00 -4.2627e+00 -2.6926e+00 -1.4228e+00 -1.3664e-01 -3.4107e+00 +5.5711e+00 +3.2600e+00 -7.7155e-01 -1.1247e+00
23 0 +3.173268272e+02 +3.081168272e+02 +3.081168272e+02 +1.5865e+00 -2.5484e+00 -2.3576e+00 -1.1255e+00 -3.6907e+00 -8.6281e-01 +2.0011e+00 -1.2428e+00 +2.7545e+00 +1.0169e+00 +1.6740e+00 +4.4112e+00 +2.0350e-01 +1.6655e+00 -3.3372e+00 -1.3120e+00 +4.2621e+00 +1.9937e+00 -4.6023e+00 -2.0920e+00
29 0 +3.006713652e+02 +2.914613652e+02 +2.914613652e+02 +3.2316e+00 -2.6913e+00 -8.7587e-01 -1.9128e+00 -3.3550e+00 +2.1499e+00 +5.9404e+00 +4.3867e-01 +2.0210e+00 +2.3331e+00 +2.1405e-01 +6.0855e+00 +8.6546e-01 +4.3561e+00 -1.0116e+00 -3.8262e+00 +4.9743e+00 +3.5991e-01 -2.4869e+00 -6.3416e-01
30 0 +2.717629812e+02 +2.625529812e+02 +2.625529812e+02 +1.0525e-01 -3.4335e+00 -1.7337e+00 +2.2102e+00 -5.3948e+00 -1.6568e+00 +6.3234e+00 -3.4879e+00 +2.6921e+00 +2.7308e+00 +8.2833e-01 +2.1056e+00 +4.3944e+00 +2.4781e+00 -2.4776e+00 -3.3353e+00 +6.8486e+00 +9.3518e-01 -4.2570e+00 -9.8263e-01
37 0 +2.491007517e+02 +2.398907517e+02 +2.398907517e+02 +1.8172e+00 -1.9645e+00 +2.5686e+00 -2.1609e+00 -2.7029e+00 -2.0447e+00 +3.7022e+00 +2.8064e+00 +2.2914e+00 -1.6922e+00 +2.5813e+00 -9.7497e-01 -2.4074e+00 +3.3628e+00 -1.1040e+00 -4.3781e+00 +6.1835e+00 +2.1496e+00 -5.1484e+00 -5.4024e-01
40 0 +2.316716089e+02 +2.224616089e+02 +2.224616089e+02 +1.0338e+00 -1.8118e-01 +5.1726e+00 +1.8040e+00 -4.5476e+00 -2.7481e-01 +4.0808e+00 +1.6764e+00 +1.8521e+00 +2.0524e+00 +6.4506e-01 +7.4639e-01 -1.2433e+00 +3.4040e+00 +1.2114e+00 -3.4268e+00 +9.3363e+00 +3.0271e+00 -4.2229e+00 +2.3245e+00
50 0 +2.197223464e+02 +2.105123464e+02 +2.105123464e+02 -1.2686e+00 -4.0245e+00 +3.7150e+00 -1.8715e+00 -8.9731e+00 +1.6368e+00 +1.0268e+01 -2.1489e+00 +2.0127e+00 +2.3268e+00 -3.8445e+00 -2.4209e+00 +2.6773e+00 -1.3116e-02 -1.2483e+00 -3.7650e+00 +1.2604e+00 +2.3981e+00 -3.6621e+00 +4.4979e+00
51 0 +2.157938435e+02 +2.065838435e+02 +2.065838435e+02 +3.6751e+00 -3.0058e+00 -4.0855e+00 -2.0163e+00 +1.3760e-01 -4.6673e+00 +5.2427e+00 +2.0990e+00 +3.6272e+00 +1.4687e+00 +2.0964e+00 +3.3051e+00 +3.3457e+00 +4.2769e+00 -6.6125e-01 -3.1104e+00 +7.0977e+00 +4.6301e+00 -5.8501e+00 +2.6077e+00
52 0 +1.988507913e+02 +1.896407913e+02 +1.896407913e+02 +1.0967e+00 +2.8555e+00 +8.7698e+00 +2.4105e+00 -6.2675e+00 -3.5983e-01 +6.7478e+00 +4.0371e+00 +3.2895e+00 +2.8656e+00 +1.8771e+00 -4.8165e+00 -1.3643e-01 +1.5647e+00 +3.3120e+00 -1.8608e+00 +3.2414e+00 +4.6355e+00 -4.2497e+00 +5.3744e+00
57 0 +1.699307262e+02 +1.607207262e+02 +1.607207262e+02 +1.7320e+00 -3.2565e+00 +1.1855e+00 +3.7078e-01 -4.7687e+00 +9.9605e-01 +6.1942e+00 +1.7218e-01 +2.0990e+00 -1.6739e-01 +2.1706e+00 +6.4532e+00 +4.9879e+00 +5.4067e+00 -1.4792e+00 -8.1569e+00 +1.1007e+01 +7.3051e+00 -2.9671e+00 +6.3753e+00
58 0 +1.537806285e+02 +1.445706285e+02 +1.445706285e+02 -1.4145e-01 +1.0629e+00 +6.9538e+00 +3.3503e+00 -7.6633e+00 -4.0236e+00 +5.7843e+00 +4.7645e-01 +1.2337e+00 -1.0683e+00 +3.6749e+00 +7.0064e-01 +6.6216e-01 +2.5129e+00 -5.5361e+00 -3.0961e+00 +9.2558e+00 +7.3665e+00 -6.2124e+00 +8.9286e+00
64 0 +1.484492241e+02 +1.392392241e+02 +1.392392241e+02 +1.9603e+00 -5.4094e+00 +9.8134e-01 -1.1215e+00 -6.5433e+00 +3.3223e+00 +7.6355e+00 +1.5691e-02 +2.1581e+00 +1.3280e+00 +1.2420e+00 +2.3212e+00 -1.4495e+00 +4.6104e+00 -5.8891e+00 -7.0831e+00 +7.3404e+00 +9.3887e+00 -4.9488e+00 +6.1186e+00
67 0 +1.327153488e+02 +1.235053488e+02 +1.235053488e+02 +4.1610e+00 +8.7871e-01 +2.6066e+00 +2.0591e+00 -5.9550e+00 +3.2785e+00 +4.9401e+00 +1.6744e-01 +1.5017e+00 -3.7110e+00 +1.7607e+00 +2.3377e+00 +9.1270e+00 +4.3127e+00 -2.1067e+00 -7.1657e+00 +7.5299e+00 +3.8556e+00 -3.4552e+00 +1.1615e+01
68 0 +1.096040099e+02 +1.003940099e+02 +1.003940099e+02 -2.0399e+00 +4.8895e+00 +4.7850e+00 -3.2833e+00 -4.0621e+00 +3.7991e+00 +4.2881e+00 +3.0183e+00 +7.7121e-01 -4.1936e+00 -2.1745e+00 +2.2246e+00 +5.3532e+00 +5.4256e+00 -4.3375e+00 -4.2372e+00 +5.3493e+00 +6.5326e+00 -6.7187e+00 +2.8332e+00
79 0 +9.531480270e+01 +8.610480270e+01 +8.610480270e+01 -1.4346e+00 -9.5184e-01 +1.9900e+00 -2.1381e+00 -4.9373e+00 +3.6021e+00 +6.5418e+00 +1.1350e+00 -2.2323e+00 -6.7076e+00 -6.2875e-02 -1.3034e-01 +4.4767e+00 +5.1392e+00 -5.7125e+00 -9.6812e+00 +8.4071e+00 +6.8823e+00 -7.7480e+00 +1.5643e+01
94 0 +8.087090945e+01 +7.166090945e+01 +7.166090945e+01 -8.0312e-01 +2.2644e+00 +6.5950e+00 -8.9410e-01 -7.4188e+00 +4.3684e+00 +7.4352e+00 -3.7742e-01 +6.8711e+00 -3.7842e+00 +1.2984e+00 -7.5547e+00 +2.4524e+00 +4.1862e+00 -5.7446e+00 -7.7071e+00 +5.8813e+00 +9.2627e+00 -3.8527e+00 +1.2313e+01
113 0 +7.919282831e+01 +6.998282831e+01 +6.998282831e+01 +2.2691e+00 -6.1196e+00 +5.1611e+00 -1.4354e+00 -4.0580e+00 +2.9152e-01 +6.2807e+00 +1.6890e+00 +8.9883e+00 +7.1209e-01 +8.8060e-01 -8.4489e+00 +5.7821e+00 +9.9238e+00 -8.7201e+00 -5.0874e+00 +9.7620e+00 +1.4826e+01 -8.0246e+00 +1.2344e+01
116 0 +5.234338897e+01 +4.313338897e+01 +4.313338897e+01 +1.4480e+00 +5.6763e+00 +1.0738e+00 +1.2007e-01 -3.5006e+00 +6.6907e+00 +1.1314e+01 +3.5534e+00 +9.7947e+00 -5.7087e+00 +1.4841e+00 -2.5822e+00 +8.1591e+00 +1.4744e+01 -1.2625e+01 -1.0095e+01 +1.2179e+01 +1.1014e+01 -7.3846e+00 +1.3375e+01
129 0 +4.607779337e+01 +3.686779337e+01 +3.686779337e+01 +3.3249e+00 +3.1375e+00 -1.9301e+00 +1.0839e+00 -3.9257e+00 +4.5736e+00 +1.2368e+01 +4.6258e+00 +2.5307e+00 +1.0227e+00 -7.6071e+00 -6.8026e+00 +1.0541e+01 +1.2682e+01 -7.8336e+00 -8.5959e+00 +1.5008e+01 +1.2420e+01 -9.4506e+00 +1.7068e+01
130 0 +3.703225953e+01 +2.782225953e+01 +2.782225953e+01 +5.9858e+00 -1.4832e+00 +9.0322e+00 -1.2634e-02 -2.2147e+00 +9.7912e+00 +6.5779e+00 +5.1868e+00 +6.1126e+00 -1.9196e+00 -2.6797e+00 -4.7320e+00 +6.6531e+00 +1.0993e+01 -6.5862e+00 -8.9930e+00 +9.6439e+00 +9.0643e+00 -8.6859e+00 +1.6166e+01
138 0 +3.213318724e+01 +2.292318724e+01 +2.292318724e+01 -2.8187e+00 -2.5518e+00 +2.4721e+00 -1.9194e+00 -8.6899e+00 +6.7621e+00 +1.3496e+01 +6.9526e+00 +5.4963e+00 -4.8650e+00 -4.3412e+00 -6.3206e+00 +1.7471e+01 +1.9777e+01 -9.8111e+00 -9.0622e+00 +9.4136e+00 +1.4461e+01 -9.7840e+00 +1.7055e+01
146 0 +2.117837976e+01 +1.196837976e+01 +1.196837976e+01 +2.7020e+00 +7.1303e+00 +5.9967e+00 +5.0971e+00 -2.2291e+00 +5.6329e+00 +1.5070e+01 +2.2559e+00 +2.9996e+00 -9.5548e+00 -4.1972e+00 -9.6334e+00 +1.5031e+01 +1.4659e+01 -5.9362e+00 -1.0566e+01 +1.6184e+01 +1.3748e+01 -1.0544e+01 +2.2864e+01
173 0 +1.090045073e+01 +1.690450726e+00 +1.690450726e+00 +8.6493e+00 +8.2100e+00 +8.3186e+00 +4.4631e+00 -5.8202e+00 +8.0454e+00 +7.2596e+00 +6.6380e-01 +9.5300e+00 -5.4102e+00 -1.0037e+01 -5.3918e+00 +1.4969e+01 +1.9787e+01 -8.4149e+00 -7.0076e+00 +1.3010e+01 +2.8602e+01 -5.1676e+00 +2.6036e+01
197 0 +7.400391542e+00 -1.809608458e+00 -1.809608458e+00 +1.1192e+01 +3.0613e+00 +4.8706e+00 +1.0392e+01 -6.9894e+00 +1.2156e+01 +1.9622e+01 +8.4680e+00 +8.6272e+00 -1.3432e+01 -1.1947e+01 -3.6693e+00 +1.3732e+01 +2.2864e+01 -1.9046e+01 -1.7392e+01 +1.5159e+01 +3.1899e+01 -1.6442e+01 +2.5640e+01
200 0 +0.000000000e+00 -9.210000000e+00 -9.210000000e+00 +1.4789e+01 +7.6326e+00 +1.6291e+01 +7.1746e+00 -6.9845e+00 +6.5445e+00 +8.0906e+00 +7.9036e+00 +6.5311e+00 -1.0159e+01 -1.5332e+01 -1.3788e+01 +5.5324e+00 +1.2772e+01 -1.2439e+01 -1.9591e+01 +1.8598e+01 +3.0377e+01 -9.4893e+00 +2.8028e+01
