% f evaluations | g evaluations | best noise-free fitness - Fopt (3.590000000000e+01) + sum g_i+ | measured fitness | best measured fitness or single-digit g-values | x1 | x2...
1 0 +7.743465359e+05 +7.743824359e+05 +7.743824359e+05 +0.0000e+00 +0.0000e+00 +0.0000e+00 +0.0000e+00 +0.0000e+00 +0.0000e+00 +0.0000e+00 +0.0000e+00 +0.0000e+00 +0.0000e+00 +0.0000e+00 +0.0000e+00 +0.0000e+00 +0.0000e+00 +0.0000e+00 +0.0000e+00 +0.0000e+00 +0.0000e+00 +0.0000e+00 +0.0000e+00
17 0 +5.753951799e+05 +5.754310799e+05 +5.754310799e+05 +3.0502e+00 +3.1473e+00 +1.9723e+00 -2.1764e+00 -1.0087e+00 -5.8832e+00 -2.4117e-01 -1.1741e+00 -5.1901e+00 -2.8577e+00 -6.2537e-01 -1.3981e+00 +2.5665e+00 -4.8754e+00 +2.2674e+00 -1.1096e+00 -1.6467e+00 +1.6245e+00 +5.0426e+00 -4.8370e-01
32 0 +5.487629752e+05 +5.487988752e+05 +5.487988752e+05 +2.3367e+00 +9.1902e-02 +2.6929e+00 +1.6150e+00 -1.3410e+00 -2.4760e+00 -4.6290e+00 -2.0022e+00 -6.6749e+00 -1.6912e+00 +4.7438e-01 -1.3343e+00 -1.0158e+00 -1.0475e+00 +4.0462e-01 -9.9802e-01 -1.8904e+00 -1.3542e-01 -5.7944e-01 -7.4983e-01
35 0 +3.484977704e+05 +3.485336704e+05 +3.485336704e+05 -1.5976e+00 +3.5671e+00 +1.2924e+00 -1.3165e+00 +1.0121e-01 -4.7536e+00 -1.4501e+00 -9.4706e-01 +2.4532e+00 -2.4957e+00 -1.3774e+00 -9.7380e-01 -3.5062e+00 -1.7682e+00 +1.2232e+00 -1.4744e+00 +3.6014e+00 +1.8052e+00 -8.8384e-02 -2.9611e+00
43 0 +3.120187967e+05 +3.120546967e+05 +3.120546967e+05 -2.5383e+00 +3.7058e+00 +3.7502e+00 +4.1068e-01 -2.5551e+00 -3.4384e+00 -1.4242e+00 -1.8303e+00 -1.5645e+00 -5.6552e-01 -2.7005e+00 -1.9792e-02 +5.8655e-01 -2.0977e+00 -4.0209e-01 -9.6686e-01 +5.4552e-01 +1.2925e+00 +1.6657e+00 -3.8910e+00
% f evaluations | g evaluations | best noise-free fitness - Fopt (3.137000000000e+01) + sum g_i+ | measured fitness | best measured fitness or single-digit g-values | x1 | x2...
1 0 +3.777288378e+05 +3.777602078e+05 +3.777602078e+05 +0.0000e+00 +0.0000e+00 +0.0000e+00 +0.0000e+00 +0.0000e+00 +0.0000e+00 +0.0000e+00 +0.0000e+00 +0.0000e+00 +0.0000e+00 +0.0000e+00 +0.0000e+00 +0.0000e+00 +0.0000e+00 +0.0000e+00 +0.0000e+00 +0.0000e+00 +0.0000e+00 +0.0000e+00 +0.0000e+00
10 0 +3.443566999e+05 +3.443880699e+05 +3.443880699e+05 +3.5925e+00 -8.3166e-02 +3.3627e+00 -1.9355e+00 -3.1999e+00 -2.6405e+00 +1.5710e+00 +2.3402e+00 -1.0199e+00 +2.0944e+00 -6.7781e-01 -4.6624e-01 +5.9314e+00 +1.1780e+00 +1.7054e+00 +2.4253e+00 +5.9389e-01 -2.5931e-01 -1.7205e+00 -5.8919e-01
14 0 +3.200993443e+05 +3.201307143e+05 +3.201307143e+05 -2.8475e-01 +2.7942e+00 -2.5698e-01 +3.6966e+00 -5.9733e+00 -3.9224e+00 +3.6545e+00 +2.5276e+00 -3.8472e+00 +5.2168e+00 +4.4308e-01 +3.3819e-01 +4.5093e+00 +2.4441e+00 -3.1815e-01 +3.0627e+00 +1.1441e+00 +1.3631e+00 -3.4617e+00 -1.2212e+00
25 0 +2.756560082e+05 +2.756873782e+05 +2.756873782e+05 +5.2862e+00 +2.6068e+00 +3.4497e+00 +1.6129e+00 -3.3210e+00 -1.5668e+00 +1.9965e+00 +2.4827e+00 -3.0806e+00 -1.9477e+00 -1.4204e+00 -4.8733e+00 +4.7862e+00 +2.5997e+00 -2.9037e+00 +4.0531e+00 +1.6676e+00 -2.0027e+00 -9.4111e-01 +2.6145e+00
29 0 +2.487614347e+05 +2.487928047e+05 +2.487928047e+05 +7.2907e-01 +2.1085e+00 +2.5550e-01 +2.1324e+00 -5.7361e+00 -7.8382e-01 -3.4564e-01 -1.2230e-01 -2.7157e+00 -1.8461e+00 +1.6218e-01 -1.1801e+00 +3.6997e+00 +7.5730e-01 -1.5530e+00 +5.2858e+00 -9.3837e-01 +8.7418e-01 -6.7073e-01 +9.9116e-01
30 0 +2.409309980e+05 +2.409623680e+05 +2.409623680e+05 +2.0956e+00 +1.5962e-01 -2.0912e+00 +1.0894e+00 -1.4450e+00 -3.1946e+00 +1.0027e-03 +5.0994e+00 +1.0874e+00 +8.2224e-01 +9.0593e-01 -1.3098e+00 +5.3936e+00 +2.0897e+00 -5.4910e-01 +4.1336e+00 +1.7564e+00 +1.6956e+00 -1.9050e+00 -5.2650e-01
39 0 +1.416001557e+05 +1.416315257e+05 +1.416315257e+05 +3.9510e+00 +1.5033e+00 -3.6899e+00 +2.7522e+00 -3.0333e+00 -3.7861e+00 +1.4918e-01 +4.1225e+00 -6.8805e-01 -7.4800e-01 +1.1887e+00 -1.5455e+00 +6.5804e+00 +7.1598e-01 +1.8486e-01 +3.7183e+00 -3.1779e+00 +5.9046e-01 -2.7859e+00 -4.5516e-02
44 0 +1.156050645e+05 +1.156364345e+05 +1.156364345e+05 +2.8300e+00 +2.3888e+00 -2.7900e+00 +2.7587e+00 -3.5395e+00 -3.5039e+00 +6.5353e-01 +2.1708e+00 -2.7478e+00 -1.5236e+00 -4.7151e-01 -2.8527e+00 +3.9474e+00 +1.3096e+00 -1.9860e+00 +3.1158e+00 +9.0304e-02 +2.6615e+00 -2.7030e+00 +2.8115e+00
% f evaluations | g evaluations | best noise-free fitness - Fopt (-1.000000000000e+03) + sum g_i+ | measured fitness | best measured fitness or single-digit g-values | x1 | x2...
1 0 +3.286849989e+05 +3.276849989e+05 +3.276849989e+05 +0.0000e+00 +0.0000e+00 +0.0000e+00 +0.0000e+00 +0.0000e+00 +0.0000e+00 +0.0000e+00 +0.0000e+00 +0.0000e+00 +0.0000e+00 +0.0000e+00 +0.0000e+00 +0.0000e+00 +0.0000e+00 +0.0000e+00 +0.0000e+00 +0.0000e+00 +0.0000e+00 +0.0000e+00 +0.0000e+00
14 0 +1.929286778e+05 +1.919286778e+05 +1.919286778e+05 +2.3107e+00 +2.4135e+00 -3.6179e+00 +1.0833e+00 +1.4228e+00 -9.9958e-01 -2.2720e-01 -5.4687e-01 +1.0266e+00 +2.5234e+00 +2.3992e+00 -1.2508e+00 -3.0413e+00 +1.0741e+00 -5.4345e-01 +7.0709e-01 +4.6359e-02 +4.4724e+00 +6.3731e-01 +1.8291e+00
27 0 +6.905393560e+04 +6.805393560e+04 +6.805393560e+04 +2.7354e+00 +1.0223e+00 -1.4195e+00 +5.6519e-01 +7.2860e-01 -4.1374e+00 +2.5693e+00 +2.2074e+00 +1.6815e+00 +3.1249e+00 +1.5988e+00 -3.3456e-01 -1.6961e+00 +3.2534e+00 -2.5049e+00 +2.2264e+00 -7.1749e-01 +4.7177e+00 -2.2638e+00 +4.3130e+00
% f evaluations | g evaluations | best noise-free fitness - Fopt (1.319200000000e+02) + sum g_i+ | measured fitness | best measured fitness or single-digit g-values | x1 | x2...
1 0 +1.000870275e+06 +1.001002195e+06 +1.001002195e+06 +0.0000e+00 +0.0000e+00 +0.0000e+00 +0.0000e+00 +0.0000e+00 +0.0000e+00 +0.0000e+00 +0.0000e+00 +0.0000e+00 +0.0000e+00 +0.0000e+00 +0.0000e+00 +0.0000e+00 +0.0000e+00 +0.0000e+00 +0.0000e+00 +0.0000e+00 +0.0000e+00 +0.0000e+00 +0.0000e+00
11 0 +9.621260647e+05 +9.622579847e+05 +9.622579847e+05 +3.1515e+00 -1.5019e+00 -2.0259e-01 -9.6271e-01 +1.0158e+00 +5.0579e-01 -1.7974e+00 +3.1915e+00 +1.3773e+00 +4.5228e-01 +1.3157e+00 +7.1346e-01 -2.1233e+00 +2.1360e+00 -3.7889e+00 +2.3268e+00 +2.2237e+00 +6.7293e+00 -2.4582e+00 -1.8037e+00
13 0 +7.104156601e+05 +7.105475801e+05 +7.105475801e+05 -5.0862e+00 -1.5116e+00 -3.2038e+00 +2.0028e+00 +1.5417e+00 +6.7481e-01 -2.5159e+00 +1.4304e+00 +6.0662e-01 -6.7285e-01 +3.3793e+00 -1.1567e+00 -2.8335e+00 +4.2983e+00 -7.6347e-01 -6.7958e-02 +7.5172e-01 +2.6625e+00 +3.5028e-01 -1.4715e+00
15 0 +4.994371421e+05 +4.995690621e+05 +4.995690621e+05 -3.4698e+00 -9.0136e-01 -1.5020e+00 -1.6540e+00 -1.1396e+00 +1.4540e+00 -6.1721e+00 +4.7541e+00 -2.1684e-01 +1.5946e+00 +5.4215e-02 -1.1031e+00 -3.5792e+00 +1.7368e+00 -1.6735e+00 -2.0545e-01 +1.7947e+00 +1.0370e+00 +1.6562e+00 -2.6703e+00
28 0 +3.609277540e+05 +3.610596740e+05 +3.610596740e+05 -5.8884e+00 -9.1041e-01 -3.9104e+00 +1.2892e+00 +3.9062e+00 -1.3765e+00 -5.1590e+00 +4.2043e+00 -4.1064e-01 +8.7300e-01 +1.9070e+00 -6.9946e-01 -1.0024e+00 +4.9760e+00 +2.6087e+00 -5.7228e-01 +4.7609e+00 +5.4288e+00 -2.6398e+00 +1.5108e-01
38 0 +3.306057140e+05 +3.307376340e+05 +3.307376340e+05 -3.1324e+00 -2.7067e+00 -5.6008e+00 +4.6906e-01 +6.6258e-01 +1.7221e+00 -4.8114e+00 +6.5807e+00 -2.9752e-01 -4.8788e-01 -1.8781e+00 +9.3507e-01 -6.1611e-01 +1.6213e+00 -1.0217e-01 -1.3811e+00 +6.5447e+00 +3.6726e+00 +2.6307e+00 +2.7269e+00
42 0 +3.121377312e+05 +3.122696512e+05 +3.122696512e+05 -3.1975e+00 -2.0041e+00 -2.7512e+00 +6.8762e-01 +2.5136e-01 -3.4681e+00 -8.5450e+00 -5.6638e-01 +8.5899e-01 +3.9175e+00 -1.1021e-01 -1.5183e+00 -2.4642e+00 +6.7949e+00 +3.9240e-02 -2.1176e-01 +2.6723e+00 +4.7629e+00 +1.1900e+00 +1.2636e+00
45 0 +3.057401167e+05 +3.058720367e+05 +3.058720367e+05 -2.3411e+00 -8.7481e-01 -2.7271e+00 +2.2774e+00 +1.1851e+00 +4.0092e+00 -7.2729e+00 +4.8322e+00 +2.6337e-01 +4.7455e+00 +4.1635e-01 +2.5087e+00 -2.4995e+00 +5.4312e+00 +2.5656e-01 -5.6973e-01 +4.5957e+00 +8.2834e+00 -4.0753e-01 +4.8549e-01
% f evaluations | g evaluations | best noise-free fitness - Fopt (5.908400000000e+02) + sum g_i+ | measured fitness | best measured fitness or single-digit g-values | x1 | x2...
1 0 +1.310552413e+05 +1.316460813e+05 +1.316460813e+05 +0.0000e+00 +0.0000e+00 +0.0000e+00 +0.0000e+00 +0.0000e+00 +0.0000e+00 +0.0000e+00 +0.0000e+00 +0.0000e+00 +0.0000e+00 +0.0000e+00 +0.0000e+00 +0.0000e+00 +0.0000e+00 +0.0000e+00 +0.0000e+00 +0.0000e+00 +0.0000e+00 +0.0000e+00 +0.0000e+00
9 0 +1.144969231e+05 +1.150877631e+05 +1.150877631e+05 +7.8748e-01 -3.8123e+00 -1.3959e+00 +8.4012e-01 -1.1091e+00 -8.1451e-02 -4.3508e-01 -9.4539e-01 +3.5316e+00 -3.9032e+00 -8.9627e-01 -3.0275e-01 +2.6357e+00 -1.9243e-01 +2.1798e+00 +4.8694e-01 -3.7334e+00 +2.1740e-01 -7.4128e-01 -7.5321e-02
43 0 +6.570285882e+04 +6.629369882e+04 +6.629369882e+04 +5.9780e-01 +3.3950e-01 -1.6468e+00 -5.3244e-02 +1.2203e-01 +2.9899e+00 -1.4315e+00 +6.7200e-01 +3.0551e+00 +1.7035e+00 +6.4929e-03 -3.4987e+00 +1.4803e+00 +1.1204e-01 -9.8700e-02 +9.7879e-01 -9.1179e+00 -1.4209e+00 +1.6503e-01 +2.2963e+00
