% f evaluations | g evaluations | best noise-free fitness - Fopt (-1.694000000000e+01) + sum g_i+ | measured fitness | best measured fitness or single-digit g-values | x1 | x2...
1 0 +1.581765120e+02 +1.412365120e+02 +1.412365120e+02 +0.0000e+00 +0.0000e+00 +0.0000e+00 +0.0000e+00 +0.0000e+00 +0.0000e+00 +0.0000e+00 +0.0000e+00 +0.0000e+00 +0.0000e+00 +0.0000e+00 +0.0000e+00 +0.0000e+00 +0.0000e+00 +0.0000e+00 +0.0000e+00 +0.0000e+00 +0.0000e+00 +0.0000e+00 +0.0000e+00
3 0 +1.484137497e+02 +1.314737497e+02 +1.314737497e+02 -1.2311e+00 +2.7925e+00 -2.1853e+00 +2.7303e+00 -1.5958e-01 -9.7399e-01 -1.0930e+00 +1.2124e+00 -1.4746e+00 +1.6341e-01 +3.6079e+00 +2.4886e+00 +3.0735e-01 -9.3810e-01 -2.0924e+00 +4.0604e+00 +1.8186e+00 -7.0749e-03 -1.7413e+00 +1.5366e+00
6 0 +9.038770729e+01 +7.344770729e+01 +7.344770729e+01 +1.9699e+00 +2.1170e+00 -1.4853e+00 -2.2725e+00 +2.5152e+00 -1.9581e+00 +1.8031e-01 +1.1753e+00 -2.9147e-01 +3.9205e+00 +1.6652e+00 -8.9704e-01 +1.3084e+00 -1.0511e+00 +2.2182e-01 -4.9219e-01 +2.1458e+00 +3.6831e+00 -2.1883e+00 -1.3981e+00
16 0 +8.837296654e+01 +7.143296654e+01 +7.143296654e+01 +2.7861e-01 +5.3519e-01 -9.8898e-01 -4.1615e-01 -9.2340e-01 -2.3099e+00 +2.6054e+00 +8.0006e-01 -2.2813e+00 -7.7641e-01 +1.7403e+00 +2.9798e+00 +3.2010e+00 -2.3360e+00 +1.1785e+00 -9.5563e-01 +1.1837e+00 +2.1253e+00 -2.0655e-01 +7.5168e-01
19 0 +8.075951833e+01 +6.381951833e+01 +6.381951833e+01 +3.2466e+00 -1.2657e+00 -3.0340e+00 +2.5976e-01 +3.1285e-01 +1.2521e+00 -6.4016e-01 -1.6984e+00 +9.0733e-01 +1.9650e+00 -1.9832e+00 -1.0924e+00 -2.5890e-01 -1.6459e+00 +4.3765e-01 +1.8602e+00 +1.1941e+00 +7.1311e-01 +1.9410e+00 +1.0332e+00
20 0 +6.899029192e+01 +5.205029192e+01 +5.205029192e+01 +4.2490e+00 +4.6809e-01 +1.6036e+00 -1.7467e+00 +1.9657e+00 -1.9919e+00 +2.7902e+00 -1.6599e+00 -2.1599e-01 +3.5773e-01 +5.7028e+00 +5.9304e-01 -2.2588e+00 -4.5001e-01 -1.5092e-01 +2.4939e+00 -1.0826e+00 -2.8920e+00 -2.2396e+00 +4.3848e-01
26 0 +5.981793828e+01 +4.287793828e+01 +4.287793828e+01 +1.1593e+00 -1.8399e+00 +1.0426e+00 -2.1330e+00 +2.8067e-01 -2.0791e+00 +4.8792e+00 -6.8344e-01 -9.8454e-01 -1.8917e-01 +3.4653e+00 -1.5508e+00 -1.8568e+00 -2.5392e-01 +1.1979e+00 +1.8810e+00 -5.6749e-01 -1.2360e+00 +8.1200e-01 +3.8318e+00
44 0 +4.039637690e+01 +2.345637690e+01 +2.345637690e+01 -1.4512e-01 -5.5162e-01 -1.5169e+00 -2.2445e+00 +1.5926e+00 -1.4623e+00 +4.1121e+00 +3.4943e-01 +2.4716e-01 +1.0408e+00 +3.8317e+00 -2.4511e+00 -1.8994e+00 +9.5960e-01 +1.2577e+00 +3.7373e+00 +3.6454e+00 -2.0075e+00 -3.2802e-01 +4.2888e+00
50 0 +3.160412058e+01 +1.466412058e+01 +1.466412058e+01 +7.9338e-01 -9.5067e-01 -2.2107e-01 -1.4911e+00 +2.0570e+00 -5.8235e-01 +3.2857e+00 -7.8964e-01 -3.5281e-01 +1.0011e+00 +2.8582e+00 -1.8353e+00 -1.2925e+00 -5.2989e-01 +1.9121e+00 +2.8020e+00 +1.4883e+00 -5.3980e-01 +1.1212e-01 +3.5939e+00
% f evaluations | g evaluations | best noise-free fitness - Fopt (1.881000000000e+01) + sum g_i+ | measured fitness | best measured fitness or single-digit g-values | x1 | x2...
1 0 +5.562307111e+01 +7.443307111e+01 +7.443307111e+01 +0.0000e+00 +0.0000e+00 +0.0000e+00 +0.0000e+00 +0.0000e+00 +0.0000e+00 +0.0000e+00 +0.0000e+00 +0.0000e+00 +0.0000e+00 +0.0000e+00 +0.0000e+00 +0.0000e+00 +0.0000e+00 +0.0000e+00 +0.0000e+00 +0.0000e+00 +0.0000e+00 +0.0000e+00 +0.0000e+00
34 0 +4.266666589e+01 +6.147666589e+01 +6.147666589e+01 +9.3003e-01 +2.2893e+00 +4.9938e-01 -2.4645e+00 +2.1754e+00 -6.4594e-01 +2.2956e+00 +1.3720e+00 +1.6953e+00 +3.1472e+00 -3.5872e+00 +2.4382e+00 -9.1446e-01 +2.2786e+00 +1.9119e+00 -1.0897e+00 +3.2563e-01 +3.3468e+00 -2.1792e+00 +5.8387e-01
% f evaluations | g evaluations | best noise-free fitness - Fopt (2.731500000000e+02) + sum g_i+ | measured fitness | best measured fitness or single-digit g-values | x1 | x2...
1 0 +2.178320511e+02 +4.909820511e+02 +4.909820511e+02 +0.0000e+00 +0.0000e+00 +0.0000e+00 +0.0000e+00 +0.0000e+00 +0.0000e+00 +0.0000e+00 +0.0000e+00 +0.0000e+00 +0.0000e+00 +0.0000e+00 +0.0000e+00 +0.0000e+00 +0.0000e+00 +0.0000e+00 +0.0000e+00 +0.0000e+00 +0.0000e+00 +0.0000e+00 +0.0000e+00
3 0 +1.426706234e+02 +4.158206234e+02 +4.158206234e+02 -3.5512e+00 -2.4580e+00 -2.3880e-01 +2.2184e+00 +5.9505e-01 -4.0197e-01 -3.8475e+00 +7.9079e-01 -2.3168e-01 +1.8690e+00 -9.4571e-01 -2.0765e+00 +9.3982e-01 -9.8954e-01 -3.9685e+00 -3.1670e+00 +1.8678e+00 +9.1408e-02 +2.0300e+00 +5.3572e-01
5 0 +8.694096569e+01 +3.600909657e+02 +3.600909657e+02 +1.9566e+00 +1.5143e+00 -1.2517e+00 +6.6232e-01 +2.1562e+00 -1.7510e+00 +3.6207e-01 -1.0347e+00 -1.4736e+00 +3.2860e+00 -4.9911e-01 -1.4240e+00 -1.9399e+00 -3.5647e-01 -1.2686e+00 -5.8470e-01 +3.3141e+00 +6.6107e-01 -1.0678e+00 +1.6320e+00
20 0 +7.238888033e+01 +3.455388803e+02 +3.455388803e+02 -2.2394e+00 +3.8519e+00 -1.8912e+00 +3.0471e+00 +8.3133e-01 -4.8714e+00 -9.7535e-01 -7.3647e-01 +9.8482e-01 +3.5663e+00 +9.0159e-02 -3.7230e-01 +8.7876e-02 -1.0844e+00 -2.0919e+00 -3.7886e+00 -9.1804e-02 +5.8879e-01 -2.1328e+00 +2.6807e+00
29 0 +7.044492134e+01 +3.435949213e+02 +3.435949213e+02 +1.0196e+00 +2.0855e+00 -2.7921e+00 +2.3378e+00 +1.5295e+00 -7.2658e-01 -2.0920e+00 -1.2974e+00 -1.8500e+00 +2.8665e+00 -9.3529e-01 +2.1916e+00 +8.1627e-01 +1.5342e+00 -1.0650e+00 -1.6662e+00 +2.0855e+00 -1.8267e+00 -4.5540e+00 +1.1073e-01
50 0 +4.668217143e+01 +3.198321714e+02 +3.198321714e+02 -3.4770e+00 +2.1385e+00 -1.3052e+00 +2.0048e+00 +2.5803e+00 -2.0660e+00 -3.2932e+00 -2.8605e+00 -1.5997e+00 +2.8663e+00 +4.7248e-02 +4.0129e-01 +1.3292e+00 -7.7530e-01 -2.9636e+00 -4.2325e+00 +1.8406e+00 +2.1033e-01 -8.6303e-02 +3.8664e-01
% f evaluations | g evaluations | best noise-free fitness - Fopt (3.718000000000e+01) + sum g_i+ | measured fitness | best measured fitness or single-digit g-values | x1 | x2...
1 0 +4.493569195e+01 +8.211569195e+01 +8.211569195e+01 +0.0000e+00 +0.0000e+00 +0.0000e+00 +0.0000e+00 +0.0000e+00 +0.0000e+00 +0.0000e+00 +0.0000e+00 +0.0000e+00 +0.0000e+00 +0.0000e+00 +0.0000e+00 +0.0000e+00 +0.0000e+00 +0.0000e+00 +0.0000e+00 +0.0000e+00 +0.0000e+00 +0.0000e+00 +0.0000e+00
11 0 +4.448591511e+01 +8.166591511e+01 +8.166591511e+01 -1.3515e+00 +1.6295e+00 -1.5550e-01 -1.7155e+00 -7.0763e-01 -1.4418e+00 -2.2033e-01 +9.0558e-01 -8.3534e-01 -1.8719e+00 +3.0379e-01 -2.1981e+00 +2.6462e+00 +2.7760e+00 +1.2674e+00 -1.2874e+00 +1.2976e+00 +1.8037e+00 -1.4856e+00 -1.3469e-01
20 0 +3.417457027e+01 +7.135457027e+01 +7.135457027e+01 -1.5381e+00 -1.4718e+00 -9.2884e-01 +1.3845e+00 -2.8541e+00 -4.3032e-01 +3.0035e+00 -2.3291e+00 +1.3750e-01 +4.4207e-01 -6.1040e-01 -3.4026e+00 +2.2673e+00 +6.6890e-01 +2.1906e+00 +3.9847e+00 +5.8801e-01 +4.0813e+00 -4.3297e+00 -1.8936e-01
% f evaluations | g evaluations | best noise-free fitness - Fopt (-1.479000000000e+02) + sum g_i+ | measured fitness | best measured fitness or single-digit g-values | x1 | x2...
1 0 +5.545306338e+01 -9.244693662e+01 -9.244693662e+01 +0.0000e+00 +0.0000e+00 +0.0000e+00 +0.0000e+00 +0.0000e+00 +0.0000e+00 +0.0000e+00 +0.0000e+00 +0.0000e+00 +0.0000e+00 +0.0000e+00 +0.0000e+00 +0.0000e+00 +0.0000e+00 +0.0000e+00 +0.0000e+00 +0.0000e+00 +0.0000e+00 +0.0000e+00 +0.0000e+00
21 0 +4.468119429e+01 -1.032188057e+02 -1.032188057e+02 +3.6504e+00 -8.6612e-01 +3.1891e+00 -1.1723e+00 -1.3780e+00 -9.1786e-01 -1.0282e+00 -1.0384e+00 -1.0203e+00 -3.1245e+00 -1.8462e+00 -5.6181e-02 +1.6394e+00 +2.5153e+00 +1.4243e+00 +2.6504e-01 +2.2442e+00 -1.3937e+00 +8.4580e-01 +3.6587e+00
27 0 +4.446352714e+01 -1.034364729e+02 -1.034364729e+02 +7.7154e-01 -2.0396e+00 -2.3993e-01 -5.0698e+00 -2.0303e+00 -1.3029e+00 +4.4061e-01 -1.9664e-01 -2.4173e+00 -7.2682e-01 -2.2824e+00 +2.6219e+00 +1.0543e+00 +4.0809e-01 +2.9377e+00 -9.7941e-01 +2.0272e+00 +1.3766e+00 -1.0805e+00 +4.1391e+00
40 0 +3.655630380e+01 -1.113436962e+02 -1.113436962e+02 +1.3349e-01 -2.6540e+00 +2.4528e+00 -3.7165e+00 +3.4896e-01 -3.4324e-01 -7.0886e-01 -2.2881e+00 -2.3540e+00 -3.9348e-01 -2.4527e+00 +1.1098e+00 +5.3910e-01 +6.4932e-01 +4.3582e+00 +1.7480e+00 +1.2696e+00 +1.5090e-01 +5.0997e-01 +1.0939e+00
50 0 +3.522026491e+01 -1.126797351e+02 -1.126797351e+02 +2.0622e+00 -1.0127e+00 +1.8364e+00 -3.6928e+00 -1.6559e+00 -2.9630e-01 +1.1256e-01 -1.7717e+00 -1.3873e+00 -2.7255e-01 -1.3610e+00 +8.1362e-01 +9.8487e-01 -4.5374e-01 +3.0034e+00 +8.0402e-01 +1.2465e+00 +1.2207e+00 +3.9422e-01 +1.7756e+00
