% f evaluations | g evaluations | best noise-free fitness - Fopt (1.000000000000e+03) + sum g_i+ | measured fitness | best measured fitness or single-digit g-values | x1 | x2...
1 0 +6.423771670e+02 +1.642377167e+03 +1.642377167e+03 +0.0000e+00 +0.0000e+00 +0.0000e+00 +0.0000e+00 +0.0000e+00 +0.0000e+00 +0.0000e+00 +0.0000e+00 +0.0000e+00 +0.0000e+00 +0.0000e+00 +0.0000e+00 +0.0000e+00 +0.0000e+00 +0.0000e+00 +0.0000e+00 +0.0000e+00 +0.0000e+00 +0.0000e+00 +0.0000e+00
10 0 +4.623989046e+02 +1.462398905e+03 +1.462398905e+03 -3.1907e+00 +2.0529e+00 -6.2786e-01 +2.8900e+00 -1.8155e+00 -2.3058e+00 -1.2056e+00 +2.7243e+00 +1.4625e+00 -1.2854e+00 -2.4896e+00 -1.7880e+00 -2.5672e+00 +1.1544e+00 -1.8709e+00 +2.3122e+00 +3.4434e+00 +1.3667e+00 -1.1969e+00 -1.6932e+00
50 0 +3.863406295e+02 +1.386340630e+03 +1.386340630e+03 -1.3109e+00 +2.1633e+00 +1.6085e+00 +2.9423e+00 +3.6934e-01 -9.0759e-01 -1.7786e+00 +1.0421e+00 +2.9260e-01 +4.8374e-02 -2.5707e+00 -1.1766e+00 -1.7872e+00 -6.9672e-01 -1.3781e-01 +5.6137e-01 +2.0359e+00 +2.9280e-01 -3.0446e+00 +1.8806e+00
% f evaluations | g evaluations | best noise-free fitness - Fopt (7.003000000000e+01) + sum g_i+ | measured fitness | best measured fitness or single-digit g-values | x1 | x2...
1 0 +7.420924595e+02 +8.121224595e+02 +8.121224595e+02 +0.0000e+00 +0.0000e+00 +0.0000e+00 +0.0000e+00 +0.0000e+00 +0.0000e+00 +0.0000e+00 +0.0000e+00 +0.0000e+00 +0.0000e+00 +0.0000e+00 +0.0000e+00 +0.0000e+00 +0.0000e+00 +0.0000e+00 +0.0000e+00 +0.0000e+00 +0.0000e+00 +0.0000e+00 +0.0000e+00
2 0 +4.535806989e+02 +5.236106989e+02 +5.236106989e+02 +1.1911e+00 -2.2845e+00 -8.6895e-01 -2.3697e+00 -1.9982e+00 -8.3037e-01 -7.6256e-01 -1.6731e-01 -2.2934e+00 -1.0183e+00 +5.1957e-01 -1.6010e+00 +1.6804e+00 -5.9183e-01 -4.1345e+00 -2.2799e+00 -6.1778e-01 +2.9997e+00 -3.1487e+00 +2.2233e+00
50 0 +4.464374574e+02 +5.164674574e+02 +5.164674574e+02 -1.9094e+00 -2.5217e+00 -2.8139e-01 +1.4607e+00 -1.3687e+00 -1.6331e+00 -5.1379e-01 +2.4709e-01 -2.8515e-01 -5.9001e-01 +2.8007e-01 -1.1750e+00 +3.7633e+00 -2.2237e+00 -2.5486e+00 -8.9815e-01 -1.8592e+00 +4.0890e+00 -4.5053e+00 +4.3765e-01
% f evaluations | g evaluations | best noise-free fitness - Fopt (-4.822000000000e+01) + sum g_i+ | measured fitness | best measured fitness or single-digit g-values | x1 | x2...
1 0 +9.669989686e+02 +9.187789686e+02 +9.187789686e+02 +0.0000e+00 +0.0000e+00 +0.0000e+00 +0.0000e+00 +0.0000e+00 +0.0000e+00 +0.0000e+00 +0.0000e+00 +0.0000e+00 +0.0000e+00 +0.0000e+00 +0.0000e+00 +0.0000e+00 +0.0000e+00 +0.0000e+00 +0.0000e+00 +0.0000e+00 +0.0000e+00 +0.0000e+00 +0.0000e+00
24 0 +8.496099672e+02 +8.013899672e+02 +8.013899672e+02 +2.2890e-01 +1.7762e+00 -3.9093e-01 -2.0137e+00 -1.8061e+00 -1.3720e+00 -2.4815e+00 -4.1187e-01 +2.2246e+00 +1.0770e+00 -2.1686e+00 -2.6464e+00 -1.0975e+00 +4.9338e-01 -3.8392e+00 -4.0424e+00 +1.6301e+00 -1.2752e+00 -1.3471e+00 +3.2966e-01
28 0 +7.960067109e+02 +7.477867109e+02 +7.477867109e+02 -2.2021e-01 -2.8271e-01 -5.2249e-01 -1.5465e+00 -5.4771e+00 -1.1341e+00 -2.0734e+00 +2.5819e-01 +2.0044e+00 -2.1495e+00 -2.2102e+00 -1.1487e+00 -2.6771e+00 +2.4031e+00 -2.0135e+00 -6.5645e-01 -2.3444e+00 +7.0771e-01 -2.2717e+00 +5.6613e-01
32 0 +7.472788856e+02 +6.990588856e+02 +6.990588856e+02 -1.6622e+00 +2.7065e+00 +1.3161e-01 -1.4997e+00 -2.2841e+00 -3.4931e-01 +5.0134e-01 +7.3428e-01 +8.2476e-01 +1.5971e+00 -1.7299e+00 -1.3553e+00 -2.8974e+00 +4.9052e-01 -1.0002e+00 -3.9623e+00 +9.8821e-02 +1.3536e+00 -3.3859e-01 +1.3429e+00
42 0 +5.693939668e+02 +5.211739668e+02 +5.211739668e+02 -4.1258e-01 -1.5818e-01 -5.1110e-01 -1.4428e+00 -3.4155e+00 +1.2362e+00 +5.5767e-01 -1.6684e+00 -6.2796e-01 +2.7240e-01 -5.5616e-01 -2.8921e-01 -2.7861e+00 +3.6866e+00 -3.1933e+00 -2.5701e-01 +2.7603e-02 +1.5963e+00 -1.4575e+00 +1.9075e+00
47 0 +4.969426818e+02 +4.487226818e+02 +4.487226818e+02 -1.1789e+00 -2.7437e+00 +9.6398e-01 -1.4496e+00 -1.7477e+00 -1.4920e-01 -2.0007e+00 +9.9370e-01 -1.5076e-01 +3.1244e+00 +2.2042e+00 -1.7645e+00 -2.7302e+00 +2.1617e+00 -2.3535e+00 -3.6264e+00 -3.0663e+00 +4.1829e-01 -1.9322e+00 +1.6677e+00
50 0 +4.546584588e+02 +4.064384588e+02 +4.064384588e+02 -3.3717e-01 -1.3148e+00 -1.2112e-01 -1.5150e+00 -3.2012e+00 +2.3349e-01 -6.6149e-01 +5.7540e-01 +2.1568e-01 +2.0790e+00 +3.7316e-01 -1.8088e+00 -2.6596e+00 +2.1810e+00 -2.3652e+00 -2.2502e+00 -1.5665e+00 +9.9320e-01 -1.0763e+00 +2.2158e+00
% f evaluations | g evaluations | best noise-free fitness - Fopt (2.547000000000e+01) + sum g_i+ | measured fitness | best measured fitness or single-digit g-values | x1 | x2...
1 0 +1.228006449e+03 +1.253476449e+03 +1.253476449e+03 +0.0000e+00 +0.0000e+00 +0.0000e+00 +0.0000e+00 +0.0000e+00 +0.0000e+00 +0.0000e+00 +0.0000e+00 +0.0000e+00 +0.0000e+00 +0.0000e+00 +0.0000e+00 +0.0000e+00 +0.0000e+00 +0.0000e+00 +0.0000e+00 +0.0000e+00 +0.0000e+00 +0.0000e+00 +0.0000e+00
3 0 +8.166290234e+02 +8.420990234e+02 +8.420990234e+02 -1.5909e-01 +2.4008e+00 -2.1430e+00 -1.8394e-01 +1.0051e+00 +2.2186e+00 -1.2470e+00 -3.8926e-01 +4.1071e+00 -1.0014e+00 +3.0157e+00 -3.7112e+00 -7.5343e-01 +2.4512e+00 -5.5834e-01 -4.2084e+00 +2.0027e+00 +1.3696e+00 -8.2752e-01 +3.8951e-01
9 0 +5.309010812e+02 +5.563710812e+02 +5.563710812e+02 -9.0711e-01 -1.9388e+00 +3.3364e-01 -5.2262e-01 -1.4469e+00 +3.3567e+00 -6.8000e-01 +8.1054e-01 +2.7493e+00 +1.0588e-01 -5.6194e-01 -1.4604e+00 -1.0265e+00 +2.2481e-01 +1.8587e+00 -3.1175e-01 +2.0174e+00 +5.9239e-01 -5.4334e-01 -4.3726e+00
15 0 +5.106835936e+02 +5.361535936e+02 +5.361535936e+02 -4.3055e+00 +9.0180e-01 -5.5882e-01 +9.5212e-01 +4.7519e-01 +4.3254e+00 -3.1899e+00 -2.0909e-01 +1.0473e+00 -7.3274e-01 +8.8919e-01 -1.4950e+00 -3.3585e-01 +4.9674e-01 +1.0039e+00 -1.2613e+00 +5.6674e-01 +2.2097e+00 -6.2414e-01 -8.9362e-01
24 0 +3.715021753e+02 +3.969721753e+02 +3.969721753e+02 -3.2717e+00 -1.7126e+00 -1.6168e+00 -1.1782e+00 +6.5156e-01 +1.0189e+00 -8.2760e-01 +1.1038e+00 +2.0277e+00 +1.2304e+00 -6.7938e-01 -3.6376e+00 +9.3976e-01 +2.1952e+00 +4.5581e+00 -3.2891e+00 +1.5910e+00 +2.0149e+00 +9.4295e-01 +9.1981e-01
50 0 +3.134894336e+02 +3.389594336e+02 +3.389594336e+02 -4.2889e+00 -1.9774e+00 +9.4924e-01 -1.0808e+00 -2.1864e+00 +1.4491e+00 -2.9787e+00 -2.3460e-01 +2.0807e+00 -1.8687e+00 -1.6706e-01 -3.1917e+00 +5.0886e-01 +5.2456e-01 +1.4894e+00 -3.0659e+00 +7.1408e-01 +1.4978e+00 -1.9797e-01 -1.4554e+00
% f evaluations | g evaluations | best noise-free fitness - Fopt (-1.008100000000e+02) + sum g_i+ | measured fitness | best measured fitness or single-digit g-values | x1 | x2...
1 0 +6.498547399e+02 +5.490447399e+02 +5.490447399e+02 +0.0000e+00 +0.0000e+00 +0.0000e+00 +0.0000e+00 +0.0000e+00 +0.0000e+00 +0.0000e+00 +0.0000e+00 +0.0000e+00 +0.0000e+00 +0.0000e+00 +0.0000e+00 +0.0000e+00 +0.0000e+00 +0.0000e+00 +0.0000e+00 +0.0000e+00 +0.0000e+00 +0.0000e+00 +0.0000e+00
14 0 +5.951650352e+02 +4.943550352e+02 +4.943550352e+02 +5.3410e-01 +2.0434e+00 -1.3582e+00 +2.1235e+00 +1.8782e+00 +1.1250e+00 +2.1826e+00 +1.6005e+00 -4.3388e+00 -3.8289e+00 -5.0281e+00 -5.1594e-01 +1.7479e+00 -6.2645e-01 +3.6094e+00 +4.0085e+00 +4.8514e+00 +8.6338e-01 -2.7517e+00 -2.0232e+00
18 0 +5.722276664e+02 +4.714176664e+02 +4.714176664e+02 +1.3883e+00 -2.1114e+00 -8.7129e-01 -1.9942e-01 +2.6475e+00 -1.2959e+00 -8.5242e-02 -1.8241e+00 -2.1525e+00 -3.9890e+00 -2.2615e+00 -4.2216e+00 +7.5015e-02 -1.3176e+00 -1.3890e+00 +2.4565e+00 -1.0859e+00 +5.7456e-01 -2.4056e+00 +2.0941e+00
27 0 +4.912013390e+02 +3.903913390e+02 +3.903913390e+02 -5.5412e-01 +1.9972e+00 +1.9961e+00 -4.4276e-02 +1.7450e+00 +8.0135e-01 +4.0649e+00 -9.0683e-01 -4.5810e+00 -3.8597e+00 -4.3433e+00 -3.6498e+00 +7.6872e-01 -6.9844e-01 -1.1106e+00 +9.3034e-01 +1.7668e+00 -4.3232e-01 -5.2618e+00 +2.3333e+00
33 0 +3.781840063e+02 +2.773740063e+02 +2.773740063e+02 +1.1721e+00 +1.2246e+00 -3.5283e-02 +6.9329e-01 +3.3719e+00 +1.3716e-01 +1.2669e+00 +1.2398e+00 -5.5864e-01 -1.3664e+00 -7.4388e-01 -4.0217e+00 -4.8372e-01 -7.1887e-01 -1.1163e+00 +3.8809e+00 -1.8356e+00 +1.6570e-01 -5.6148e-01 +1.3163e+00
50 0 +3.128234481e+02 +2.120134481e+02 +2.120134481e+02 +1.2943e+00 +1.2775e+00 +6.8666e-01 -9.6244e-02 +3.1799e+00 +1.0643e+00 +1.6089e+00 +5.5775e-01 -1.4231e+00 -2.2726e+00 -2.9335e+00 -4.3930e+00 +9.0801e-01 -1.0804e+00 -3.3763e-01 +2.1635e+00 +1.8973e+00 -4.2929e-01 -2.2952e+00 +1.6852e+00
