% f evaluations | g evaluations | best noise-free fitness - Fopt (9.294000000000e+01) + sum g_i+ | measured fitness | best measured fitness or single-digit g-values | x1 | x2...
1 0 +1.756574751e+03 +1.849514751e+03 +1.849514751e+03 +0.0000e+00 +0.0000e+00 +0.0000e+00 +0.0000e+00 +0.0000e+00 +0.0000e+00 +0.0000e+00 +0.0000e+00 +0.0000e+00 +0.0000e+00 +0.0000e+00 +0.0000e+00 +0.0000e+00 +0.0000e+00 +0.0000e+00 +0.0000e+00 +0.0000e+00 +0.0000e+00 +0.0000e+00 +0.0000e+00
9 0 +1.689721459e+03 +1.782661459e+03 +1.782661459e+03 +4.0067e-01 -2.0802e-02 -3.0680e+00 -6.0119e-02 +9.8772e-01 +1.0734e+00 +9.1979e-01 +1.9985e-01 -1.9313e+00 -1.1628e+00 +4.5991e+00 -1.5154e+00 +4.4547e+00 -3.7236e+00 +1.9519e+00 +2.3625e+00 +1.4802e+00 +1.4094e+00 -1.3645e-01 -1.7147e+00
19 0 +1.610340771e+03 +1.703280771e+03 +1.703280771e+03 +2.5378e+00 -3.3708e-01 -2.3699e+00 +2.0501e+00 -3.0063e+00 +1.5879e+00 +1.6966e+00 +2.0667e-01 +1.2048e+00 -3.2603e+00 +3.6466e+00 +2.4254e+00 +1.2670e+00 -2.4225e+00 +7.9611e-01 +1.6961e+00 +1.9065e+00 -7.9859e-01 -2.7933e+00 -3.5860e-01
22 0 +1.184975551e+03 +1.277915551e+03 +1.277915551e+03 +1.3624e+00 +8.0589e-01 -6.8855e-01 +3.1862e+00 -2.5967e+00 +2.1656e+00 +2.3493e+00 -5.8864e-01 +4.1278e+00 -9.3797e-01 +7.9771e-01 -1.3852e+00 +5.8789e-01 -1.8378e+00 -2.5049e+00 +1.7318e+00 -1.1862e-01 +4.3506e+00 -1.6259e+00 -9.6150e-01
23 0 +1.025459708e+03 +1.118399708e+03 +1.118399708e+03 +2.5549e+00 -9.2376e-01 +1.7308e-02 +1.0747e+00 +4.2338e-01 +2.4256e+00 +1.1449e+00 +2.3754e-01 -9.3630e-01 -3.4105e+00 +2.6084e+00 -4.5716e-01 +4.2519e-01 -2.5731e+00 +1.7057e+00 +2.1774e+00 +3.9779e+00 -1.6938e+00 +5.4380e-01 -9.0962e-01
33 0 +9.852535643e+02 +1.078193564e+03 +1.078193564e+03 +4.1165e+00 -8.0645e-02 -9.3749e-01 +3.8442e+00 +2.2486e+00 +1.5971e+00 -3.7129e-01 -1.4330e+00 +3.2823e+00 -1.5520e+00 +5.7386e+00 -8.3194e-02 -3.5224e-01 -3.8553e+00 -1.3161e-01 +2.6147e+00 +1.6833e+00 +5.0096e-01 -3.1199e+00 +4.2244e-01
38 0 +7.708553113e+02 +8.637953113e+02 +8.637953113e+02 +3.6696e-02 -5.5175e-01 -2.1433e+00 +4.5966e+00 -6.4065e-02 +7.4591e-01 +3.2628e-01 +9.1344e-01 +5.3915e+00 -9.8145e-01 -8.1506e-02 -1.3799e+00 +1.7957e+00 +3.7791e-01 +1.2223e+00 -6.2147e-01 +4.5729e-02 -2.0369e+00 -1.6971e+00 -3.7759e-01
% f evaluations | g evaluations | best noise-free fitness - Fopt (3.535000000000e+01) + sum g_i+ | measured fitness | best measured fitness or single-digit g-values | x1 | x2...
1 0 +2.653243133e+03 +2.688593133e+03 +2.688593133e+03 +0.0000e+00 +0.0000e+00 +0.0000e+00 +0.0000e+00 +0.0000e+00 +0.0000e+00 +0.0000e+00 +0.0000e+00 +0.0000e+00 +0.0000e+00 +0.0000e+00 +0.0000e+00 +0.0000e+00 +0.0000e+00 +0.0000e+00 +0.0000e+00 +0.0000e+00 +0.0000e+00 +0.0000e+00 +0.0000e+00
3 0 +1.525905194e+03 +1.561255194e+03 +1.561255194e+03 +7.6634e-01 -1.9247e+00 -4.9770e-01 -1.2356e+00 -8.2655e-01 -2.6737e+00 +3.4980e+00 -1.2208e-01 +1.2201e+00 -2.9312e+00 -4.7126e-01 -1.1696e+00 +2.7082e+00 +2.0004e+00 -7.8873e-01 +7.3225e+00 -1.5383e+00 +9.6406e-01 +1.0633e+00 +2.3891e+00
15 0 +1.220026393e+03 +1.255376393e+03 +1.255376393e+03 -3.0038e-01 -2.2738e+00 +3.1262e+00 +8.8446e-01 +2.8195e+00 -2.1495e-01 -4.1675e-01 -2.1196e+00 -2.5562e+00 -3.7498e+00 -3.1111e+00 +1.2407e-01 +4.6658e+00 +3.6489e+00 +5.0266e-01 +5.6930e+00 +6.9678e-01 +9.9071e-01 +2.6317e+00 -3.0297e+00
16 0 +1.091499801e+03 +1.126849801e+03 +1.126849801e+03 +3.7549e-01 +7.0873e-01 +3.1389e+00 +5.0149e-01 -1.4361e+00 -2.0798e+00 -9.6144e-01 -4.1375e-01 +4.3000e+00 +2.8958e-01 +1.5999e+00 -1.0729e+00 +2.1282e+00 +1.1088e+00 -5.8996e+00 +8.0944e-02 -1.8207e+00 +8.4178e-01 +2.3447e+00 +4.8948e+00
27 0 +9.946960058e+02 +1.030046006e+03 +1.030046006e+03 +3.0330e+00 -3.4816e+00 +3.4486e+00 -2.4286e+00 +3.0519e+00 -3.2191e+00 -3.0207e+00 +3.9798e-01 +1.4116e+00 -1.7093e+00 +5.5820e-01 -5.6363e+00 +1.1079e+00 +2.9209e+00 -1.1909e+00 +4.1944e+00 +3.8795e+00 -2.2896e+00 +4.4186e+00 -4.4052e+00
32 0 +7.360191368e+02 +7.713691368e+02 +7.713691368e+02 +9.1970e-01 +1.3382e+00 +6.2864e-01 +5.8022e-01 -1.4314e+00 -1.7884e+00 +2.0701e+00 -9.7419e-01 +3.6808e+00 -2.6483e+00 -4.2730e-01 -3.7844e+00 +2.7328e+00 -1.6448e-01 -3.1713e+00 +3.3347e+00 +1.9279e+00 -3.3930e+00 +2.0171e+00 +8.0612e-01
42 0 +6.861545767e+02 +7.215045767e+02 +7.215045767e+02 +3.7682e+00 +2.7921e-01 +3.2710e+00 +1.2711e-01 -5.5663e-01 -9.7342e-01 -8.6444e-02 +9.9572e-01 +1.3689e+00 +6.3728e-01 -1.8372e+00 -1.0618e+00 +4.9290e+00 +4.9331e-01 +8.2663e-01 +8.6410e+00 +1.4371e+00 +1.8679e-01 +3.4751e+00 -8.5991e-01
49 0 +5.973922028e+02 +6.327422028e+02 +6.327422028e+02 +2.6317e+00 -1.6031e+00 +8.6505e-01 +1.5572e+00 -2.6531e+00 -4.5377e+00 +7.2751e-01 -1.2577e+00 +4.8570e+00 -1.6276e+00 +4.7816e-01 +8.9489e-01 +3.2635e+00 -6.0711e-01 -3.9797e+00 +5.7790e+00 +3.2245e+00 +1.7041e+00 +3.0324e+00 +1.2550e+00
% f evaluations | g evaluations | best noise-free fitness - Fopt (3.820000000000e+00) + sum g_i+ | measured fitness | best measured fitness or single-digit g-values | x1 | x2...
1 0 +7.959996499e+02 +7.998196499e+02 +7.998196499e+02 +0.0000e+00 +0.0000e+00 +0.0000e+00 +0.0000e+00 +0.0000e+00 +0.0000e+00 +0.0000e+00 +0.0000e+00 +0.0000e+00 +0.0000e+00 +0.0000e+00 +0.0000e+00 +0.0000e+00 +0.0000e+00 +0.0000e+00 +0.0000e+00 +0.0000e+00 +0.0000e+00 +0.0000e+00 +0.0000e+00
3 0 +5.235468574e+02 +5.273668574e+02 +5.273668574e+02 +2.1334e+00 -1.7137e+00 +1.6487e+00 +1.5817e+00 +1.9503e+00 -1.5071e+00 -1.8594e-01 -1.3416e-02 -1.7534e+00 -1.7891e+00 +1.4560e+00 +2.1442e-01 -1.6049e+00 -1.5665e+00 -2.6369e+00 -3.1607e+00 +1.6768e+00 +1.7369e+00 +1.1487e+00 +2.4694e+00
32 0 +4.879377230e+02 +4.917577230e+02 +4.917577230e+02 +1.4712e+00 +1.5482e+00 +2.5369e+00 -3.1720e+00 +7.7604e-01 -1.6695e+00 -4.5396e-01 +1.0454e+00 +2.3061e+00 +2.3256e+00 -2.6395e-02 +3.2685e+00 +2.9585e-01 -5.2935e+00 -5.6781e-01 -1.9737e+00 -9.0403e-02 +1.5053e+00 -4.9650e-01 +1.4273e-01
45 0 +2.569543143e+02 +2.607743143e+02 +2.607743143e+02 +2.5511e+00 -4.3693e-01 +3.3755e+00 -4.4317e+00 -2.4661e+00 +1.0196e+00 +2.4305e+00 +2.7753e-01 +2.9241e-01 -2.9337e+00 +9.0815e-01 +3.0227e-01 +1.1999e-02 -2.0739e+00 -4.5364e-01 +3.4791e+00 +1.7363e+00 +1.6663e+00 -5.5302e-01 +8.8229e-01
% f evaluations | g evaluations | best noise-free fitness - Fopt (2.175000000000e+01) + sum g_i+ | measured fitness | best measured fitness or single-digit g-values | x1 | x2...
1 0 +1.198388697e+03 +1.220138697e+03 +1.220138697e+03 +0.0000e+00 +0.0000e+00 +0.0000e+00 +0.0000e+00 +0.0000e+00 +0.0000e+00 +0.0000e+00 +0.0000e+00 +0.0000e+00 +0.0000e+00 +0.0000e+00 +0.0000e+00 +0.0000e+00 +0.0000e+00 +0.0000e+00 +0.0000e+00 +0.0000e+00 +0.0000e+00 +0.0000e+00 +0.0000e+00
16 0 +1.093443267e+03 +1.115193267e+03 +1.115193267e+03 +1.6610e+00 -2.3526e-01 +1.4897e+00 -5.0088e+00 +1.1459e+00 +3.0074e-01 -2.5073e+00 -2.4254e+00 -2.2613e-01 -3.9616e+00 +1.5211e+00 -1.9389e-01 +2.0606e+00 -7.9371e-02 -1.0980e+00 +7.0768e-01 -1.8720e+00 -2.5655e-01 -3.1933e+00 +2.0510e+00
27 0 +9.167909154e+02 +9.385409154e+02 +9.385409154e+02 +1.5946e+00 -1.8282e+00 +1.1531e+00 -6.2023e+00 -1.4021e+00 -1.3798e+00 +2.6120e+00 -3.2753e-01 -9.2172e-02 +1.5599e+00 +2.5751e+00 -1.0865e+00 -4.3757e-01 -9.0792e-01 +2.9475e-02 +3.1197e+00 +4.0123e-01 +8.4750e-02 -1.2013e+00 +6.5084e-01
28 0 +6.454220821e+02 +6.671720821e+02 +6.671720821e+02 -2.2049e+00 -1.8266e+00 +4.4713e+00 -4.3036e+00 +1.3460e+00 +1.1158e-01 +3.2834e+00 +7.0118e-01 +4.0879e-01 +1.1012e+00 +6.5205e-01 +2.8945e+00 +8.3219e-01 +2.5723e+00 -7.1476e-01 -4.7560e-01 +1.8540e+00 +2.4243e-01 -3.0921e+00 -6.2039e-01
43 0 +5.730010096e+02 +5.947510096e+02 +5.947510096e+02 -1.6739e+00 -2.9969e+00 +3.1161e+00 -5.5296e+00 -7.2451e-01 -1.8747e+00 +1.4776e+00 +1.9838e+00 +3.0692e+00 +1.8115e+00 +4.3203e+00 +2.0903e+00 -3.2999e-02 +3.2043e+00 +2.3667e+00 +7.9988e-01 -1.0693e+00 +1.7339e+00 -4.9675e+00 -1.5052e-01
46 0 +4.552324073e+02 +4.769824073e+02 +4.769824073e+02 -8.3287e-01 -2.2852e+00 +1.4695e+00 -2.6252e+00 +4.8854e-01 +1.7933e+00 +1.2193e+00 -8.1853e-01 +2.0152e+00 +3.6489e+00 +4.7732e+00 -1.3486e+00 +1.6871e+00 +3.7335e+00 +1.2238e+00 -9.7660e-01 -1.5971e+00 +1.9155e+00 -1.9517e+00 -2.7579e+00
% f evaluations | g evaluations | best noise-free fitness - Fopt (6.479000000000e+01) + sum g_i+ | measured fitness | best measured fitness or single-digit g-values | x1 | x2...
1 0 +8.307298063e+02 +8.955198063e+02 +8.955198063e+02 +0.0000e+00 +0.0000e+00 +0.0000e+00 +0.0000e+00 +0.0000e+00 +0.0000e+00 +0.0000e+00 +0.0000e+00 +0.0000e+00 +0.0000e+00 +0.0000e+00 +0.0000e+00 +0.0000e+00 +0.0000e+00 +0.0000e+00 +0.0000e+00 +0.0000e+00 +0.0000e+00 +0.0000e+00 +0.0000e+00
11 0 +7.295176123e+02 +7.943076123e+02 +7.943076123e+02 -9.9948e-01 -8.7025e-01 -1.5446e+00 +1.0481e-01 +1.8337e-01 -1.4329e+00 +4.4221e-01 -3.5843e-01 -6.2650e-01 +4.0355e+00 -6.7508e-01 -1.3252e+00 +1.9637e+00 -7.1060e-01 +1.5622e+00 +1.1918e+00 -2.3638e+00 +4.4357e+00 -2.4838e+00 +1.6981e+00
15 0 +4.359006472e+02 +5.006906472e+02 +5.006906472e+02 -1.6310e+00 -2.5613e-01 -1.7028e-01 +2.3656e+00 +1.6227e+00 -1.6983e+00 -1.1472e+00 -1.6529e+00 -4.0535e+00 +1.6744e+00 +6.4567e-03 -4.0468e+00 -5.8154e-01 -1.5923e+00 -1.4134e+00 +2.0518e+00 +1.6206e-01 -8.1009e-01 -2.1389e+00 +1.3468e+00
16 0 +4.077800005e+02 +4.725700005e+02 +4.725700005e+02 +1.8300e+00 -1.3783e+00 -1.6815e-01 +5.7087e-01 +1.9190e+00 -2.9378e+00 -8.0476e-01 +5.3076e-01 -4.1361e-01 -3.8414e-01 +2.1735e+00 -3.0455e+00 +4.8754e-01 +2.6332e+00 -2.7895e-03 +1.7128e+00 +2.0861e+00 +9.5638e-01 +1.0827e+00 +2.0102e+00
33 0 +3.609510480e+02 +4.257410480e+02 +4.257410480e+02 -2.5471e+00 +1.7583e+00 -1.0828e-01 +2.0585e-01 -5.3713e-01 -1.4024e+00 -6.9019e-01 +3.5406e-01 -2.8471e+00 +5.4035e-01 +4.9968e-01 -4.6859e+00 -5.5751e-01 -4.1336e-01 +1.2796e+00 +1.5833e+00 -6.0838e-01 -2.2955e-01 -1.0602e+00 -9.7373e-01
44 0 +3.051557261e+02 +3.699457261e+02 +3.699457261e+02 -1.1614e+00 -6.3501e-01 -3.0367e+00 +2.3461e+00 +2.1407e+00 -1.7738e+00 -2.7953e+00 -1.2723e+00 -3.6779e+00 +9.6614e-01 +2.6476e+00 -3.6873e+00 +1.5068e+00 +5.8976e-01 +1.2883e+00 +2.1530e-01 +5.8820e-01 +8.6192e-01 -2.2219e+00 -1.8075e+00
