% f evaluations | g evaluations | best noise-free fitness - Fopt (1.000000000000e+03) + sum g_i+ | measured fitness | best measured fitness or single-digit g-values | x1 | x2...
1 0 +3.071729850e+02 +1.307172985e+03 +1.307172985e+03 +0.0000e+00 +0.0000e+00 +0.0000e+00 +0.0000e+00 +0.0000e+00 +0.0000e+00 +0.0000e+00 +0.0000e+00 +0.0000e+00 +0.0000e+00
9 0 +2.271596971e+02 +1.227159697e+03 +1.227159697e+03 +1.0752e+00 +2.4562e+00 +2.4344e+00 -2.5123e+00 +1.0371e+00 -1.4453e+00 -8.7294e-01 +1.2259e+00 +4.7907e-01 +3.4526e-01
18 0 +2.007233447e+02 +1.200723345e+03 +1.200723345e+03 -8.1561e-01 +9.2647e-01 +2.6368e+00 +1.1833e+00 -1.6160e+00 -5.4422e+00 +8.8779e-01 +3.1779e+00 -1.6778e+00 +6.2616e-01
40 0 +1.461690140e+02 +1.146169014e+03 +1.146169014e+03 +9.3981e-01 +2.8636e+00 +3.0999e+00 +5.9697e-01 +2.1698e+00 -2.8617e+00 -1.3380e+00 -7.6514e-01 -1.3833e+00 +1.6468e+00
54 0 +1.358930696e+02 +1.135893070e+03 +1.135893070e+03 +1.0724e+00 +2.5666e+00 +3.5652e+00 -1.4064e-01 +2.1722e+00 -2.6058e+00 -1.2326e+00 +4.6326e-01 -5.5958e-01 +8.0583e-01
127 0 +1.254306366e+02 +1.125430637e+03 +1.125430637e+03 -2.8214e+00 +2.9416e+00 +3.8467e+00 +2.4916e+00 +1.8108e+00 -4.2199e+00 -1.0165e+00 -7.9781e-01 -3.3707e+00 +2.5137e-01
145 0 +1.226974709e+02 +1.122697471e+03 +1.122697471e+03 -4.2149e+00 +2.0114e+00 +3.5817e+00 +4.8895e+00 +1.3600e+00 -3.8733e+00 -7.9890e-01 -8.0701e-02 -2.0996e+00 +1.1878e-02
156 0 +9.618678399e+01 +1.096186784e+03 +1.096186784e+03 -2.8228e+00 +1.6852e+00 +4.4309e+00 +2.4561e+00 +2.4108e+00 -4.4918e+00 -6.6716e-01 -7.1666e-01 -2.0259e+00 -1.5317e+00
241 0 +7.457234228e+01 +1.074572342e+03 +1.074572342e+03 -4.3247e+00 +2.6443e+00 +2.0827e+00 +4.9238e+00 +2.4368e+00 -4.4494e+00 -1.0912e+00 +3.3540e-01 -2.0676e+00 -2.2763e-01
