% f evaluations | g evaluations | best noise-free fitness - Fopt (-2.098800000000e+02) + sum g_i+ | measured fitness | best measured fitness or single-digit g-values | x1 | x2...
1 0 +1.100943907e+07 +1.100922919e+07 +1.100922919e+07 +0.0000e+00 +0.0000e+00 +0.0000e+00 +0.0000e+00 +0.0000e+00 +0.0000e+00 +0.0000e+00 +0.0000e+00 +0.0000e+00 +0.0000e+00 +0.0000e+00 +0.0000e+00 +0.0000e+00 +0.0000e+00 +0.0000e+00 +0.0000e+00 +0.0000e+00 +0.0000e+00 +0.0000e+00 +0.0000e+00
3 0 +6.858834592e+06 +6.858624712e+06 +6.858624712e+06 -1.8862e+00 -4.4648e+00 +3.4003e-01 -3.0795e+00 +1.1505e+00 +5.7489e-01 -5.4813e-01 +1.0944e-02 +6.8764e-01 +1.5861e-01 -1.9229e-01 +1.6995e+00 -1.8262e+00 -3.7120e-01 -5.9601e-01 +2.1826e+00 +8.3506e-01 +5.1219e+00 -1.2915e+00 +8.2245e-01
6 0 +6.004267766e+06 +6.004057886e+06 +6.004057886e+06 -2.5154e+00 -4.1396e-01 -5.5675e-01 +1.1303e+00 +1.1534e+00 +3.4408e+00 +1.9950e+00 +4.8157e+00 +2.0055e+00 +1.9847e+00 -1.0715e+00 +2.4956e+00 -3.5634e+00 -5.6389e-01 -3.7303e-01 +4.5311e-01 -2.2690e+00 +5.1716e+00 -1.2419e+00 +3.9635e-01
8 0 +5.503841645e+06 +5.503631765e+06 +5.503631765e+06 +3.0448e+00 +5.4171e-01 -7.8050e+00 +1.2737e-01 +1.3667e+00 -5.2215e-01 +4.5011e+00 -1.2365e+00 -1.2719e-01 -4.2043e-01 -1.7223e+00 -1.3123e+00 +3.5960e+00 +7.3002e-01 -4.0871e+00 -2.0529e+00 +1.5296e-01 +2.6923e+00 -3.3050e+00 +1.0288e-01
14 0 +2.342223443e+06 +2.342013563e+06 +2.342013563e+06 +1.7314e+00 +1.2918e-01 -1.0877e+00 -8.2750e-01 +1.9083e+00 -2.0757e+00 -4.1770e-01 +2.7645e+00 -2.4565e+00 -2.8956e+00 -1.8307e+00 -7.3842e-01 +2.4218e+00 -4.8191e-02 -4.4357e+00 -2.6870e+00 -2.1327e+00 +1.9529e+00 -1.9371e+00 +7.6740e-01
31 0 +1.358099192e+06 +1.357889312e+06 +1.357889312e+06 +2.0817e-01 -3.5035e+00 -2.7844e+00 -1.4988e+00 +4.0955e+00 -2.1651e+00 +3.5199e+00 -1.4601e+00 +3.0456e-01 -7.5297e-01 +1.8579e+00 -3.9873e-01 -3.7778e-01 -2.8345e+00 -5.8997e-01 -1.0419e+00 -2.0228e+00 +2.4391e+00 -2.1868e+00 +2.6876e+00
% f evaluations | g evaluations | best noise-free fitness - Fopt (-9.209000000000e+01) + sum g_i+ | measured fitness | best measured fitness or single-digit g-values | x1 | x2...
1 0 +8.959149731e+06 +8.959057641e+06 +8.959057641e+06 +0.0000e+00 +0.0000e+00 +0.0000e+00 +0.0000e+00 +0.0000e+00 +0.0000e+00 +0.0000e+00 +0.0000e+00 +0.0000e+00 +0.0000e+00 +0.0000e+00 +0.0000e+00 +0.0000e+00 +0.0000e+00 +0.0000e+00 +0.0000e+00 +0.0000e+00 +0.0000e+00 +0.0000e+00 +0.0000e+00
7 0 +7.599048350e+06 +7.598956260e+06 +7.598956260e+06 +2.1255e+00 +2.1842e+00 -2.9613e+00 -1.4910e-01 -5.6303e-01 -2.1676e+00 -2.3754e+00 -9.4687e-01 -2.5072e+00 +1.1542e-01 +1.9838e+00 -2.1750e+00 +5.5456e+00 -7.6488e-02 -4.4471e+00 -6.7691e-01 -1.7261e+00 -6.6824e-01 +2.7010e+00 -1.7413e+00
8 0 +7.017580505e+06 +7.017488415e+06 +7.017488415e+06 -2.6366e+00 +2.0988e+00 +1.5717e+00 -2.0679e+00 +1.5367e+00 +3.1469e+00 +2.4523e+00 +2.8292e+00 +6.3835e-01 -8.5532e-01 +3.4519e+00 +4.9014e-01 +2.3154e+00 +1.6733e+00 +3.0915e+00 -4.7962e-01 -4.8672e+00 -9.5101e-01 +5.4434e-01 -2.2952e+00
18 0 +5.071975016e+06 +5.071882926e+06 +5.071882926e+06 -1.8973e+00 +3.5357e+00 -1.5439e+00 +1.5270e+00 +2.0391e+00 -2.7916e+00 +3.9614e+00 +3.4523e+00 -4.6006e+00 +1.3157e+00 +3.8271e+00 +1.6206e+00 +3.0003e+00 -1.6377e+00 -2.4747e+00 +1.2235e+00 -3.0202e+00 +2.6044e-01 +4.0194e-01 -1.3677e+00
21 0 +4.313572842e+06 +4.313480752e+06 +4.313480752e+06 +2.9214e+00 +3.4697e+00 -3.6811e-01 -1.1726e+00 -1.6118e+00 +2.5966e+00 +2.5519e+00 +3.1554e+00 +3.0998e+00 -2.6527e+00 +6.5816e+00 +7.7566e-01 +3.4075e+00 +5.0294e-01 +4.9193e-01 +6.4433e-01 -3.7327e+00 +4.9883e-01 +2.0106e+00 -2.2730e-01
23 0 +1.366299122e+06 +1.366207032e+06 +1.366207032e+06 -2.0796e-01 +3.7113e+00 +1.9035e+00 -2.6919e+00 -2.2407e+00 +3.0345e+00 +2.1224e+00 +1.5702e+00 -2.3414e+00 -1.5442e+00 +2.7284e+00 -2.2808e+00 +3.5640e+00 +1.5277e+00 +8.0017e-01 +2.8154e-01 -3.9980e+00 +1.7957e+00 +1.8685e+00 -1.5737e+00
34 0 +1.313760774e+06 +1.313668684e+06 +1.313668684e+06 -9.5891e-02 +4.0371e+00 +7.8876e-01 -2.7732e+00 -3.4691e+00 +2.9154e+00 -1.7062e+00 -1.8521e+00 -1.5595e+00 -2.0818e+00 +7.8887e+00 -1.9041e+00 +6.4393e+00 +1.2754e+00 -1.2429e+00 +2.0659e+00 -4.4587e+00 +4.0370e+00 +1.9721e+00 -1.4929e+00
% f evaluations | g evaluations | best noise-free fitness - Fopt (-8.789000000000e+01) + sum g_i+ | measured fitness | best measured fitness or single-digit g-values | x1 | x2...
1 0 +1.191113545e+07 +1.191104756e+07 +1.191104756e+07 +0.0000e+00 +0.0000e+00 +0.0000e+00 +0.0000e+00 +0.0000e+00 +0.0000e+00 +0.0000e+00 +0.0000e+00 +0.0000e+00 +0.0000e+00 +0.0000e+00 +0.0000e+00 +0.0000e+00 +0.0000e+00 +0.0000e+00 +0.0000e+00 +0.0000e+00 +0.0000e+00 +0.0000e+00 +0.0000e+00
2 0 +3.652693204e+06 +3.652605314e+06 +3.652605314e+06 -6.2592e-01 -1.2112e-02 -2.1343e+00 +1.2514e+00 +2.5049e+00 +3.8646e+00 +9.6668e-01 +2.3562e+00 -2.3932e-01 +8.8207e-01 +3.6700e-01 -2.0196e+00 +5.9117e+00 +1.6686e+00 +1.0502e+00 -1.1476e+00 -3.3578e+00 +3.3806e-01 -9.2597e-02 +2.4968e+00
3 0 +3.533004690e+06 +3.532916800e+06 +3.532916800e+06 +8.2198e-01 +2.5213e+00 -5.7702e+00 -1.5798e+00 -1.2978e+00 -1.6303e-01 +2.0512e+00 +1.0336e+00 +4.6247e-01 +9.9874e-01 -1.3653e+00 -6.6564e-01 -2.0344e+00 +5.1404e-01 +3.3385e+00 +1.1215e+00 -2.7827e+00 +1.4398e+00 +5.2586e-01 +2.8723e+00
15 0 +2.786555810e+06 +2.786467920e+06 +2.786467920e+06 +8.8449e-01 +2.0116e+00 -9.0189e-01 -2.1034e+00 -2.6735e+00 +1.1320e-01 -8.9475e-01 +1.7605e-01 -4.3458e+00 +3.0013e+00 -2.1805e+00 -4.9402e+00 -1.6539e+00 +3.3584e+00 +9.7774e-01 -2.6661e+00 +7.0854e-01 +2.4708e+00 +5.5480e-01 +2.0022e+00
17 0 +2.661021782e+06 +2.660933892e+06 +2.660933892e+06 +3.4640e-01 -1.3712e+00 -3.4235e+00 +1.5664e-01 +1.2368e+00 +2.6923e-01 +2.0933e+00 +2.3757e+00 -2.6790e+00 +1.3067e+00 -1.3898e+00 -1.4127e+00 +7.4571e+00 +5.9930e-01 +4.6286e+00 +2.3502e-01 -3.9249e+00 +2.5307e+00 -7.1665e-01 +2.7119e+00
% f evaluations | g evaluations | best noise-free fitness - Fopt (3.201900000000e+02) + sum g_i+ | measured fitness | best measured fitness or single-digit g-values | x1 | x2...
1 0 +7.207873542e+06 +7.208193732e+06 +7.208193732e+06 +0.0000e+00 +0.0000e+00 +0.0000e+00 +0.0000e+00 +0.0000e+00 +0.0000e+00 +0.0000e+00 +0.0000e+00 +0.0000e+00 +0.0000e+00 +0.0000e+00 +0.0000e+00 +0.0000e+00 +0.0000e+00 +0.0000e+00 +0.0000e+00 +0.0000e+00 +0.0000e+00 +0.0000e+00 +0.0000e+00
5 0 +5.686237143e+06 +5.686557333e+06 +5.686557333e+06 +4.4520e-01 +1.1572e+00 -2.8046e+00 -4.1829e-01 +1.1149e+00 +1.0412e+00 -2.2919e+00 -6.4465e-01 -3.0874e+00 +3.8148e-01 -3.6711e-01 +2.4293e+00 +6.0301e-01 -3.4207e+00 -4.5305e+00 +1.6559e+00 -1.5955e+00 +8.2398e-01 +1.0630e+00 +5.3749e-01
31 0 +4.720914292e+06 +4.721234482e+06 +4.721234482e+06 +2.2439e+00 -1.1747e+00 +6.2415e-01 -6.4881e-01 +1.1211e+00 +3.2818e+00 -2.0287e+00 -5.8037e-01 -4.6859e+00 -1.4508e+00 -4.6710e-01 +1.9199e+00 +5.9653e+00 +2.3668e+00 -5.7065e+00 +3.1834e+00 +1.4711e+00 +4.3331e-01 +3.9794e+00 +1.3788e-01
38 0 +3.632108481e+06 +3.632428671e+06 +3.632428671e+06 +3.3791e+00 +3.2596e-01 -2.0807e+00 -1.5705e+00 -1.0290e+00 +1.5243e+00 -6.1696e-01 +2.4058e+00 -6.0998e+00 +3.1569e+00 -4.9036e-01 +9.1309e-01 +4.2730e+00 -5.1518e-01 -4.1390e+00 +4.5127e-01 -2.4820e-01 +2.4151e+00 +2.6232e+00 +8.4176e-01
42 0 +3.532815902e+06 +3.533136092e+06 +3.533136092e+06 +6.5384e-01 -2.6108e+00 -1.8969e+00 -3.2436e+00 -1.7918e+00 +2.3732e-01 -2.9468e+00 +1.9904e+00 -1.4140e+00 +1.8509e+00 -2.7095e-01 +1.9341e+00 +3.6857e+00 -1.9697e+00 -3.3284e+00 +1.3655e+00 -5.2562e-01 +3.0532e-01 +3.6805e+00 +1.7866e+00
47 0 +2.027150868e+06 +2.027471058e+06 +2.027471058e+06 +5.8700e+00 -2.9223e+00 -1.5295e+00 -1.1926e+00 +1.3066e-02 +3.0302e-01 -5.9241e+00 -1.0651e+00 -2.9566e+00 -1.4443e+00 -1.3678e+00 +9.3665e-01 +4.1571e+00 -1.3003e-01 -1.7237e+00 +1.7671e-01 +2.2764e-01 +4.2259e-01 +2.4833e+00 +1.0552e+00
49 0 +1.694840649e+06 +1.695160839e+06 +1.695160839e+06 +9.0634e-01 +9.5029e-01 +2.3642e+00 +5.5152e-01 +6.4782e-01 +6.2926e-01 -6.5738e+00 -2.6922e+00 -6.3500e+00 -1.6260e+00 -1.1521e+00 +2.1080e+00 +3.9590e+00 +1.2590e+00 -7.9513e-01 -2.4434e-01 +1.4269e+00 -5.9151e-01 +2.6948e+00 +1.3772e+00
% f evaluations | g evaluations | best noise-free fitness - Fopt (-1.042400000000e+02) + sum g_i+ | measured fitness | best measured fitness or single-digit g-values | x1 | x2...
1 0 +2.003073598e+07 +2.003063174e+07 +2.003063174e+07 +0.0000e+00 +0.0000e+00 +0.0000e+00 +0.0000e+00 +0.0000e+00 +0.0000e+00 +0.0000e+00 +0.0000e+00 +0.0000e+00 +0.0000e+00 +0.0000e+00 +0.0000e+00 +0.0000e+00 +0.0000e+00 +0.0000e+00 +0.0000e+00 +0.0000e+00 +0.0000e+00 +0.0000e+00 +0.0000e+00
2 0 +7.366722399e+06 +7.366618159e+06 +7.366618159e+06 -1.9728e+00 -1.8220e+00 +7.5477e-01 -3.6666e+00 -2.1285e+00 -2.2525e+00 -1.1515e+00 -1.7641e+00 -1.0407e+00 -1.9911e+00 +2.1209e+00 +1.4111e+00 -3.6279e+00 -1.1701e+00 +1.3578e+00 -3.7797e+00 +1.3425e+00 -8.6954e-01 -1.8258e+00 -2.0246e+00
3 0 +2.816518141e+06 +2.816413901e+06 +2.816413901e+06 +9.0928e-01 +6.2860e-01 -1.0246e+00 +1.0358e-01 -1.8144e-01 -5.2480e-01 -1.6853e+00 +1.1124e-01 -2.3675e+00 +1.1411e-01 +2.6945e+00 +2.2624e+00 +5.3765e-01 -1.9609e+00 +1.5997e+00 -9.9835e-02 +2.4471e-01 -1.4334e+00 +5.3290e-01 -3.7960e+00
18 0 +1.966473521e+06 +1.966369281e+06 +1.966369281e+06 +4.9087e-01 +3.8619e-02 +3.5146e+00 +1.5146e+00 -2.4955e-01 -1.4821e+00 +7.3281e-01 +2.1016e-02 +2.4694e+00 -4.7573e-02 +4.8448e+00 +7.6763e-01 -4.2386e+00 -1.7772e+00 +8.5091e-01 +2.4837e-03 +1.6168e+00 -1.3983e+00 +6.9413e-01 -3.9514e+00
38 0 +1.402217772e+06 +1.402113532e+06 +1.402113532e+06 -1.2104e+00 -3.1174e+00 +1.1146e+00 +5.2022e-01 -1.3719e+00 +2.0370e+00 -8.7038e-01 +2.3638e+00 +1.5161e+00 -1.5056e-01 +4.9967e+00 +1.6558e+00 -7.3307e-01 -7.4488e-01 +1.6045e+00 -3.6350e+00 +1.0155e+00 -2.4924e+00 +3.4370e-01 -4.4317e+00
