% f evaluations | g evaluations | best noise-free fitness - Fopt (3.944800000000e+02) + sum g_i+ | measured fitness | best measured fitness or single-digit g-values | x1 | x2...
1 0 +2.355193472e+01 +4.180319347e+02 +4.180319347e+02 +0.0000e+00 +0.0000e+00
3 0 +1.846117675e+01 +4.129411767e+02 +4.129411767e+02 +3.8408e-01 -3.2390e+00
5 0 +1.307038481e+01 +4.075503848e+02 +4.075503848e+02 -7.6021e-01 -1.0954e+00
6 0 +1.282091107e+01 +4.073009111e+02 +4.073009111e+02 -2.2024e+00 +2.6310e-01
14 0 +9.705262042e+00 +4.041852620e+02 +4.041852620e+02 -1.5863e+00 -4.9783e+00
19 0 +2.274359675e+00 +3.967543597e+02 +3.967543597e+02 -2.4226e+00 -2.5801e+00
43 0 +1.291253154e+00 +3.957712532e+02 +3.957712532e+02 -3.7495e+00 -1.7639e+00
44 0 +1.219186715e+00 +3.956991867e+02 +3.956991867e+02 -3.2342e+00 -2.0084e+00
45 0 +9.040753411e-01 +3.953840753e+02 +3.953840753e+02 -3.0307e+00 -2.5017e+00
