% f evaluations | g evaluations | best noise-free fitness - Fopt (-1.000000000000e+03) + sum g_i+ | measured fitness | best measured fitness or single-digit g-values | x1 | x2...
1 0 +8.287602554e+01 -9.171239745e+02 -9.171239745e+02 +0.0000e+00 +0.0000e+00 +0.0000e+00 +0.0000e+00 +0.0000e+00 +0.0000e+00 +0.0000e+00 +0.0000e+00 +0.0000e+00 +0.0000e+00 +0.0000e+00 +0.0000e+00 +0.0000e+00 +0.0000e+00 +0.0000e+00 +0.0000e+00 +0.0000e+00 +0.0000e+00 +0.0000e+00 +0.0000e+00
4 0 +8.270831110e+01 -9.172916889e+02 -9.172916889e+02 -3.1240e+00 +1.8155e+00 +2.6417e+00 -3.1751e+00 -3.2479e-01 +3.9369e+00 -8.7364e-01 -2.3872e+00 +2.8156e-01 +5.7044e-01 +2.0791e+00 +5.1400e-01 +5.7547e+00 +1.1759e+00 -3.2703e+00 -1.0286e+00 -2.0712e-01 +6.5349e-01 -1.7096e+00 -1.9503e-01
13 0 +8.093919401e+01 -9.190608060e+02 -9.190608060e+02 -3.0109e-01 +4.7684e+00 +2.5080e+00 -4.0817e+00 +2.8771e+00 -1.1108e+00 -1.0444e+00 +1.7842e+00 -6.6188e-01 -1.9013e+00 +4.1552e-01 -1.6945e+00 -6.3824e-01 +2.3078e+00 -1.3169e-01 -1.5761e-01 -2.1038e+00 -1.9242e+00 -3.7604e-01 +1.4298e+00
% f evaluations | g evaluations | best noise-free fitness - Fopt (1.000000000000e+03) + sum g_i+ | measured fitness | best measured fitness or single-digit g-values | x1 | x2...
1 0 +8.367961493e+01 +1.083679615e+03 +1.083679615e+03 +0.0000e+00 +0.0000e+00 +0.0000e+00 +0.0000e+00 +0.0000e+00 +0.0000e+00 +0.0000e+00 +0.0000e+00 +0.0000e+00 +0.0000e+00 +0.0000e+00 +0.0000e+00 +0.0000e+00 +0.0000e+00 +0.0000e+00 +0.0000e+00 +0.0000e+00 +0.0000e+00 +0.0000e+00 +0.0000e+00
34 0 +8.296365376e+01 +1.082963654e+03 +1.082963654e+03 +1.5299e-01 -6.5837e-01 -2.0659e+00 -3.7006e+00 +3.1248e+00 -2.0107e+00 +1.9375e+00 +1.4173e+00 -2.5166e-01 +1.1491e+00 -3.7265e+00 -3.7550e-01 -3.5417e+00 -1.4166e+00 +2.0885e-01 -1.2052e+00 +1.4932e+00 -2.2787e+00 -2.2795e+00 +3.3816e+00
% f evaluations | g evaluations | best noise-free fitness - Fopt (-4.913000000000e+01) + sum g_i+ | measured fitness | best measured fitness or single-digit g-values | x1 | x2...
1 0 +8.282343011e+01 +3.369343011e+01 +3.369343011e+01 +0.0000e+00 +0.0000e+00 +0.0000e+00 +0.0000e+00 +0.0000e+00 +0.0000e+00 +0.0000e+00 +0.0000e+00 +0.0000e+00 +0.0000e+00 +0.0000e+00 +0.0000e+00 +0.0000e+00 +0.0000e+00 +0.0000e+00 +0.0000e+00 +0.0000e+00 +0.0000e+00 +0.0000e+00 +0.0000e+00
17 0 +8.273519598e+01 +3.360519598e+01 +3.360519598e+01 +5.0496e-01 -2.2083e-01 +1.3446e-01 +1.7021e+00 -5.1980e-01 -9.1517e-01 +1.8947e+00 +1.0779e+00 -2.1728e+00 +1.1104e+00 +1.4543e+00 -5.2153e-01 +3.6285e+00 +9.9958e-01 +1.5822e+00 +9.3327e-01 -2.4053e+00 -4.9653e-01 +1.4884e-01 +3.1685e+00
21 0 +7.578789399e+01 +2.665789399e+01 +2.665789399e+01 +3.1996e+00 -7.3941e-01 +9.7577e-01 +1.9466e-01 +2.7447e+00 -1.9092e+00 +3.9366e+00 +2.2850e+00 +2.9100e+00 +3.1515e+00 -2.2762e-01 +1.1090e+00 -2.4488e+00 +9.8664e-01 -1.9099e+00 -3.1173e+00 +1.9038e+00 -3.4177e-01 -1.9454e+00 -1.1705e+00
% f evaluations | g evaluations | best noise-free fitness - Fopt (2.977300000000e+02) + sum g_i+ | measured fitness | best measured fitness or single-digit g-values | x1 | x2...
1 0 +7.754602683e+01 +3.752760268e+02 +3.752760268e+02 +0.0000e+00 +0.0000e+00 +0.0000e+00 +0.0000e+00 +0.0000e+00 +0.0000e+00 +0.0000e+00 +0.0000e+00 +0.0000e+00 +0.0000e+00 +0.0000e+00 +0.0000e+00 +0.0000e+00 +0.0000e+00 +0.0000e+00 +0.0000e+00 +0.0000e+00 +0.0000e+00 +0.0000e+00 +0.0000e+00
% f evaluations | g evaluations | best noise-free fitness - Fopt (5.157000000000e+01) + sum g_i+ | measured fitness | best measured fitness or single-digit g-values | x1 | x2...
1 0 +8.156121458e+01 +1.331312146e+02 +1.331312146e+02 +0.0000e+00 +0.0000e+00 +0.0000e+00 +0.0000e+00 +0.0000e+00 +0.0000e+00 +0.0000e+00 +0.0000e+00 +0.0000e+00 +0.0000e+00 +0.0000e+00 +0.0000e+00 +0.0000e+00 +0.0000e+00 +0.0000e+00 +0.0000e+00 +0.0000e+00 +0.0000e+00 +0.0000e+00 +0.0000e+00
13 0 +8.149256741e+01 +1.330625674e+02 +1.330625674e+02 -2.2084e-01 +3.8401e+00 -9.8692e-01 +1.0073e+00 +1.2919e+00 -8.1167e-01 -3.7351e+00 -3.5126e+00 +2.9510e+00 +2.1425e-01 +3.4572e+00 +3.2149e+00 +3.4260e-01 +2.7444e-01 +5.6045e-01 -1.1099e+00 -1.8523e+00 -9.3977e-01 -3.6771e+00 +2.2873e+00
23 0 +8.093279712e+01 +1.325027971e+02 +1.325027971e+02 -3.2100e+00 +5.4800e-01 -5.3198e-01 +6.6853e-01 +5.0173e-01 -3.3860e+00 +8.7941e-01 -3.5267e+00 -1.5166e-01 -1.1373e+00 +2.0835e+00 -6.7398e-01 +4.9753e-01 -9.4700e-01 +2.8828e+00 +6.8603e-01 +2.9207e+00 -1.3119e+00 +4.8638e-01 +7.5065e-01
33 0 +7.453437775e+01 +1.261043778e+02 +1.261043778e+02 -1.2020e+00 -2.3463e+00 +7.2710e-01 +8.1112e-01 -8.8122e-03 -1.2296e+00 +4.2042e-01 -3.3130e+00 +2.1042e+00 -2.4599e+00 +5.9110e+00 +3.8895e-01 +2.3144e+00 -1.6858e+00 +3.0516e+00 -3.3382e+00 -6.2694e-01 -2.2348e+00 -4.2213e+00 +1.4130e+00
34 0 +7.247109077e+01 +1.240410908e+02 +1.240410908e+02 +8.0635e-01 +1.7907e+00 -1.0558e+00 +3.7393e+00 +1.1040e-01 -2.1611e-01 +1.2202e+00 -3.7342e+00 +1.6205e-03 +1.2619e+00 +1.3422e+00 +9.6195e-01 -2.0746e+00 -4.9692e-01 +4.3173e+00 +8.9254e-01 +2.9711e-01 -3.4149e+00 -4.5506e+00 -6.1191e-01
40 0 +7.155955743e+01 +1.231295574e+02 +1.231295574e+02 +5.5782e-01 +1.2325e+00 +5.8582e-01 +1.5686e+00 +1.0357e+00 -1.8532e+00 -2.4496e+00 -4.3779e+00 -1.6111e+00 -1.4570e+00 +2.3082e+00 +1.2964e+00 -2.4681e-01 -2.8770e+00 +2.3211e+00 +1.0896e+00 +1.5478e-01 -1.8595e+00 -3.8047e+00 -1.4775e+00
