% f evaluations | g evaluations | best noise-free fitness - Fopt (-1.000000000000e+03) + sum g_i+ | measured fitness | best measured fitness or single-digit g-values | x1 | x2...
1 0 +8.287602554e+01 -9.171239745e+02 -9.171239745e+02 +0.0000e+00 +0.0000e+00 +0.0000e+00 +0.0000e+00 +0.0000e+00 +0.0000e+00 +0.0000e+00 +0.0000e+00 +0.0000e+00 +0.0000e+00 +0.0000e+00 +0.0000e+00 +0.0000e+00 +0.0000e+00 +0.0000e+00 +0.0000e+00 +0.0000e+00 +0.0000e+00 +0.0000e+00 +0.0000e+00
18 0 +8.203723803e+01 -9.179627620e+02 -9.179627620e+02 +1.7914e-01 -1.8819e+00 +1.4936e+00 +9.6065e-01 +2.5363e+00 -4.7091e+00 -8.7495e-01 -3.5718e+00 +2.1883e+00 +6.1980e+00 +4.2488e+00 -5.5334e+00 -2.1286e+00 +1.1148e+00 +2.1820e+00 -9.6761e-01 +2.6273e+00 -8.0175e-01 +6.1369e-02 +6.8412e-01
33 0 +7.852618626e+01 -9.214738137e+02 -9.214738137e+02 -1.2430e+00 -4.3778e+00 -3.2783e+00 -7.3391e-01 +1.4755e-01 -2.6691e+00 +5.2160e-02 -5.2544e+00 +7.6025e-01 +5.5136e+00 +4.0757e+00 +1.2521e+00 -2.6650e-01 -5.0072e-01 +3.8412e+00 -1.9408e+00 +4.2681e+00 +1.6291e+00 -2.3886e+00 -2.5330e+00
% f evaluations | g evaluations | best noise-free fitness - Fopt (1.000000000000e+03) + sum g_i+ | measured fitness | best measured fitness or single-digit g-values | x1 | x2...
1 0 +8.367961493e+01 +1.083679615e+03 +1.083679615e+03 +0.0000e+00 +0.0000e+00 +0.0000e+00 +0.0000e+00 +0.0000e+00 +0.0000e+00 +0.0000e+00 +0.0000e+00 +0.0000e+00 +0.0000e+00 +0.0000e+00 +0.0000e+00 +0.0000e+00 +0.0000e+00 +0.0000e+00 +0.0000e+00 +0.0000e+00 +0.0000e+00 +0.0000e+00 +0.0000e+00
6 0 +8.154776914e+01 +1.081547769e+03 +1.081547769e+03 +2.4970e-01 +2.7794e+00 -7.7596e-01 +1.2256e+00 -2.5597e+00 -4.0701e+00 +1.0753e+00 -4.5289e-01 -1.9106e+00 -4.5913e-01 -2.0520e+00 -2.6533e-01 +6.3840e-01 -2.6390e+00 -1.6636e+00 -8.4598e-01 -3.1247e+00 -1.7408e+00 +2.7669e+00 +8.4687e-01
33 0 +7.678966082e+01 +1.076789661e+03 +1.076789661e+03 +1.2462e+00 -1.0167e+00 +2.3045e+00 -5.1806e+00 +7.8679e-01 -4.9517e+00 +3.3016e+00 -5.8615e-01 -1.9762e+00 -1.3650e+00 -1.7127e+00 -1.5807e+00 +1.7456e+00 -3.5250e+00 -2.8798e+00 -3.7414e+00 -1.3307e+00 -4.5350e-01 -1.2985e+00 +3.3986e+00
41 0 +7.255141657e+01 +1.072551417e+03 +1.072551417e+03 -1.7156e+00 -1.4486e+00 -2.1355e-01 -4.8541e+00 +1.6995e+00 -2.3371e+00 +5.2599e+00 +3.8956e+00 -2.3160e+00 -2.4615e+00 -1.5202e+00 -1.7515e+00 -1.6192e+00 -4.3109e+00 +8.0838e-01 -4.6852e+00 +4.5353e-01 -1.3891e+00 +4.0827e-01 +7.2296e-01
% f evaluations | g evaluations | best noise-free fitness - Fopt (-4.913000000000e+01) + sum g_i+ | measured fitness | best measured fitness or single-digit g-values | x1 | x2...
1 0 +8.282343011e+01 +3.369343011e+01 +3.369343011e+01 +0.0000e+00 +0.0000e+00 +0.0000e+00 +0.0000e+00 +0.0000e+00 +0.0000e+00 +0.0000e+00 +0.0000e+00 +0.0000e+00 +0.0000e+00 +0.0000e+00 +0.0000e+00 +0.0000e+00 +0.0000e+00 +0.0000e+00 +0.0000e+00 +0.0000e+00 +0.0000e+00 +0.0000e+00 +0.0000e+00
29 0 +7.781215281e+01 +2.868215281e+01 +2.868215281e+01 +4.8567e-01 +2.4986e+00 +8.7755e-01 -2.2980e+00 -2.7628e+00 +1.5455e+00 -3.4714e+00 -5.7481e-01 +3.7002e-01 +8.4235e-01 +3.3079e+00 -2.7276e+00 -4.3570e-01 -1.1418e-01 +2.3726e+00 +4.8755e-01 -2.0495e+00 -9.6727e-01 -1.5849e+00 -7.2446e-01
% f evaluations | g evaluations | best noise-free fitness - Fopt (2.977300000000e+02) + sum g_i+ | measured fitness | best measured fitness or single-digit g-values | x1 | x2...
1 0 +7.754602683e+01 +3.752760268e+02 +3.752760268e+02 +0.0000e+00 +0.0000e+00 +0.0000e+00 +0.0000e+00 +0.0000e+00 +0.0000e+00 +0.0000e+00 +0.0000e+00 +0.0000e+00 +0.0000e+00 +0.0000e+00 +0.0000e+00 +0.0000e+00 +0.0000e+00 +0.0000e+00 +0.0000e+00 +0.0000e+00 +0.0000e+00 +0.0000e+00 +0.0000e+00
20 0 +7.673521693e+01 +3.744652169e+02 +3.744652169e+02 -4.2155e-01 +6.9258e-01 +1.9331e+00 +3.2565e-01 +2.2458e+00 -1.2515e-01 -4.8974e-01 -3.7973e+00 +3.1448e+00 +1.2985e+00 +1.0717e-01 +3.0679e+00 -6.3164e-01 -3.4609e+00 +6.1940e-01 -1.2696e+00 -3.2566e-01 +2.6700e+00 -3.4317e+00 +4.4634e+00
% f evaluations | g evaluations | best noise-free fitness - Fopt (5.157000000000e+01) + sum g_i+ | measured fitness | best measured fitness or single-digit g-values | x1 | x2...
1 0 +8.156121458e+01 +1.331312146e+02 +1.331312146e+02 +0.0000e+00 +0.0000e+00 +0.0000e+00 +0.0000e+00 +0.0000e+00 +0.0000e+00 +0.0000e+00 +0.0000e+00 +0.0000e+00 +0.0000e+00 +0.0000e+00 +0.0000e+00 +0.0000e+00 +0.0000e+00 +0.0000e+00 +0.0000e+00 +0.0000e+00 +0.0000e+00 +0.0000e+00 +0.0000e+00
12 0 +7.653160030e+01 +1.281016003e+02 +1.281016003e+02 +5.7167e-01 +2.5116e+00 -8.8589e-02 -2.9504e+00 +6.4486e-02 +5.8745e-01 +9.6738e-01 -2.2071e+00 +3.3329e+00 -2.1621e+00 +8.1421e-01 -1.0126e+00 +3.7799e-01 -6.5293e-01 +3.3777e+00 +1.9184e+00 -1.4317e+00 +6.5976e-01 +3.4755e+00 -8.2457e-01
