% f evaluations | g evaluations | best noise-free fitness - Fopt (-1.335900000000e+02) + sum g_i+ | measured fitness | best measured fitness or single-digit g-values | x1 | x2...
1 0 +1.778421450e+02 +4.425214496e+01 +4.425214496e+01 +0.0000e+00 +0.0000e+00 +0.0000e+00 +0.0000e+00 +0.0000e+00 +0.0000e+00 +0.0000e+00 +0.0000e+00 +0.0000e+00 +0.0000e+00
24 0 +1.725836247e+02 +3.899362471e+01 +3.899362471e+01 -7.6309e-01 -1.6884e+00 +5.8604e-01 +4.3522e+00 -7.3250e-01 +2.1007e-01 -1.5463e+00 +7.7870e-01 +7.3137e-01 -7.3524e-01
25 0 +1.666616862e+02 +3.307168623e+01 +3.307168623e+01 +1.6047e+00 +1.3666e+00 -7.6248e-02 -5.5026e-01 -1.3090e+00 +1.3419e+00 +3.8937e-01 -8.2115e-01 -1.5865e-01 +6.0339e-01
36 0 +1.517594842e+02 +1.816948420e+01 +1.816948420e+01 +9.5786e-01 -6.0067e-01 -6.1620e-01 +2.0206e+00 -8.7880e-01 +3.7478e-01 +1.0694e+00 -7.7169e-01 -2.1394e+00 +1.0794e+00
41 0 +1.458270059e+02 +1.223700586e+01 +1.223700586e+01 -4.8844e-01 +7.3702e-01 +6.7358e-01 -2.6284e+00 +1.6963e+00 -4.0380e-01 +2.5283e-02 -2.0297e+00 +1.2977e+00 +4.1289e-01
62 0 +1.282466628e+02 -5.343337189e+00 -5.343337189e+00 -2.6899e-01 -6.4439e-01 -1.4677e+00 -8.2117e-01 -1.0092e+00 +8.8605e-01 +1.6474e+00 -5.7315e-01 -1.3311e+00 -9.9916e-02
65 0 +1.105939999e+02 -2.299600009e+01 -2.299600009e+01 -1.2130e+00 +2.5357e+00 +1.4384e+00 -6.8722e-02 -2.3714e-01 +7.3737e-01 -3.7578e-01 -1.4438e+00 -3.5063e-01 +1.6934e+00
75 0 +8.622927983e+01 -4.736072017e+01 -4.736072017e+01 -1.2341e+00 +7.2400e-01 +2.3619e-01 -2.9623e+00 -6.2330e-01 +2.2410e+00 -7.4015e-01 -1.3427e+00 -7.3689e-01 +1.2952e+00
199 0 +7.512179109e+01 -5.846820891e+01 -5.846820891e+01 -2.7678e+00 +2.8760e+00 -1.1822e+00 -1.3015e+00 -1.2146e+00 +1.3522e+00 +1.5998e-01 -1.0583e+00 -8.4222e-01 +1.4971e+00
