% f evaluations | g evaluations | best noise-free fitness - Fopt (3.590000000000e+01) + sum g_i+ | measured fitness | best measured fitness or single-digit g-values | x1 | x2...
1 0 +7.743465359e+05 +7.743824359e+05 +7.743824359e+05 +0.0000e+00 +0.0000e+00 +0.0000e+00 +0.0000e+00 +0.0000e+00 +0.0000e+00 +0.0000e+00 +0.0000e+00 +0.0000e+00 +0.0000e+00 +0.0000e+00 +0.0000e+00 +0.0000e+00 +0.0000e+00 +0.0000e+00 +0.0000e+00 +0.0000e+00 +0.0000e+00 +0.0000e+00 +0.0000e+00
2 0 +6.496130342e+05 +6.496489342e+05 +6.496489342e+05 +1.6192e+00 +2.5903e+00 +2.4614e+00 -1.2413e+00 -1.2364e+00 +2.7292e+00 -8.5764e-01 +1.5664e+00 -5.4643e-01 -1.7889e+00 +2.2152e-01 +3.8279e+00 -3.2887e+00 +5.3887e-01 +2.4428e+00 -1.4316e+00 -7.3387e-01 +3.6900e+00 -1.5069e+00 +3.5297e+00
4 0 +4.346108130e+05 +4.346467130e+05 +4.346467130e+05 +6.0094e-01 +2.8102e+00 +7.1125e-01 +1.5964e+00 -1.3645e+00 +1.2276e+00 -1.1061e+00 +2.0139e-01 -2.8001e+00 +1.9429e+00 -2.3612e+00 -2.2660e+00 -1.4079e+00 +6.0433e-01 +2.4934e+00 -3.9316e+00 +2.2862e+00 +4.1455e+00 -9.0278e-01 +2.7492e+00
21 0 +3.253890029e+05 +3.254249029e+05 +3.254249029e+05 +1.4640e+00 +1.1881e-01 +4.3509e+00 +5.6865e-01 -1.9459e+00 +1.2861e-01 +3.6624e+00 -8.2797e-02 -2.1437e+00 +6.5480e-01 -1.9778e+00 -2.7737e-01 -2.3476e-01 +2.5140e+00 +3.0005e+00 -1.7719e+00 -4.1419e-02 +4.1873e+00 +7.2655e-01 +3.8281e-01
47 0 +2.971074571e+05 +2.971433571e+05 +2.971433571e+05 +3.1003e+00 +3.6077e+00 +5.5001e+00 +3.4578e+00 +7.5259e-01 -1.9404e+00 +1.2455e+00 +9.6855e-02 +1.0285e+00 -1.3389e-01 -2.9869e+00 +8.9015e-01 -6.0120e-01 +1.5457e+00 +3.1371e+00 -5.1973e+00 +2.2856e+00 +3.6419e+00 -4.8486e+00 +4.2182e-01
48 0 +2.685798779e+05 +2.686157779e+05 +2.686157779e+05 -4.2618e-01 +2.8747e+00 +4.5623e+00 +4.3232e+00 -7.8961e-01 +1.4861e+00 -9.2167e-01 -3.9209e+00 -4.4178e+00 -2.3045e+00 -2.4583e+00 +1.9441e-01 +1.5715e+00 -8.5768e-01 +1.6588e+00 -3.4431e+00 +6.1880e-01 +3.9158e+00 +1.0520e+00 +9.1025e-01
% f evaluations | g evaluations | best noise-free fitness - Fopt (3.137000000000e+01) + sum g_i+ | measured fitness | best measured fitness or single-digit g-values | x1 | x2...
1 0 +3.777288378e+05 +3.777602078e+05 +3.777602078e+05 +0.0000e+00 +0.0000e+00 +0.0000e+00 +0.0000e+00 +0.0000e+00 +0.0000e+00 +0.0000e+00 +0.0000e+00 +0.0000e+00 +0.0000e+00 +0.0000e+00 +0.0000e+00 +0.0000e+00 +0.0000e+00 +0.0000e+00 +0.0000e+00 +0.0000e+00 +0.0000e+00 +0.0000e+00 +0.0000e+00
3 0 +2.276504067e+05 +2.276817767e+05 +2.276817767e+05 +2.7855e+00 +1.8782e+00 +6.4458e-01 +6.4285e-01 -1.4477e+00 -4.9152e+00 -3.0265e+00 -1.0557e+00 -1.9935e+00 -3.3641e+00 -5.5872e-01 -3.5481e+00 +1.1038e+00 -1.4776e+00 +1.0049e+00 -2.6169e-01 +8.8025e-01 -1.9470e+00 -1.0670e+00 -9.8187e-01
20 0 +1.830972264e+05 +1.831285964e+05 +1.831285964e+05 +5.8456e+00 +1.1639e+00 -2.8589e+00 +1.0355e+00 -1.6623e+00 -2.7526e+00 -2.9030e+00 -1.1125e+00 +4.9166e-01 +9.0656e-01 +1.9039e+00 +4.3281e-01 +3.6882e+00 -2.0245e-01 +1.5780e-01 -1.8772e+00 +1.4579e+00 -3.1418e+00 +2.8406e-01 -9.2174e-01
38 0 +1.693718120e+05 +1.694031820e+05 +1.694031820e+05 +3.3478e+00 +5.3263e-01 +1.8931e+00 +4.9034e+00 -1.1221e+00 -3.8237e+00 -6.0165e-01 -6.0204e-01 +1.4252e+00 -2.3304e+00 -2.0364e+00 -2.4200e+00 -2.5754e-01 -1.0257e+00 -9.2321e-01 +1.7188e+00 -6.7843e-01 -3.6397e+00 -7.3049e-01 +9.3081e-01
39 0 +1.284080124e+05 +1.284393824e+05 +1.284393824e+05 +5.5602e+00 +3.0267e+00 -1.8006e+00 +3.3304e+00 -2.9092e+00 -1.7745e+00 -7.5193e+00 -1.0107e+00 -2.5596e+00 +7.7097e-01 -1.9274e+00 +7.5139e-01 +3.6481e+00 -2.0584e+00 +2.7798e+00 -1.1974e-02 -3.6027e+00 -3.3458e+00 +1.5917e-01 -1.9212e+00
% f evaluations | g evaluations | best noise-free fitness - Fopt (-1.000000000000e+03) + sum g_i+ | measured fitness | best measured fitness or single-digit g-values | x1 | x2...
1 0 +3.286849989e+05 +3.276849989e+05 +3.276849989e+05 +0.0000e+00 +0.0000e+00 +0.0000e+00 +0.0000e+00 +0.0000e+00 +0.0000e+00 +0.0000e+00 +0.0000e+00 +0.0000e+00 +0.0000e+00 +0.0000e+00 +0.0000e+00 +0.0000e+00 +0.0000e+00 +0.0000e+00 +0.0000e+00 +0.0000e+00 +0.0000e+00 +0.0000e+00 +0.0000e+00
15 0 +2.409199396e+05 +2.399199396e+05 +2.399199396e+05 +2.4490e+00 +8.2855e-01 -1.9781e+00 +9.2026e-01 +2.9500e-01 +1.1912e+00 +1.0773e+00 -1.8609e+00 -1.4130e+00 -5.5401e-01 -1.0969e+00 -2.5294e+00 -1.9662e+00 +2.5078e+00 +4.5783e-01 -1.0989e+00 -2.0963e-01 -5.9012e-02 -1.1250e+00 +1.2543e+00
48 0 +1.931207272e+05 +1.921207272e+05 +1.921207272e+05 +6.3960e+00 +2.2921e+00 -5.0417e+00 -3.0321e-01 -9.0181e-01 +2.1685e+00 -1.3152e+00 -1.0229e-01 -5.3959e+00 +1.7280e+00 -3.4490e+00 -1.9291e+00 -2.0415e+00 +2.9983e+00 -3.1129e+00 -1.9403e+00 -7.8221e-01 +1.4002e+00 -5.7530e+00 +3.9398e+00
49 0 +8.843819315e+04 +8.743819315e+04 +8.743819315e+04 +3.6253e+00 +8.9599e-01 -3.1809e+00 +8.9996e-01 +1.6805e+00 +1.5476e+00 +2.9118e+00 +9.3796e-01 -1.6339e+00 +8.2959e-01 -8.7364e-01 +2.2519e+00 +1.9408e-01 +1.4214e+00 -2.2288e+00 +1.3317e+00 +1.8701e+00 +1.2144e+00 -2.8526e+00 +3.2603e+00
% f evaluations | g evaluations | best noise-free fitness - Fopt (1.319200000000e+02) + sum g_i+ | measured fitness | best measured fitness or single-digit g-values | x1 | x2...
1 0 +1.000870275e+06 +1.001002195e+06 +1.001002195e+06 +0.0000e+00 +0.0000e+00 +0.0000e+00 +0.0000e+00 +0.0000e+00 +0.0000e+00 +0.0000e+00 +0.0000e+00 +0.0000e+00 +0.0000e+00 +0.0000e+00 +0.0000e+00 +0.0000e+00 +0.0000e+00 +0.0000e+00 +0.0000e+00 +0.0000e+00 +0.0000e+00 +0.0000e+00 +0.0000e+00
3 0 +8.703353560e+05 +8.704672760e+05 +8.704672760e+05 -1.5459e+00 +3.8738e+00 +1.5405e+00 +2.4721e+00 -8.4798e-01 -1.5248e+00 -1.5526e+00 +5.7910e-01 -3.1638e+00 +2.3751e+00 +2.9363e+00 -2.1199e+00 +1.6131e+00 +3.7522e+00 +1.5056e+00 -2.4571e+00 +8.3691e-02 -3.6605e+00 +1.7094e+00 -1.2820e+00
4 0 +7.929472774e+05 +7.930791974e+05 +7.930791974e+05 -1.3440e+00 +2.8773e+00 -5.4765e-01 -1.0796e+00 +8.0735e-01 -1.1789e+00 +1.2824e+00 -1.1261e+00 +1.9212e+00 +3.3279e+00 -3.0563e+00 +1.2039e+00 +1.5025e+00 +1.0363e+00 +1.1233e+00 -7.5501e-01 +2.4899e-01 -1.7092e+00 -2.4977e+00 -4.0398e-02
19 0 +7.190341605e+05 +7.191660805e+05 +7.191660805e+05 -1.2364e+00 +7.5420e-01 -4.4685e+00 -5.9810e-01 -9.1467e-01 -1.7394e+00 +3.1571e+00 -1.5878e+00 +2.9792e+00 +3.1547e+00 -2.7111e+00 -1.1587e+00 -2.2867e+00 +4.0211e-01 +1.5820e+00 -4.1846e+00 +5.5239e+00 -1.5928e+00 -1.2804e+00 -9.3615e-01
28 0 +6.787495325e+05 +6.788814525e+05 +6.788814525e+05 -3.8156e+00 +3.8515e+00 -1.4483e+00 -4.7989e-01 -5.7649e-01 -1.8176e+00 +6.1823e-01 -1.1342e+00 +8.5977e-01 -2.2463e-01 +4.4066e+00 +1.3932e+00 -3.5265e+00 +1.5251e+00 +1.0294e+00 -1.8520e+00 +2.1523e+00 -2.1315e+00 +6.4067e-01 -1.8018e+00
30 0 +3.328466569e+05 +3.329785769e+05 +3.329785769e+05 -2.9438e+00 +3.4653e+00 -2.4062e+00 +1.5029e+00 +9.5782e-01 -3.3097e+00 -7.6034e-01 +2.4435e-02 +9.6711e-01 +3.7044e+00 -1.1967e+00 -1.6288e+00 -5.4655e-01 +1.7188e+00 +1.3479e+00 -2.8509e+00 +1.3377e+00 -1.1678e+00 -3.4908e+00 +6.8518e-01
31 0 +2.276867198e+05 +2.278186398e+05 +2.278186398e+05 -3.0363e+00 +3.0455e+00 -5.5450e+00 +1.0780e+00 +7.3366e-01 -4.6188e+00 -1.9011e+00 +1.2168e-01 +3.2800e+00 +3.4565e+00 -2.0847e+00 +2.1162e-01 -1.4627e+00 -9.8965e-02 +9.7259e-01 -2.9333e+00 -1.4107e+00 -2.6922e+00 -2.4428e+00 +2.4660e+00
% f evaluations | g evaluations | best noise-free fitness - Fopt (5.908400000000e+02) + sum g_i+ | measured fitness | best measured fitness or single-digit g-values | x1 | x2...
1 0 +1.310552413e+05 +1.316460813e+05 +1.316460813e+05 +0.0000e+00 +0.0000e+00 +0.0000e+00 +0.0000e+00 +0.0000e+00 +0.0000e+00 +0.0000e+00 +0.0000e+00 +0.0000e+00 +0.0000e+00 +0.0000e+00 +0.0000e+00 +0.0000e+00 +0.0000e+00 +0.0000e+00 +0.0000e+00 +0.0000e+00 +0.0000e+00 +0.0000e+00 +0.0000e+00
6 0 +1.130346161e+05 +1.136254561e+05 +1.136254561e+05 -3.5258e+00 +1.5785e+00 -4.1070e+00 +1.0004e+00 +8.7169e-01 +1.3810e+00 +2.0202e+00 +1.3391e+00 +3.5395e+00 +8.5726e-01 +3.2334e-01 +1.9133e+00 +1.4091e+00 -2.1071e+00 +1.8775e+00 +2.9354e+00 -5.1330e-01 -3.1379e+00 +1.8757e+00 +3.2436e+00
21 0 +1.190942978e+04 +1.250026978e+04 +1.250026978e+04 -4.0100e+00 -2.6226e-02 -2.1406e+00 +5.5118e-01 +6.0257e+00 -2.8466e-01 +7.2947e-01 +1.9525e-01 +5.8583e+00 +2.6214e+00 -3.3949e-02 +3.1192e+00 -4.8764e-01 -3.0501e+00 +1.0419e+00 +1.8061e+00 -4.1039e+00 -5.2141e+00 +4.8060e-01 +3.7789e+00
