% f evaluations | g evaluations | best noise-free fitness - Fopt (4.078000000000e+01) + sum g_i+ | measured fitness | best measured fitness or single-digit g-values | x1 | x2...
1 0 +6.694655269e+01 +1.077265527e+02 +1.077265527e+02 +0.0000e+00 +0.0000e+00 +0.0000e+00 +0.0000e+00 +0.0000e+00 +0.0000e+00 +0.0000e+00 +0.0000e+00 +0.0000e+00 +0.0000e+00
9 0 +6.296974741e+01 +1.037497474e+02 +1.037497474e+02 -2.9917e+00 +2.0187e+00 +7.4684e-01 -1.2880e-01 -2.8802e+00 -1.7397e-02 -4.6285e-01 -1.5334e+00 +2.0944e+00 +1.1037e+00
12 0 +5.833300323e+01 +9.911300323e+01 +9.911300323e+01 -3.1932e-01 +1.7723e+00 -6.9717e-01 +2.1536e+00 -2.0533e-01 +1.7022e+00 +2.1280e+00 +1.8916e+00 +1.3438e+00 -8.4700e-01
25 0 +5.263502009e+01 +9.341502009e+01 +9.341502009e+01 +9.5422e-01 +3.0585e+00 +1.2773e+00 +3.1626e+00 -1.6787e+00 -4.3095e-01 -9.9208e-04 -4.2830e-01 +1.0269e+00 -1.9931e+00
32 0 +2.948948489e+01 +7.026948489e+01 +7.026948489e+01 +5.1280e-02 +1.7213e+00 +4.4327e-01 +2.7159e+00 -1.7521e+00 +5.7174e-02 +3.7589e-01 -3.7766e-01 +1.6220e-02 -1.2710e+00
% f evaluations | g evaluations | best noise-free fitness - Fopt (-1.600000000000e+00) + sum g_i+ | measured fitness | best measured fitness or single-digit g-values | x1 | x2...
1 0 +7.884153396e+01 +7.724153396e+01 +7.724153396e+01 +0.0000e+00 +0.0000e+00 +0.0000e+00 +0.0000e+00 +0.0000e+00 +0.0000e+00 +0.0000e+00 +0.0000e+00 +0.0000e+00 +0.0000e+00
2 0 +7.848287775e+01 +7.688287775e+01 +7.688287775e+01 -4.9299e-02 -7.3766e-01 -9.0725e-01 +1.2513e+00 +7.0828e-01 -5.4476e-01 +7.6120e-01 +8.8528e-01 +1.7764e+00 -2.2649e+00
3 0 +7.321010305e+01 +7.161010305e+01 +7.161010305e+01 +7.1506e-01 +3.2513e+00 +2.3483e-01 +3.9201e+00 -2.5259e+00 +8.8829e-01 +2.4032e+00 +5.5861e-02 +4.2596e-01 +2.8115e+00
6 0 +5.769052998e+01 +5.609052998e+01 +5.609052998e+01 +3.1979e-03 -3.8595e+00 -6.5410e-01 -2.6698e+00 -1.0586e-01 -4.9114e-01 -4.7396e-01 -2.0684e+00 +3.7403e-01 -1.8441e+00
30 0 +3.017095973e+01 +2.857095973e+01 +2.857095973e+01 +1.9167e+00 +7.1215e-01 +1.5852e+00 -2.1416e+00 -3.3290e-02 +4.2858e-01 -1.3030e+00 -2.7316e+00 +1.4853e+00 +1.2066e+00
32 0 +2.797353270e+01 +2.637353270e+01 +2.637353270e+01 +1.4983e+00 +2.7604e-01 +6.7266e-01 -7.8588e-01 +2.6052e-01 -1.7225e-02 -1.5351e+00 -1.7729e+00 +4.8910e-01 +1.9381e+00
% f evaluations | g evaluations | best noise-free fitness - Fopt (-3.708400000000e+02) + sum g_i+ | measured fitness | best measured fitness or single-digit g-values | x1 | x2...
1 0 +6.478493794e+01 -3.060550621e+02 -3.060550621e+02 +0.0000e+00 +0.0000e+00 +0.0000e+00 +0.0000e+00 +0.0000e+00 +0.0000e+00 +0.0000e+00 +0.0000e+00 +0.0000e+00 +0.0000e+00
9 0 +6.160861499e+01 -3.092313850e+02 -3.092313850e+02 -2.7075e+00 -9.5122e-01 +1.2009e+00 -1.3889e+00 -3.0275e+00 -7.3485e-01 +3.8607e-01 +1.7587e+00 +2.5017e+00 -1.1082e+00
16 0 +4.922192149e+01 -3.216180785e+02 -3.216180785e+02 +1.1494e+00 -1.7044e+00 +5.8738e-01 -2.8674e+00 -1.5933e+00 -2.1560e+00 +5.9034e-01 +3.2868e+00 +9.8529e-01 -4.4320e+00
32 0 +3.249839351e+01 -3.383416065e+02 -3.383416065e+02 +1.0770e+00 -1.6363e+00 -5.2746e-02 -4.3425e-01 -9.0051e-01 -8.4847e-01 +1.4130e+00 +2.1412e+00 +1.1264e+00 -4.2148e+00
% f evaluations | g evaluations | best noise-free fitness - Fopt (-3.256000000000e+01) + sum g_i+ | measured fitness | best measured fitness or single-digit g-values | x1 | x2...
1 0 +7.687366610e+01 +4.431366610e+01 +4.431366610e+01 +0.0000e+00 +0.0000e+00 +0.0000e+00 +0.0000e+00 +0.0000e+00 +0.0000e+00 +0.0000e+00 +0.0000e+00 +0.0000e+00 +0.0000e+00
2 0 +7.377341132e+01 +4.121341132e+01 +4.121341132e+01 -2.0498e+00 +3.4481e-01 +2.2342e+00 +8.8958e-01 +1.3539e+00 +1.2472e+00 +4.1774e+00 +1.8494e+00 -4.3220e-01 +3.0646e+00
3 0 +6.962611617e+01 +3.706611617e+01 +3.706611617e+01 -6.6019e-01 +2.3891e+00 -7.7188e-01 -2.7837e+00 -1.1505e+00 -2.7921e+00 +8.6055e-01 -2.5694e+00 -1.4637e+00 -1.3064e-01
10 0 +1.191257419e+01 -2.064742581e+01 -2.064742581e+01 +1.2826e+00 -2.3240e+00 +3.7493e-01 +1.4923e+00 +2.8678e-01 +9.0993e-01 -3.4868e+00 +1.1200e+00 -2.1256e+00 -1.6016e+00
% f evaluations | g evaluations | best noise-free fitness - Fopt (5.154000000000e+02) + sum g_i+ | measured fitness | best measured fitness or single-digit g-values | x1 | x2...
1 0 +5.354617306e+01 +5.689461731e+02 +5.689461731e+02 +0.0000e+00 +0.0000e+00 +0.0000e+00 +0.0000e+00 +0.0000e+00 +0.0000e+00 +0.0000e+00 +0.0000e+00 +0.0000e+00 +0.0000e+00
