% f evaluations | g evaluations | best noise-free fitness - Fopt (4.078000000000e+01) + sum g_i+ | measured fitness | best measured fitness or single-digit g-values | x1 | x2...
1 0 +8.021155843e+01 +1.209915584e+02 +1.209915584e+02 +0.0000e+00 +0.0000e+00 +0.0000e+00 +0.0000e+00 +0.0000e+00 +0.0000e+00 +0.0000e+00 +0.0000e+00 +0.0000e+00 +0.0000e+00 +0.0000e+00 +0.0000e+00 +0.0000e+00 +0.0000e+00 +0.0000e+00 +0.0000e+00 +0.0000e+00 +0.0000e+00 +0.0000e+00 +0.0000e+00
7 0 +7.278550803e+01 +1.135655080e+02 +1.135655080e+02 -8.7703e-01 -3.6225e-02 +1.6242e+00 +1.1584e+00 +2.8565e+00 +1.9184e+00 +1.5787e+00 -3.0841e+00 -1.2185e+00 -2.2036e-01 +1.8937e+00 +3.0394e+00 -1.4293e+00 -9.3485e-01 +1.1768e+00 -5.1895e-01 +2.2200e+00 +5.6109e-02 -7.1890e-01 +1.6783e+00
25 0 +7.149537585e+01 +1.122753759e+02 +1.122753759e+02 +2.6810e-01 -1.9833e+00 -7.7696e-02 +2.0400e+00 +2.5480e+00 +1.1983e+00 -3.4331e+00 +2.2570e+00 +1.9044e+00 -4.9266e-01 +1.1903e+00 -1.3593e+00 -4.0715e-01 -2.0498e+00 -4.7285e-01 -3.5538e+00 -2.7022e-01 -1.7069e+00 -2.5911e-01 -7.4764e-02
50 0 +6.843012100e+01 +1.092101210e+02 +1.092101210e+02 -1.6241e+00 -1.7094e+00 +1.6658e+00 +3.5239e+00 +2.8315e+00 +2.6313e+00 -3.2528e+00 +3.4585e+00 +2.4096e+00 -9.5337e-01 +1.8353e+00 -5.9416e-01 -1.7710e+00 -2.5779e+00 +1.0847e+00 -1.5271e+00 -1.7076e+00 -1.2717e+00 +4.6531e-01 -1.0464e-01
% f evaluations | g evaluations | best noise-free fitness - Fopt (-1.600000000000e+00) + sum g_i+ | measured fitness | best measured fitness or single-digit g-values | x1 | x2...
1 0 +7.948683589e+01 +7.788683589e+01 +7.788683589e+01 +0.0000e+00 +0.0000e+00 +0.0000e+00 +0.0000e+00 +0.0000e+00 +0.0000e+00 +0.0000e+00 +0.0000e+00 +0.0000e+00 +0.0000e+00 +0.0000e+00 +0.0000e+00 +0.0000e+00 +0.0000e+00 +0.0000e+00 +0.0000e+00 +0.0000e+00 +0.0000e+00 +0.0000e+00 +0.0000e+00
3 0 +7.754061828e+01 +7.594061828e+01 +7.594061828e+01 +1.6449e+00 -4.8895e-01 -2.3827e+00 +1.4209e+00 +4.6310e-01 +7.2026e-01 -1.4025e+00 -2.3308e+00 +9.7642e-01 -1.8876e-01 +4.2516e-01 +5.2478e-01 +3.0539e-01 -2.0495e+00 -8.0362e-01 +1.6140e+00 +8.8769e-01 -2.2486e+00 -4.0100e+00 +3.5703e+00
5 0 +7.526913737e+01 +7.366913737e+01 +7.366913737e+01 -4.0052e-01 +1.8874e+00 -4.7645e-01 +3.0896e+00 +2.4378e+00 +1.0302e+00 +1.6522e+00 -2.2860e+00 -2.5086e+00 +2.1713e-01 -8.7341e-01 +1.6256e+00 +2.4052e+00 +1.9731e+00 -1.7278e+00 +6.5122e-01 +3.4637e+00 +1.3525e+00 -2.0997e-02 -1.8709e+00
43 0 +7.063251141e+01 +6.903251141e+01 +6.903251141e+01 +2.9624e+00 +1.4580e+00 -2.5703e+00 +1.7085e+00 -2.4458e+00 +1.0683e+00 -3.3148e+00 -1.7369e+00 -1.0303e+00 +1.6405e+00 -6.6387e-01 +3.6725e+00 -4.0480e+00 +1.7467e-01 -2.4746e+00 -1.1182e+00 +4.5329e+00 +5.7962e-01 +1.0568e+00 -1.1182e+00
% f evaluations | g evaluations | best noise-free fitness - Fopt (-3.708400000000e+02) + sum g_i+ | measured fitness | best measured fitness or single-digit g-values | x1 | x2...
1 0 +7.714978743e+01 -2.936902126e+02 -2.936902126e+02 +0.0000e+00 +0.0000e+00 +0.0000e+00 +0.0000e+00 +0.0000e+00 +0.0000e+00 +0.0000e+00 +0.0000e+00 +0.0000e+00 +0.0000e+00 +0.0000e+00 +0.0000e+00 +0.0000e+00 +0.0000e+00 +0.0000e+00 +0.0000e+00 +0.0000e+00 +0.0000e+00 +0.0000e+00 +0.0000e+00
6 0 +7.683035651e+01 -2.940096435e+02 -2.940096435e+02 -3.5729e+00 -2.5890e+00 -9.7081e-01 +1.1062e+00 -1.9240e+00 -9.1066e-01 +8.1488e-01 -9.0702e-01 -1.3437e+00 -2.5059e+00 -4.6684e-01 -2.6884e+00 +7.2300e-01 -2.8727e+00 +1.4041e+00 -3.9971e+00 -4.2396e-01 -2.6120e-01 +1.4211e+00 -2.2256e+00
21 0 +7.577166641e+01 -2.950683336e+02 -2.950683336e+02 -2.0513e+00 +1.0632e+00 +2.7012e+00 -1.2208e-01 -1.1534e+00 -5.8674e-01 -2.2314e-01 -5.1819e-01 +1.2688e-01 -5.8171e-01 +2.9715e-02 +1.4070e+00 +2.6759e+00 -1.8577e+00 +3.8666e-01 +9.1741e-01 -5.0530e-01 -1.8708e+00 +9.4261e-01 +1.1566e+00
25 0 +7.374816409e+01 -2.970918359e+02 -2.970918359e+02 -3.6390e+00 +8.3239e-02 +9.1920e-01 -1.5597e+00 -3.9090e+00 -8.6019e-01 +7.1896e-01 +1.0088e+00 +5.2512e-01 -1.5070e+00 -1.8744e+00 -2.0090e-01 -3.8671e-01 +2.4842e-01 +2.1816e-01 -6.6334e-01 -3.2033e+00 -1.7896e+00 +1.6515e-01 +1.1839e+00
48 0 +7.032610149e+01 -3.005138985e+02 -3.005138985e+02 -3.3706e-01 +3.7403e-01 +1.4032e+00 +1.7241e+00 -2.1324e+00 -7.3507e-01 -1.2834e+00 -1.2648e-01 +3.1728e+00 -1.2699e+00 -6.4723e-01 -8.7755e-02 -3.5045e+00 +1.6771e+00 +1.4748e+00 -2.8166e+00 -1.0414e+00 -1.1595e+00 +6.5189e-01 +5.2884e-01
50 0 +6.640386927e+01 -3.044361307e+02 -3.044361307e+02 -9.4719e-01 +1.8539e+00 +1.4880e+00 +1.6185e+00 -2.4365e+00 +4.8469e-01 -8.1997e-01 +1.1234e-01 +2.5915e+00 -4.4456e-01 -1.1685e+00 -1.4799e+00 -3.2252e+00 +6.2809e-01 +1.7535e+00 -1.5002e+00 -6.6710e-01 -1.8533e+00 -5.7024e-01 -5.4902e-01
% f evaluations | g evaluations | best noise-free fitness - Fopt (-3.256000000000e+01) + sum g_i+ | measured fitness | best measured fitness or single-digit g-values | x1 | x2...
1 0 +8.070000981e+01 +4.814000981e+01 +4.814000981e+01 +0.0000e+00 +0.0000e+00 +0.0000e+00 +0.0000e+00 +0.0000e+00 +0.0000e+00 +0.0000e+00 +0.0000e+00 +0.0000e+00 +0.0000e+00 +0.0000e+00 +0.0000e+00 +0.0000e+00 +0.0000e+00 +0.0000e+00 +0.0000e+00 +0.0000e+00 +0.0000e+00 +0.0000e+00 +0.0000e+00
3 0 +7.955583847e+01 +4.699583847e+01 +4.699583847e+01 +5.3901e-01 -7.6297e-01 -2.5023e+00 +7.2950e-03 -1.5048e-01 -9.8608e-01 +1.4539e+00 +2.5841e+00 -2.0521e+00 +2.6665e-01 -1.6850e+00 +1.9633e+00 -1.0275e+00 +1.2963e+00 +4.1633e+00 -7.9695e-01 -1.1467e+00 -3.5691e+00 +2.1601e+00 -1.0998e+00
12 0 +7.926908753e+01 +4.670908753e+01 +4.670908753e+01 -3.1345e+00 +1.6702e+00 -4.8832e+00 +2.8856e+00 -3.9060e-01 +1.2874e-01 +3.3850e+00 -2.4066e+00 -4.5411e-01 +2.9869e+00 -5.2051e-01 -1.9113e+00 +1.4701e+00 +2.1477e+00 +1.7036e+00 +5.9266e-01 +1.8985e-01 +3.1019e+00 -2.1329e+00 -2.1411e+00
% f evaluations | g evaluations | best noise-free fitness - Fopt (5.154000000000e+02) + sum g_i+ | measured fitness | best measured fitness or single-digit g-values | x1 | x2...
1 0 +7.644921374e+01 +5.918492137e+02 +5.918492137e+02 +0.0000e+00 +0.0000e+00 +0.0000e+00 +0.0000e+00 +0.0000e+00 +0.0000e+00 +0.0000e+00 +0.0000e+00 +0.0000e+00 +0.0000e+00 +0.0000e+00 +0.0000e+00 +0.0000e+00 +0.0000e+00 +0.0000e+00 +0.0000e+00 +0.0000e+00 +0.0000e+00 +0.0000e+00 +0.0000e+00
37 0 +7.590628509e+01 +5.913062851e+02 +5.913062851e+02 -1.5878e+00 +1.5557e+00 -8.9173e-01 +9.6758e-02 -1.0897e+00 -4.1097e-02 -1.4129e+00 +1.6590e+00 +1.0731e+00 -1.0525e-02 -4.1933e-01 +8.6449e-01 +4.0233e+00 +1.3701e+00 +4.7037e-01 +4.2047e-02 -2.1434e+00 -1.9469e+00 -1.0606e+00 -3.1878e-01
38 0 +7.510564321e+01 +5.905056432e+02 +5.905056432e+02 +1.5230e+00 +4.4592e+00 -1.3964e-01 -9.0081e-02 -5.6759e-01 -7.4490e-01 +3.2174e-01 +5.7700e-01 +1.1961e+00 -7.6161e-01 -7.5713e-01 +1.3798e+00 +6.3574e-01 +1.0403e+00 +6.0804e-01 -8.5256e-01 -6.9244e-01 +1.7903e+00 -2.0947e+00 +2.7948e+00
40 0 +6.980232603e+01 +5.852023260e+02 +5.852023260e+02 -1.6527e+00 +2.1641e-01 -3.2340e+00 -1.3412e+00 -1.6464e+00 +1.5656e+00 -1.4345e-01 +1.4975e+00 +2.2312e+00 -6.8011e-01 -1.8679e+00 +9.8634e-01 +1.4066e+00 -2.6258e+00 +2.5229e+00 +1.4158e+00 -3.1441e+00 -2.2269e+00 +3.2653e-02 -2.1770e-01
50 0 +6.664703018e+01 +5.820470302e+02 +5.820470302e+02 -2.2448e+00 +7.5603e-01 -2.4255e+00 -1.3343e+00 -6.3920e-01 +1.0033e+00 -8.6614e-01 +3.8703e-01 +1.8285e+00 +2.0067e-01 -7.3679e-01 +3.0785e-01 +2.0310e+00 -1.1164e+00 +2.0267e+00 +5.2246e-01 -1.9316e+00 -1.9663e+00 -2.0011e-01 +1.1506e-01
