% f evaluations | g evaluations | best noise-free fitness - Fopt (1.026100000000e+02) + sum g_i+ | measured fitness | best measured fitness or single-digit g-values | x1 | x2...
1 0 +3.131124616e+02 +4.157224616e+02 +4.157224616e+02 +0.0000e+00 +0.0000e+00 +0.0000e+00 +0.0000e+00 +0.0000e+00 +0.0000e+00 +0.0000e+00 +0.0000e+00 +0.0000e+00 +0.0000e+00 +0.0000e+00 +0.0000e+00 +0.0000e+00 +0.0000e+00 +0.0000e+00 +0.0000e+00 +0.0000e+00 +0.0000e+00 +0.0000e+00 +0.0000e+00
136 0 +3.098496332e+02 +4.124596332e+02 +4.124596332e+02 -1.3963e+00 -1.3935e+00 +3.0192e+00 +3.6391e-01 -8.5260e-02 -4.4287e-01 +3.0653e-01 +4.5963e+00 +7.9638e-01 -2.0106e+00 +3.8407e+00 +2.0509e+00 +3.8528e-01 -1.4790e+00 +1.0129e+00 +8.1129e-01 +7.0671e-01 -6.2095e-01 -2.2836e+00 -1.1054e+00
140 0 +3.001694261e+02 +4.027794261e+02 +4.027794261e+02 -1.9242e+00 -3.8180e+00 +2.3948e+00 +5.5298e-01 +7.2109e-01 +6.7179e-01 +1.2664e+00 +2.7742e+00 -6.8559e-01 -1.8595e+00 +8.6546e-01 -3.8451e-02 -3.8125e-01 +2.4397e-01 +5.5774e-01 -6.8315e-01 +9.0846e-01 +1.0817e+00 -1.1052e+00 +1.0577e+00
156 0 +2.632373833e+02 +3.658473833e+02 +3.658473833e+02 -7.0199e-01 -1.8499e+00 +2.3194e+00 +1.2843e+00 +1.9933e+00 -1.2944e-01 +2.0244e+00 +2.0847e+00 +2.4447e+00 +3.8446e-01 +1.6924e+00 +1.3591e+00 -2.8183e-01 -1.0374e+00 +1.9542e+00 +6.9664e-01 +1.6481e+00 -4.1369e-02 -2.5076e+00 +1.8719e-01
163 0 +2.464650368e+02 +3.490750368e+02 +3.490750368e+02 -7.1164e-01 -2.1792e+00 +1.8309e+00 -1.4667e-01 +2.2676e+00 -3.4751e-01 +2.7058e+00 +1.5197e+00 +1.4368e+00 -3.8089e-01 +2.7021e+00 -7.0580e-02 -1.6484e-01 -2.5725e+00 +1.8895e+00 +4.8081e-01 +1.5407e+00 -5.7878e-02 -8.0906e-01 +1.0492e+00
198 0 +2.206832140e+02 +3.232932140e+02 +3.232932140e+02 +2.3808e-02 -2.4866e+00 +2.1622e+00 -4.3498e-01 -6.0833e-01 +1.7038e+00 +1.7324e+00 +2.7402e+00 +2.0412e+00 -1.0776e+00 +1.8216e+00 +1.3005e+00 +6.0257e-01 -1.8940e+00 +3.2795e+00 +1.0925e+00 +5.8372e-01 +5.6376e-01 -9.1465e-01 -8.3550e-01
223 0 +1.992298129e+02 +3.018398129e+02 +3.018398129e+02 -4.6779e-01 -2.2691e+00 +1.5084e+00 -2.1126e+00 +4.5996e-01 -5.8505e-02 +1.4534e+00 +1.4471e+00 +7.5260e-01 -5.4220e-02 +1.0127e+00 +7.7645e-01 +5.8179e-01 -2.6256e+00 +2.2907e+00 +2.5608e+00 +1.8524e+00 +1.3116e+00 -1.9714e+00 -1.5699e+00
378 0 +1.734385641e+02 +2.760485641e+02 +2.760485641e+02 -2.8448e-01 -1.6850e+00 +1.2392e+00 -1.4825e+00 +6.9226e-01 -6.0653e-01 +2.5196e+00 +7.9076e-01 +1.0937e+00 -2.3485e-01 +1.2611e+00 +1.1852e+00 +1.6385e+00 -1.9787e+00 +7.7225e-01 +1.9536e+00 +2.1089e-01 +8.9519e-01 -2.3458e-01 -9.2909e-01
382 0 +1.694228048e+02 +2.720328048e+02 +2.720328048e+02 -8.6158e-01 -1.1827e+00 +2.2188e+00 -1.7315e+00 +2.0983e+00 +6.0521e-02 +2.4701e+00 +3.5140e-02 +3.7415e-01 +4.0488e-01 +1.7915e+00 +1.6820e+00 +2.3108e+00 -1.3610e+00 +1.0339e+00 +9.5188e-01 +8.9893e-01 +1.3230e+00 +1.3264e-01 -1.1006e+00
