% f evaluations | g evaluations | best noise-free fitness - Fopt (-1.810000000000e+01) + sum g_i+ | measured fitness | best measured fitness or single-digit g-values | x1 | x2...
1 0 +1.616251011e+07 +1.616249201e+07 +1.616249201e+07 +0.0000e+00 +0.0000e+00 +0.0000e+00
4 0 +1.548497499e+07 +1.548495689e+07 +1.548495689e+07 +2.9949e-01 +4.5778e+00 +1.1139e+00
9 0 +1.123544230e+07 +1.123542420e+07 +1.123542420e+07 -1.8370e+00 +3.3122e+00 +4.7114e+00
12 0 +1.110409983e+07 +1.110408173e+07 +1.110408173e+07 +1.7568e+00 +2.4955e+00 +5.3202e+00
13 0 +8.926027204e+06 +8.926009104e+06 +8.926009104e+06 -1.0493e+00 +3.5877e+00 +1.9214e+00
21 0 +7.728061922e+06 +7.728043822e+06 +7.728043822e+06 -1.5719e+00 +2.5218e+00 +4.9175e+00
28 0 +6.576943662e+06 +6.576925562e+06 +6.576925562e+06 -2.7528e+00 +2.1197e+00 +4.7111e+00
30 0 +4.209660976e+06 +4.209642876e+06 +4.209642876e+06 -1.2667e+00 +7.1398e-02 +5.4010e+00
35 0 +2.797684682e+05 +2.797503682e+05 +2.797503682e+05 -8.6915e-01 -8.7630e-02 +2.8854e+00
