% f evaluations | g evaluations | best noise-free fitness - Fopt (7.766000000000e+01) + sum g_i+ | measured fitness | best measured fitness or single-digit g-values | x1 | x2...
1 0 +5.704655230e+02 +6.481255230e+02 +6.481255230e+02 +0.0000e+00 +0.0000e+00 +0.0000e+00 +0.0000e+00 +0.0000e+00 +0.0000e+00 +0.0000e+00 +0.0000e+00 +0.0000e+00 +0.0000e+00
7 0 +4.362512077e+02 +5.139112077e+02 +5.139112077e+02 -2.2641e+00 +5.0189e+00 -3.1057e+00 +3.3884e+00 +1.9340e+00 -4.0351e+00 +5.4299e-01 +2.2530e+00 +2.0400e+00 -3.7059e+00
15 0 +4.251662113e+02 +5.028262113e+02 +5.028262113e+02 -1.4167e+00 +2.1187e+00 +1.5864e+00 +2.8392e+00 -1.8045e+00 -3.4588e+00 -8.2517e-01 +1.6381e+00 +7.9636e-02 -5.8804e-01
16 0 +2.408772106e+02 +3.185372106e+02 +3.185372106e+02 +3.1333e-03 +5.9836e+00 -1.3126e+00 +4.6323e+00 -1.0456e+00 -3.2455e+00 -2.8256e-01 -5.6939e-01 -4.6631e-01 -2.3843e+00
47 0 +2.302495207e+02 +3.079095207e+02 +3.079095207e+02 -8.6118e-01 -5.9805e+00 -1.1867e+00 +1.9514e+00 -4.2025e+00 +2.7580e-01 -2.9602e+00 -2.5696e-01 +1.5065e+00 -3.3561e+00
53 0 +2.158534578e+02 +2.935134578e+02 +2.935134578e+02 -2.8155e+00 -3.2313e+00 +8.4336e-01 +3.7369e+00 -1.8367e+00 +3.9687e-01 -2.9874e-01 -1.7776e+00 +1.0534e+00 -1.8307e+00
61 0 +1.969416900e+02 +2.746016900e+02 +2.746016900e+02 -6.1772e-01 -6.3099e+00 +1.5863e+00 +2.2736e+00 -6.4369e-02 +1.3019e+00 -1.2995e+00 -7.5621e-01 -1.4660e-01 -4.6807e+00
65 0 +1.935677608e+02 +2.712277608e+02 +2.712277608e+02 +3.4890e+00 -2.8635e+00 +1.5479e+00 +2.1965e+00 -1.6863e+00 +2.3752e+00 -2.0475e+00 +1.0449e+00 -1.5777e-01 -4.2655e+00
100 0 +1.556906454e+02 +2.333506454e+02 +2.333506454e+02 +2.8335e+00 -3.6030e+00 -3.9812e-01 +1.9543e+00 -1.3365e+00 -1.4348e+00 +1.2577e+00 -2.1256e+00 -8.5026e-01 -4.1036e+00
