% f evaluations | g evaluations | best noise-free fitness - Fopt (7.948000000000e+01) + sum g_i+ | measured fitness | best measured fitness or single-digit g-values | x1 | x2...
1 0 +8.977281728e+01 +1.692528173e+02 +1.692528173e+02 +0.0000e+00 +0.0000e+00 +0.0000e+00 +0.0000e+00 +0.0000e+00 +0.0000e+00 +0.0000e+00 +0.0000e+00 +0.0000e+00 +0.0000e+00 +0.0000e+00 +0.0000e+00 +0.0000e+00 +0.0000e+00 +0.0000e+00 +0.0000e+00 +0.0000e+00 +0.0000e+00 +0.0000e+00 +0.0000e+00
37 0 +8.629571348e+01 +1.657757135e+02 +1.657757135e+02 -3.1251e-01 -9.4090e-01 +1.3289e-01 +2.1449e+00 -1.6824e+00 +1.5710e+00 -3.0900e-01 -4.6121e-01 +1.6637e+00 -1.0788e+00 -1.1576e+00 +2.9699e-01 -9.3828e-01 -2.6681e+00 +1.9843e+00 +6.9839e-01 +1.6195e+00 +1.5701e+00 +4.5150e-01 -1.0573e-01
39 0 +6.813598600e+01 +1.476159860e+02 +1.476159860e+02 -8.8764e-01 -3.2672e+00 -9.7745e-01 +2.7265e+00 -2.3306e+00 +2.6496e+00 +2.1349e-01 +3.8627e+00 -3.0698e+00 -1.4804e+00 -8.7276e-01 -2.4087e-01 +3.1542e-01 -1.2466e+00 +3.4512e+00 +1.0826e+00 +1.9521e+00 -1.3324e+00 -4.0840e-01 +1.4693e+00
49 0 +5.930630807e+01 +1.387863081e+02 +1.387863081e+02 +2.1329e-01 -8.0032e-02 -1.3757e+00 -2.8763e-01 -1.0443e+00 +1.7014e+00 +1.4215e-01 -4.7853e-01 +7.3943e-01 -1.3704e+00 -3.0228e+00 +1.7024e-01 -2.1917e+00 -3.0893e+00 +3.4621e+00 +1.7886e+00 -1.7033e+00 -1.8309e+00 -3.7956e-01 +1.0597e+00
50 0 +4.380837829e+01 +1.232883783e+02 +1.232883783e+02 +9.0144e-02 -3.1821e-01 -6.0587e-01 +8.9676e-01 -1.6593e+00 +1.8893e+00 +2.6733e-01 +5.0507e-01 -8.2353e-01 -1.5527e+00 -1.8968e+00 -2.2290e-01 -9.1147e-01 -1.9193e+00 +3.3420e+00 +1.3653e+00 +3.0457e-02 -6.1729e-01 -1.5422e-03 +7.1587e-01
% f evaluations | g evaluations | best noise-free fitness - Fopt (3.944800000000e+02) + sum g_i+ | measured fitness | best measured fitness or single-digit g-values | x1 | x2...
1 0 +1.466628819e+02 +5.411428819e+02 +5.411428819e+02 +0.0000e+00 +0.0000e+00 +0.0000e+00 +0.0000e+00 +0.0000e+00 +0.0000e+00 +0.0000e+00 +0.0000e+00 +0.0000e+00 +0.0000e+00 +0.0000e+00 +0.0000e+00 +0.0000e+00 +0.0000e+00 +0.0000e+00 +0.0000e+00 +0.0000e+00 +0.0000e+00 +0.0000e+00 +0.0000e+00
22 0 +1.443430453e+02 +5.388230453e+02 +5.388230453e+02 -2.1670e+00 -4.6073e+00 +2.2083e-01 -5.6667e-01 -1.3570e+00 -3.8908e+00 -2.1871e-01 +1.2196e+00 +1.2591e+00 -3.5139e+00 -1.0107e-01 +1.9496e+00 -1.9399e-01 -2.4487e+00 -3.1188e+00 +2.4594e+00 -1.9877e-01 +1.5336e+00 +2.1912e+00 +4.0594e+00
26 0 +1.058245136e+02 +5.003045136e+02 +5.003045136e+02 -8.0509e-01 -2.7120e+00 -3.6964e+00 +1.9554e+00 -1.7991e+00 -1.4048e+00 +1.5732e+00 -7.4971e-01 -2.3338e-01 -1.5348e+00 +1.1916e+00 +4.2893e-01 +3.2643e-01 -8.1480e-01 -3.1980e+00 +3.2824e+00 -1.1512e-01 +5.0872e+00 +5.6598e-01 +1.5455e+00
41 0 +1.015602379e+02 +4.960402379e+02 +4.960402379e+02 -4.8980e+00 -5.7633e+00 -3.5158e+00 -9.5416e-01 -3.0201e+00 -2.7335e+00 +3.3443e-01 -1.8173e+00 -2.1099e+00 -1.0274e+00 +1.4820e+00 +2.5745e+00 -4.0247e-01 +3.7622e+00 -1.0613e+00 +6.4509e+00 -2.1820e-01 -1.5818e+00 -3.3591e-01 +5.2588e-01
50 0 +7.133099642e+01 +4.658109964e+02 +4.658109964e+02 -2.4181e+00 -4.9842e+00 -4.0035e+00 -2.4317e-01 -1.1054e+00 -2.5676e+00 -6.5775e-02 -2.5173e-01 -6.6459e-01 -1.0780e+00 +2.4105e+00 +1.6018e+00 +5.1017e-01 +1.2661e+00 -2.3854e+00 +4.7995e+00 -4.2812e-01 +6.9523e-01 +5.4701e-01 +9.2335e-01
% f evaluations | g evaluations | best noise-free fitness - Fopt (-2.471100000000e+02) + sum g_i+ | measured fitness | best measured fitness or single-digit g-values | x1 | x2...
1 0 +1.231669958e+02 -1.239430042e+02 -1.239430042e+02 +0.0000e+00 +0.0000e+00 +0.0000e+00 +0.0000e+00 +0.0000e+00 +0.0000e+00 +0.0000e+00 +0.0000e+00 +0.0000e+00 +0.0000e+00 +0.0000e+00 +0.0000e+00 +0.0000e+00 +0.0000e+00 +0.0000e+00 +0.0000e+00 +0.0000e+00 +0.0000e+00 +0.0000e+00 +0.0000e+00
2 0 +1.076154761e+02 -1.394945239e+02 -1.394945239e+02 -1.0014e+00 -1.1451e+00 -1.8722e+00 +3.4720e-01 -1.5046e-01 -2.9988e-01 +3.7456e-01 -2.4062e+00 -2.1305e+00 +1.3022e+00 -1.4779e+00 -2.3094e-01 -3.9665e-02 -3.0431e+00 +4.1227e+00 -2.5383e-01 +1.4706e+00 +1.2624e+00 +1.6638e+00 -1.0937e+00
26 0 +8.529481837e+01 -1.618151816e+02 -1.618151816e+02 -1.2862e+00 +3.5036e+00 +1.8880e+00 -1.8810e+00 -2.0834e+00 -1.2874e+00 +2.0279e+00 -5.4775e+00 -5.5342e-01 +8.0614e-01 +2.5056e-01 -1.4051e+00 +5.5782e+00 +2.2507e+00 +4.0781e+00 -1.5591e+00 +2.3702e+00 +1.8821e-02 +3.9170e+00 -2.2923e+00
32 0 +6.311494741e+01 -1.839950526e+02 -1.839950526e+02 -1.2957e+00 +1.6149e+00 -6.4299e-01 -5.4227e+00 -2.6204e+00 -4.6238e-01 +1.0331e+00 -3.8097e+00 -2.7409e+00 +4.4276e+00 +1.3260e+00 +3.2748e+00 +7.5428e-01 +3.6223e-01 +3.3968e+00 +2.2904e+00 +8.7133e-01 +2.9463e+00 +2.7299e+00 -1.3882e+00
50 0 +4.856145362e+01 -1.985485464e+02 -1.985485464e+02 -1.6004e+00 +9.6040e-01 -6.6334e-01 -4.6151e+00 -3.1819e+00 +4.7094e-02 +3.4755e+00 -4.6697e+00 -2.1934e+00 +3.4447e+00 -1.1016e+00 +1.9930e+00 +2.8192e+00 +1.2788e+00 +3.2443e+00 +1.5142e+00 +5.7908e-02 +1.3777e+00 +3.3623e+00 -2.1465e+00
% f evaluations | g evaluations | best noise-free fitness - Fopt (-1.520400000000e+02) + sum g_i+ | measured fitness | best measured fitness or single-digit g-values | x1 | x2...
1 0 +1.096536352e+02 -4.238636480e+01 -4.238636480e+01 +0.0000e+00 +0.0000e+00 +0.0000e+00 +0.0000e+00 +0.0000e+00 +0.0000e+00 +0.0000e+00 +0.0000e+00 +0.0000e+00 +0.0000e+00 +0.0000e+00 +0.0000e+00 +0.0000e+00 +0.0000e+00 +0.0000e+00 +0.0000e+00 +0.0000e+00 +0.0000e+00 +0.0000e+00 +0.0000e+00
5 0 +1.025281950e+02 -4.951180502e+01 -4.951180502e+01 -5.0540e-01 +2.0409e+00 -1.4699e+00 +2.3339e+00 -2.1315e+00 -3.2130e-01 +7.2976e-02 +2.9789e+00 +1.2417e+00 +2.6835e+00 +2.0005e+00 -3.8541e+00 -3.2863e+00 +9.1617e-01 +2.2051e+00 +1.9447e+00 +3.5005e+00 +2.4264e+00 +3.7661e+00 +4.3461e-01
14 0 +5.949777915e+01 -9.254222085e+01 -9.254222085e+01 +6.0994e-01 +3.7058e-01 -2.6286e+00 +7.2239e-01 +1.3089e+00 -2.6037e+00 -1.1183e+00 -1.7677e+00 -4.7129e-01 +3.5168e+00 -2.6914e+00 -6.1142e-01 -5.8937e-01 +1.6680e+00 -2.3857e+00 +1.2610e+00 +2.4326e+00 +7.9223e-01 -2.4366e+00 +3.6498e+00
29 0 +4.761866699e+01 -1.044213330e+02 -1.044213330e+02 -3.1537e-01 +1.8590e+00 -3.2665e+00 +2.7010e+00 +2.0241e-01 -3.4351e+00 -1.8013e+00 +1.5968e+00 +1.0646e+00 +3.5180e+00 -2.2178e+00 -1.0636e-01 -4.7847e-01 +3.2647e+00 -2.3146e-01 +4.4442e-01 +2.5040e+00 +1.2838e-01 -1.0852e+00 +4.5999e+00
50 0 +2.852563707e+01 -1.235143629e+02 -1.235143629e+02 -4.0555e-01 +2.1334e+00 -3.8156e+00 +8.4441e-01 +6.5601e-01 -1.2936e-01 -1.5831e+00 +5.5070e-01 +7.8909e-01 +2.7957e+00 -1.5220e+00 -1.1244e+00 -2.4081e+00 +3.3392e+00 +1.7927e-01 +1.5650e+00 +1.4206e+00 +2.7742e+00 -1.8961e+00 +2.7499e+00
% f evaluations | g evaluations | best noise-free fitness - Fopt (-2.525000000000e+01) + sum g_i+ | measured fitness | best measured fitness or single-digit g-values | x1 | x2...
1 0 +7.197402816e+01 +4.672402816e+01 +4.672402816e+01 +0.0000e+00 +0.0000e+00 +0.0000e+00 +0.0000e+00 +0.0000e+00 +0.0000e+00 +0.0000e+00 +0.0000e+00 +0.0000e+00 +0.0000e+00 +0.0000e+00 +0.0000e+00 +0.0000e+00 +0.0000e+00 +0.0000e+00 +0.0000e+00 +0.0000e+00 +0.0000e+00 +0.0000e+00 +0.0000e+00
2 0 +5.762575003e+01 +3.237575003e+01 +3.237575003e+01 +2.9060e+00 +2.1869e+00 -1.4917e+00 +7.3091e-01 +4.0435e-01 -7.6570e-02 -2.2285e+00 -3.1095e+00 -2.3189e-01 +8.3322e-01 +4.5931e-01 -1.2047e+00 -1.5166e+00 +3.0315e-01 +4.2895e+00 +1.0553e-01 -9.3366e-02 -1.5918e-01 -5.5247e-01 -2.8050e+00
20 0 +4.291489906e+01 +1.766489906e+01 +1.766489906e+01 +2.9336e+00 +6.6103e-01 -6.5568e-01 +1.2105e+00 +3.1031e+00 +1.8412e+00 -1.3120e+00 -2.2482e+00 +5.2570e-01 -7.2927e-01 -8.9575e-01 +1.2527e+00 -2.8701e+00 -2.3050e+00 +3.3649e+00 +9.0364e-01 -3.4663e-01 -1.1999e+00 -2.9943e-01 -9.6113e-01
42 0 +3.750108232e+01 +1.225108232e+01 +1.225108232e+01 +5.2608e+00 +3.3096e-01 -1.2612e+00 -8.2306e-01 +2.4151e-01 +1.3890e+00 -1.5645e+00 -3.6915e+00 +2.3060e+00 -3.2889e+00 +7.1405e-01 +3.8854e-01 -3.7139e+00 -1.1146e+00 +4.1005e-01 +1.4922e+00 +3.0771e-01 -1.1450e+00 -1.4231e+00 -1.9263e+00
50 0 +1.699755552e+01 -8.252444482e+00 -8.252444482e+00 +3.6071e+00 +1.5964e+00 -1.5035e+00 -8.6181e-01 +2.5147e+00 +5.1483e-01 -1.6230e+00 -2.7120e+00 +1.2763e+00 -1.9124e+00 +1.8517e+00 +2.2650e+00 -1.9639e+00 -2.3811e+00 +1.3308e+00 +7.1135e-01 +4.0549e-01 -1.5879e+00 -6.7727e-01 -1.6338e+00
