% f evaluations | g evaluations | best noise-free fitness - Fopt (3.777000000000e+01) + sum g_i+ | measured fitness | best measured fitness or single-digit g-values | x1 | x2...
1 0 +9.102553206e+07 +9.102556983e+07 +9.102556983e+07 +0.0000e+00 +0.0000e+00 +0.0000e+00 +0.0000e+00 +0.0000e+00 +0.0000e+00 +0.0000e+00 +0.0000e+00 +0.0000e+00 +0.0000e+00 +0.0000e+00 +0.0000e+00 +0.0000e+00 +0.0000e+00 +0.0000e+00 +0.0000e+00 +0.0000e+00 +0.0000e+00 +0.0000e+00 +0.0000e+00
30 0 +7.325035790e+07 +7.325039567e+07 +7.325039567e+07 +2.4740e+00 +2.1131e+00 -1.6947e-02 -1.0055e+00 +3.7410e+00 -3.2969e+00 -1.6504e+00 +1.9146e+00 +1.8966e+00 -3.7578e+00 +2.3809e+00 +8.0491e-01 -2.5878e+00 -1.9892e+00 +3.4858e-01 +1.3710e+00 -2.1073e+00 -7.0497e-01 +3.5850e+00 +1.0438e+00
42 0 +4.907634279e+07 +4.907638056e+07 +4.907638056e+07 +1.7248e+00 +8.9189e-01 +2.0230e-01 +4.4007e-01 +1.1916e+00 -2.0165e+00 -2.6528e+00 -1.9153e-01 -2.6990e+00 -2.7422e+00 -1.1651e+00 -2.9689e-01 -2.5766e+00 -1.6904e+00 -1.7263e+00 +2.9642e+00 -2.5531e+00 -1.0293e+00 +2.6506e+00 -4.7746e-01
73 0 +4.012236401e+07 +4.012240178e+07 +4.012240178e+07 +2.1785e+00 +2.4815e+00 -1.1002e+00 -1.3093e-01 -1.1627e-01 -4.6026e+00 -2.0850e+00 +2.6653e+00 +2.4365e-01 -1.7647e+00 -7.4514e-01 +1.0947e-01 +3.5907e-01 -3.2535e+00 -2.3280e+00 -1.0840e+00 -1.7278e+00 -7.6291e-01 +9.9114e-03 -2.2648e+00
132 0 +3.862891319e+07 +3.862895096e+07 +3.862895096e+07 -1.0968e-01 +1.1985e+00 +6.2543e-01 +7.5969e-01 +2.7268e+00 -3.3352e+00 -3.1165e+00 +2.0392e+00 -1.3464e+00 -1.1079e+00 +1.1037e+00 -9.1567e-01 -1.0336e+00 -2.6020e+00 -1.8753e+00 +3.4829e+00 -1.0789e+00 -1.6661e+00 +1.3137e+00 -2.6399e+00
150 0 +2.509136908e+07 +2.509140685e+07 +2.509140685e+07 -1.5108e-01 +1.7986e-01 +9.7278e-01 +8.9353e-01 +2.7700e+00 -3.5652e+00 -1.8863e+00 +2.2884e+00 -1.8094e+00 -2.6092e+00 +1.7690e+00 +9.9044e-01 -1.5010e+00 -1.4086e+00 -2.0529e+00 -8.4387e-01 -1.7573e+00 -1.3662e+00 -6.6681e-01 -5.7570e-01
173 0 +2.240038056e+07 +2.240041833e+07 +2.240041833e+07 -1.1288e-01 +8.0818e-01 +6.4246e-01 +1.4010e+00 +2.9250e+00 -2.2616e+00 -2.6157e+00 +1.6262e+00 -1.1068e+00 -3.1975e+00 +2.2256e+00 -2.0124e-01 -3.1223e+00 -2.3819e-01 -8.0407e-01 -8.3790e-01 -1.0815e+00 -4.8713e-01 -1.2684e+00 +3.8093e-01
174 0 +2.043082874e+07 +2.043086651e+07 +2.043086651e+07 +5.1973e-01 +1.2702e+00 +9.9074e-01 +9.4502e-01 +9.8042e-01 -4.4141e+00 -2.1403e+00 +4.2075e+00 +3.1790e-01 -2.1407e+00 +1.8713e+00 -5.9632e-01 -1.4583e+00 -1.4944e+00 -2.6632e+00 +5.7239e-01 -2.1566e+00 -1.1840e+00 -5.8237e-01 -1.0599e+00
196 0 +1.961965256e+07 +1.961969033e+07 +1.961969033e+07 -1.0270e+00 +9.3480e-01 +4.1422e-02 +9.8999e-01 +1.1668e+00 -4.3344e+00 -2.4925e+00 +2.0009e+00 -1.2064e+00 -2.6294e+00 +2.2759e+00 -1.5611e-01 -3.4153e-01 -4.4397e-01 -1.7708e+00 -4.8339e-01 -3.0016e+00 -1.5708e+00 -8.6610e-01 +8.1138e-02
