% f evaluations | g evaluations | best noise-free fitness - Fopt (-1.694000000000e+01) + sum g_i+ | measured fitness | best measured fitness or single-digit g-values | x1 | x2...
1 0 +3.707168231e+01 +2.013168231e+01 +2.013168231e+01 +0.0000e+00 +0.0000e+00 +0.0000e+00 +0.0000e+00 +0.0000e+00 +0.0000e+00 +0.0000e+00 +0.0000e+00 +0.0000e+00 +0.0000e+00 +0.0000e+00 +0.0000e+00 +0.0000e+00 +0.0000e+00 +0.0000e+00 +0.0000e+00 +0.0000e+00 +0.0000e+00 +0.0000e+00 +0.0000e+00
2 0 +3.300389830e+01 +1.606389830e+01 +1.606389830e+01 -1.8673e-01 -1.4204e+00 +4.7394e-01 +5.0390e-01 -5.3962e-01 +3.5352e+00 +1.1300e+00 -5.2909e-01 +8.2885e-02 +3.7511e+00 -1.1087e+00 +7.7823e-01 +2.3379e+00 -3.0486e+00 +1.4084e+00 +1.9552e+00 +2.6018e+00 +3.3091e+00 +9.8932e-01 +1.4081e+00
15 0 +2.549503827e+01 +8.555038270e+00 +8.555038270e+00 +1.8548e+00 -1.3876e+00 -6.1728e-01 -8.5872e-01 +2.1835e+00 +1.2554e+00 +1.0824e-01 +6.9819e-01 +1.8187e+00 +1.1333e+00 +9.7349e-01 -4.5391e-01 +9.4301e-01 +3.6125e-01 -2.9768e-01 +3.7148e+00 +2.3108e+00 -8.7396e-01 +4.7625e-01 -1.4700e+00
16 0 +1.967389267e+01 +2.733892671e+00 +2.733892671e+00 +1.3822e+00 -1.1049e+00 -2.6422e+00 -3.5833e+00 -2.2774e-01 +1.8500e+00 +4.7116e-01 -1.7832e+00 +1.6560e+00 +1.6289e+00 +3.9458e-02 +1.0635e+00 +8.0582e-01 +6.6795e-02 -2.7880e-01 +1.0615e+00 +2.8714e+00 +3.1862e-01 -1.1979e+00 -1.9538e-01
33 0 +1.743521019e+01 +4.952101911e-01 +4.952101911e-01 -3.4138e-01 +1.9859e+00 -2.8863e+00 -4.5122e+00 +5.2889e+00 +3.3120e+00 +1.2547e+00 -8.2644e-01 +2.4114e+00 +2.1428e+00 +2.0908e+00 -9.1393e-01 +2.2749e-02 -1.5159e+00 +6.2073e-01 +1.4318e+00 +2.9158e+00 +1.5954e+00 -4.6008e-01 +2.9964e-02
46 0 +1.333894974e+01 -3.601050264e+00 -3.601050264e+00 +1.5367e+00 -1.0490e+00 -1.8083e+00 -2.7625e+00 +4.5362e+00 -2.3096e+00 +2.0069e+00 -1.3441e+00 +1.3533e+00 +3.2371e+00 +2.4770e+00 -2.2573e+00 -2.6322e-01 +1.0725e+00 +2.4905e+00 +1.7307e+00 +2.6547e+00 -6.2498e-01 -5.1471e-01 +1.3090e+00
% f evaluations | g evaluations | best noise-free fitness - Fopt (1.881000000000e+01) + sum g_i+ | measured fitness | best measured fitness or single-digit g-values | x1 | x2...
1 0 +1.544776293e+01 +3.425776293e+01 +3.425776293e+01 +0.0000e+00 +0.0000e+00 +0.0000e+00 +0.0000e+00 +0.0000e+00 +0.0000e+00 +0.0000e+00 +0.0000e+00 +0.0000e+00 +0.0000e+00 +0.0000e+00 +0.0000e+00 +0.0000e+00 +0.0000e+00 +0.0000e+00 +0.0000e+00 +0.0000e+00 +0.0000e+00 +0.0000e+00 +0.0000e+00
32 0 +1.419963174e+01 +3.300963174e+01 +3.300963174e+01 -1.0413e+00 +1.0176e+00 -2.7040e-01 -2.6018e+00 +4.2811e+00 -3.7162e-01 +2.9256e+00 +1.1854e+00 +1.4283e+00 -1.4592e+00 +8.4342e-01 +1.8668e+00 -1.3029e+00 +1.9502e+00 +2.3889e+00 -2.9997e-01 -2.0891e+00 -6.8137e-01 -4.3235e-01 +7.6141e-01
33 0 +1.118488325e+01 +2.999488325e+01 +2.999488325e+01 -1.5755e+00 -4.7317e-01 +1.5615e+00 -4.2170e+00 +2.8936e+00 -3.1633e-01 +3.0560e-01 +2.0788e+00 +9.6610e-02 +5.3203e-01 -1.1764e+00 +4.1508e+00 +3.1996e-01 -2.5310e+00 +3.1290e-01 -2.4066e+00 -8.9859e-01 +7.8957e-02 +3.0886e-01 -5.7186e-01
% f evaluations | g evaluations | best noise-free fitness - Fopt (2.731500000000e+02) + sum g_i+ | measured fitness | best measured fitness or single-digit g-values | x1 | x2...
1 0 +3.571434203e+01 +3.088643420e+02 +3.088643420e+02 +0.0000e+00 +0.0000e+00 +0.0000e+00 +0.0000e+00 +0.0000e+00 +0.0000e+00 +0.0000e+00 +0.0000e+00 +0.0000e+00 +0.0000e+00 +0.0000e+00 +0.0000e+00 +0.0000e+00 +0.0000e+00 +0.0000e+00 +0.0000e+00 +0.0000e+00 +0.0000e+00 +0.0000e+00 +0.0000e+00
30 0 +3.028611647e+01 +3.034361165e+02 +3.034361165e+02 -2.6446e+00 +5.1014e+00 +2.1290e+00 +3.7300e+00 +1.1177e+00 +3.2069e+00 -2.0639e+00 +1.8077e+00 +2.7302e+00 +2.1181e+00 +1.0432e+00 +3.5398e+00 -1.0658e+00 -1.1316e+00 -7.7558e-01 -2.8130e+00 -3.0493e-01 +5.5662e-01 -1.6235e+00 +2.7192e-01
31 0 +2.717104131e+01 +3.003210413e+02 +3.003210413e+02 -4.7295e+00 +1.5467e+00 +2.8566e+00 -1.6175e-01 -4.3171e-01 -1.4571e+00 -3.7739e+00 -5.1184e-01 -2.3475e-01 -5.9203e-01 -1.0534e+00 +4.9438e-01 +9.1349e-01 +1.4929e+00 -2.1061e+00 -7.1686e-01 -9.5333e-01 +5.3955e+00 -1.4143e+00 +2.7240e+00
47 0 +2.237276884e+01 +2.955227688e+02 +2.955227688e+02 -4.0591e+00 +5.1318e+00 +7.6830e-01 +1.5191e+00 -6.6546e-01 +6.1334e-01 -3.2639e+00 -9.9937e-01 +5.0637e-01 +2.2510e+00 +1.2622e+00 -3.8619e+00 +6.7223e-01 +1.3849e-01 -1.1120e+00 -4.3706e+00 -3.6042e-01 +9.3137e-01 -1.9071e+00 +1.6791e+00
% f evaluations | g evaluations | best noise-free fitness - Fopt (3.718000000000e+01) + sum g_i+ | measured fitness | best measured fitness or single-digit g-values | x1 | x2...
1 0 +1.574854264e+01 +5.292854264e+01 +5.292854264e+01 +0.0000e+00 +0.0000e+00 +0.0000e+00 +0.0000e+00 +0.0000e+00 +0.0000e+00 +0.0000e+00 +0.0000e+00 +0.0000e+00 +0.0000e+00 +0.0000e+00 +0.0000e+00 +0.0000e+00 +0.0000e+00 +0.0000e+00 +0.0000e+00 +0.0000e+00 +0.0000e+00 +0.0000e+00 +0.0000e+00
15 0 +1.532376211e+01 +5.250376211e+01 +5.250376211e+01 -1.8743e+00 +2.3468e+00 +3.2555e-01 -8.4251e-01 -4.0660e+00 -4.1890e+00 -3.8973e+00 +5.8004e-01 +1.7067e+00 +2.6592e+00 -9.7348e-01 +2.8858e+00 +1.5599e+00 +3.3405e+00 -3.9056e-01 -2.7653e+00 +2.2440e+00 -2.7279e+00 +1.3222e+00 -4.0366e+00
25 0 +1.357723132e+01 +5.075723132e+01 +5.075723132e+01 -2.0789e+00 -3.6858e-01 -1.1533e-01 -2.0637e+00 -1.8173e+00 +5.2495e-01 -2.6148e+00 +1.3297e+00 +1.9763e+00 +8.1079e-01 -4.5330e+00 +2.2677e+00 -4.1085e+00 +1.3770e+00 +3.9756e+00 +7.3516e-02 -9.9136e-01 +1.9107e+00 +7.2327e-01 +8.4415e-01
27 0 +9.947517731e+00 +4.712751773e+01 +4.712751773e+01 -3.2306e+00 -1.5003e+00 -5.7537e-01 -1.6171e+00 -1.7834e+00 -1.0573e+00 +1.0411e+00 -2.3648e+00 +2.3089e+00 +1.5465e+00 -8.3511e-01 +5.9714e-01 -1.8529e-01 +3.3497e+00 -4.8054e-01 +3.8526e-01 -1.9052e+00 -6.4153e-01 +1.2493e+00 +1.0831e-02
% f evaluations | g evaluations | best noise-free fitness - Fopt (-1.479000000000e+02) + sum g_i+ | measured fitness | best measured fitness or single-digit g-values | x1 | x2...
1 0 +1.445935349e+01 -1.334406465e+02 -1.334406465e+02 +0.0000e+00 +0.0000e+00 +0.0000e+00 +0.0000e+00 +0.0000e+00 +0.0000e+00 +0.0000e+00 +0.0000e+00 +0.0000e+00 +0.0000e+00 +0.0000e+00 +0.0000e+00 +0.0000e+00 +0.0000e+00 +0.0000e+00 +0.0000e+00 +0.0000e+00 +0.0000e+00 +0.0000e+00 +0.0000e+00
24 0 +1.374278985e+01 -1.341572102e+02 -1.341572102e+02 -8.3753e-01 +2.1437e-01 +1.6600e+00 -2.8235e+00 -8.8409e-01 -1.2029e+00 +1.1219e+00 +3.2158e+00 +4.0457e-01 +1.9413e+00 +1.6165e-01 +3.9606e+00 +1.7432e+00 +2.7477e-01 +2.8907e+00 +2.8788e-01 -6.0382e-01 -3.9955e+00 +5.5201e-02 +1.2128e+00
45 0 +1.241064171e+01 -1.354893583e+02 -1.354893583e+02 -1.4076e+00 +1.7128e+00 +3.5592e+00 -2.0760e+00 +2.8036e+00 +4.6671e-01 +2.5687e-01 +1.3859e+00 +2.7767e-01 +2.0843e+00 +8.6036e-01 +2.0270e-01 -1.0751e+00 -5.4717e+00 +2.1300e+00 +2.9100e-01 -3.5933e-01 -3.4325e-02 -1.3476e+00 +3.2145e+00
