% f evaluations | g evaluations | best noise-free fitness - Fopt (-4.620900000000e+02) + sum g_i+ | measured fitness | best measured fitness or single-digit g-values | x1 | x2...
1 0 +9.124201902e+02 +4.503301902e+02 +4.503301902e+02 +0.0000e+00 +0.0000e+00 +0.0000e+00 +0.0000e+00 +0.0000e+00 +0.0000e+00 +0.0000e+00 +0.0000e+00 +0.0000e+00 +0.0000e+00 +0.0000e+00 +0.0000e+00 +0.0000e+00 +0.0000e+00 +0.0000e+00 +0.0000e+00 +0.0000e+00 +0.0000e+00 +0.0000e+00 +0.0000e+00
22 0 +6.145510236e+02 +1.524610236e+02 +1.524610236e+02 +3.1924e+00 +1.2001e+00 +2.7073e-01 -1.2158e+00 +2.1582e+00 +3.8568e+00 +7.8940e-01 +1.1186e+00 -7.4906e-01 +7.8458e-01 -7.4568e-01 -1.6609e+00 +3.5185e+00 -1.2665e+00 -3.4818e+00 -2.1627e+00 -3.1280e-01 +2.1864e+00 +2.4979e-01 +1.9492e+00
41 0 +5.573820669e+02 +9.529206690e+01 +9.529206690e+01 +1.7612e-01 +2.2465e+00 +4.9871e-01 -2.3287e+00 +2.5514e+00 +4.6146e-01 +2.8759e+00 +3.7412e+00 +2.9641e-01 -2.1572e+00 -6.2696e-01 -2.0104e+00 +1.1405e+00 -2.0599e-01 -1.4664e-01 -2.1930e+00 -3.5427e+00 -3.0332e-01 -2.2260e+00 +1.5586e+00
% f evaluations | g evaluations | best noise-free fitness - Fopt (7.766000000000e+01) + sum g_i+ | measured fitness | best measured fitness or single-digit g-values | x1 | x2...
1 0 +9.473743362e+02 +1.025034336e+03 +1.025034336e+03 +0.0000e+00 +0.0000e+00 +0.0000e+00 +0.0000e+00 +0.0000e+00 +0.0000e+00 +0.0000e+00 +0.0000e+00 +0.0000e+00 +0.0000e+00 +0.0000e+00 +0.0000e+00 +0.0000e+00 +0.0000e+00 +0.0000e+00 +0.0000e+00 +0.0000e+00 +0.0000e+00 +0.0000e+00 +0.0000e+00
6 0 +7.956383355e+02 +8.732983355e+02 +8.732983355e+02 +2.2878e+00 -6.6192e-01 -9.0260e-01 +9.7900e-02 -4.3761e-01 +4.0853e+00 -2.5315e+00 -1.2658e+00 +2.4739e+00 -1.7646e+00 +9.1022e-01 -1.2430e+00 +1.8075e+00 -1.1369e+00 -8.2906e-01 +2.7437e+00 +1.9108e+00 +7.9580e-01 -5.3744e-01 -2.4930e+00
26 0 +7.375049952e+02 +8.151649952e+02 +8.151649952e+02 +4.5042e+00 -3.3793e+00 -1.6316e+00 +1.0707e+00 -2.2803e+00 +2.9546e+00 -7.5002e+00 +1.8775e+00 +2.8047e+00 -9.4655e-01 +4.6270e-01 -6.1272e+00 -1.2656e+00 -2.5173e+00 -1.5811e+00 -6.7773e-01 +1.7683e+00 -3.1004e+00 +4.2464e+00 -2.4949e+00
34 0 +7.075783694e+02 +7.852383694e+02 +7.852383694e+02 +7.3373e+00 -1.9838e+00 +4.1510e-01 +2.6240e+00 -2.7220e+00 +3.5863e+00 -8.8489e-02 -1.6830e+00 -4.1463e-01 +1.0980e+00 +2.3168e+00 -3.4681e+00 -1.5257e+00 -2.1644e+00 +2.9570e-01 +2.5359e+00 +6.8131e-01 -3.5893e-02 +1.7402e+00 -1.8955e+00
39 0 +6.325541440e+02 +7.102141440e+02 +7.102141440e+02 +3.6067e+00 +6.5103e-01 +5.2107e-01 -4.5110e+00 -5.0516e+00 +1.4893e+00 -4.5485e+00 -4.2227e+00 +3.4314e-01 -2.5622e+00 +1.3570e+00 -3.1583e+00 +5.1125e-01 -3.2866e-01 -1.6454e+00 +2.4205e+00 +2.2683e+00 -1.7605e+00 +2.6311e-01 -4.0314e+00
% f evaluations | g evaluations | best noise-free fitness - Fopt (1.156800000000e+02) + sum g_i+ | measured fitness | best measured fitness or single-digit g-values | x1 | x2...
1 0 +7.797623408e+02 +8.954423408e+02 +8.954423408e+02 +0.0000e+00 +0.0000e+00 +0.0000e+00 +0.0000e+00 +0.0000e+00 +0.0000e+00 +0.0000e+00 +0.0000e+00 +0.0000e+00 +0.0000e+00 +0.0000e+00 +0.0000e+00 +0.0000e+00 +0.0000e+00 +0.0000e+00 +0.0000e+00 +0.0000e+00 +0.0000e+00 +0.0000e+00 +0.0000e+00
4 0 +6.910770476e+02 +8.067570476e+02 +8.067570476e+02 +8.5068e-02 -1.0058e-01 +4.0026e+00 -1.8968e+00 +8.2153e-01 -1.4364e+00 -4.8351e-01 -7.9237e-01 -2.7348e-01 -2.5635e+00 -5.9092e-01 +6.8638e-01 -1.9304e+00 -1.0115e+00 -2.9441e+00 +2.6401e+00 +1.8264e+00 +2.3778e+00 +3.2840e+00 -1.9413e+00
21 0 +5.847621254e+02 +7.004421254e+02 +7.004421254e+02 -1.2436e+00 +2.2549e+00 +1.4177e+00 +3.9346e+00 -1.0378e+00 +2.4391e+00 -1.6900e+00 +1.2994e-01 -1.5267e+00 -2.5560e+00 -6.1648e-01 +1.9756e-01 -6.4203e+00 -5.1227e-01 -2.5284e+00 +1.0981e+00 +1.7129e+00 +4.4546e+00 +2.2814e+00 -1.3265e+00
26 0 +5.369140130e+02 +6.525940130e+02 +6.525940130e+02 -5.7526e-01 +2.4885e+00 +2.9921e+00 +1.5619e+00 -3.7956e+00 +9.1813e-01 -3.9790e+00 +3.0241e+00 -4.9578e-01 -3.3702e+00 -5.7789e-02 +4.4007e-01 -4.0144e+00 -8.8652e-01 +8.4091e-02 +1.3131e+00 +7.1411e-01 +3.4419e+00 +3.0536e+00 -2.2477e+00
48 0 +5.041648987e+02 +6.198448987e+02 +6.198448987e+02 -1.7522e+00 +2.5213e+00 +2.0406e+00 +1.1364e+00 +1.5707e+00 +5.8139e-01 -2.9326e+00 +5.6747e+00 -5.8916e-01 -2.1605e+00 +3.0084e+00 -4.4595e+00 -3.1220e+00 -2.6033e+00 -1.3960e+00 -1.0003e+00 -1.6530e+00 +4.3204e+00 +3.0682e+00 -6.1974e-01
% f evaluations | g evaluations | best noise-free fitness - Fopt (-3.710000000000e+00) + sum g_i+ | measured fitness | best measured fitness or single-digit g-values | x1 | x2...
1 0 +9.158635511e+02 +9.121535511e+02 +9.121535511e+02 +0.0000e+00 +0.0000e+00 +0.0000e+00 +0.0000e+00 +0.0000e+00 +0.0000e+00 +0.0000e+00 +0.0000e+00 +0.0000e+00 +0.0000e+00 +0.0000e+00 +0.0000e+00 +0.0000e+00 +0.0000e+00 +0.0000e+00 +0.0000e+00 +0.0000e+00 +0.0000e+00 +0.0000e+00 +0.0000e+00
2 0 +8.058038317e+02 +8.020938317e+02 +8.020938317e+02 +1.7491e-01 +1.1481e+00 +1.8881e+00 -8.3885e-01 +1.6130e+00 +4.0535e-01 +8.8901e-01 -8.7254e-01 -1.0516e-01 -2.4572e+00 -1.3429e+00 +1.5310e+00 +2.0611e+00 -2.0762e+00 -9.7458e-01 +7.1649e-01 +1.2368e+00 +2.4198e+00 -9.9879e-02 -1.3034e+00
34 0 +6.071797977e+02 +6.034697977e+02 +6.034697977e+02 +1.7985e+00 +1.8635e+00 +4.3805e+00 -5.9678e-01 -2.6882e+00 +5.5693e-01 +2.2809e+00 -4.3817e-01 -2.8890e+00 -1.0728e+00 +3.9413e+00 -4.9878e-01 +6.4529e+00 +5.8594e-01 +6.3269e-01 -2.0666e+00 -6.1242e-01 +6.4713e-01 +1.2753e+00 -2.5358e+00
% f evaluations | g evaluations | best noise-free fitness - Fopt (1.321800000000e+02) + sum g_i+ | measured fitness | best measured fitness or single-digit g-values | x1 | x2...
1 0 +7.427879767e+02 +8.749679767e+02 +8.749679767e+02 +0.0000e+00 +0.0000e+00 +0.0000e+00 +0.0000e+00 +0.0000e+00 +0.0000e+00 +0.0000e+00 +0.0000e+00 +0.0000e+00 +0.0000e+00 +0.0000e+00 +0.0000e+00 +0.0000e+00 +0.0000e+00 +0.0000e+00 +0.0000e+00 +0.0000e+00 +0.0000e+00 +0.0000e+00 +0.0000e+00
21 0 +6.536437234e+02 +7.858237234e+02 +7.858237234e+02 -2.0710e+00 +2.5542e+00 -6.4136e-01 -1.6732e-02 -2.1839e+00 +3.3371e+00 -3.2380e+00 +2.8393e+00 -1.3094e+00 +1.8471e-01 +1.2967e+00 -8.2133e-01 +4.4729e-01 +9.7418e-03 -2.6474e+00 +1.3289e+00 -3.3963e-01 +2.8646e-01 -4.4323e+00 +1.2230e+00
26 0 +5.423671482e+02 +6.745471482e+02 +6.745471482e+02 -1.1986e+00 +9.7445e-01 -1.1856e+00 -3.1414e-01 -3.6532e+00 -5.2794e-01 -4.2712e+00 -2.5594e+00 -4.7941e-02 +1.0350e+00 +1.2569e+00 -7.5947e-01 +1.5498e+00 +1.2206e+00 -4.7674e+00 +3.3931e-01 -1.7922e+00 +1.6417e+00 -1.8018e+00 +1.1429e+00
48 0 +5.138225809e+02 +6.460025809e+02 +6.460025809e+02 -2.9914e+00 -3.3112e-01 -1.2110e+00 -1.2742e+00 -2.8672e+00 +2.1843e+00 -6.9580e-01 +2.5244e+00 -4.6034e-01 -3.2772e-01 +3.3961e+00 +1.4587e+00 +9.0247e-01 +4.0757e+00 -5.1420e+00 +3.4075e+00 +5.4797e-01 +4.6819e-02 -3.3013e+00 +3.8720e-02
