% f evaluations | g evaluations | best noise-free fitness - Fopt (-4.913000000000e+01) + sum g_i+ | measured fitness | best measured fitness or single-digit g-values | x1 | x2...
1 0 +8.282343011e+01 +3.369343011e+01 +3.369343011e+01 +0.0000e+00 +0.0000e+00 +0.0000e+00 +0.0000e+00 +0.0000e+00 +0.0000e+00 +0.0000e+00 +0.0000e+00 +0.0000e+00 +0.0000e+00 +0.0000e+00 +0.0000e+00 +0.0000e+00 +0.0000e+00 +0.0000e+00 +0.0000e+00 +0.0000e+00 +0.0000e+00 +0.0000e+00 +0.0000e+00
9 0 +8.210514490e+01 +3.297514490e+01 +3.297514490e+01 -1.8080e+00 -1.7754e+00 -4.4507e+00 +2.3008e+00 -1.1035e+00 +1.0174e-01 -2.0883e+00 -1.0911e+00 +8.4682e-02 +1.7866e+00 +3.5902e+00 -1.3499e+00 -3.0385e+00 +9.6808e-01 +7.4266e-02 -1.2620e+00 +1.0335e+00 -1.4920e+00 +8.3123e-01 -1.0899e+00
15 0 +7.870284273e+01 +2.957284273e+01 +2.957284273e+01 +3.1326e+00 +2.5028e+00 -4.8511e+00 +5.1626e+00 +2.1774e+00 +2.6487e-01 +9.7258e-01 -8.0508e-01 +1.6859e+00 +1.6906e+00 +5.1935e+00 +1.1760e+00 -2.2129e+00 -9.3804e-01 -3.0850e+00 -2.3598e+00 +3.8295e+00 -8.6844e-01 -1.2512e+00 -2.6874e+00
34 0 +7.154996813e+01 +2.241996813e+01 +2.241996813e+01 +4.5360e+00 -1.9961e+00 -3.5619e+00 +1.4039e+00 -5.5315e-01 +1.0688e+00 +2.0921e+00 -1.9772e+00 +3.1350e+00 +2.2360e+00 -1.6893e+00 +3.5420e+00 -1.7655e+00 -1.1896e-01 -4.9959e+00 -6.5799e-01 -4.3179e-03 -2.9218e+00 -2.8888e+00 -2.3713e+00
101 0 +6.908714596e+01 +1.995714596e+01 +1.995714596e+01 +2.9795e+00 -3.6020e-01 -4.9239e+00 +9.3959e-01 -1.1510e-01 -8.1267e-01 +1.2863e+00 +7.0973e-01 +2.8050e+00 +9.8788e-01 -1.8245e+00 -1.9879e-01 -4.9915e+00 -1.3515e+00 -3.8742e+00 -1.9890e+00 +2.5173e+00 -1.2435e-01 -5.6261e-01 +3.0603e-01
108 0 +6.550268756e+01 +1.637268756e+01 +1.637268756e+01 +4.9205e+00 -2.6435e+00 -3.7033e+00 +1.8202e+00 +2.0140e+00 -7.3357e-01 +6.0354e-01 +2.3938e-02 +2.3851e+00 +3.2171e+00 -1.2467e+00 +2.3060e+00 -2.0742e+00 -1.7836e+00 -2.9684e+00 -1.4551e+00 +1.8526e-01 -8.5150e-01 -5.7063e-01 +1.1255e+00
137 0 +6.424100050e+01 +1.511100050e+01 +1.511100050e+01 +4.0596e+00 -3.0700e+00 -2.6447e+00 +9.8701e-01 +2.4328e-01 +1.0216e+00 +1.8699e+00 -1.8778e-01 +2.5535e+00 +2.8262e+00 -3.9948e+00 +1.1746e+00 -4.1681e+00 -1.7807e+00 -1.8059e+00 -4.8997e+00 +1.9687e+00 +1.1374e+00 -3.1369e-02 -8.9832e-01
139 0 +5.273284457e+01 +3.602844568e+00 +3.602844568e+00 +2.6322e+00 -1.9617e+00 +1.0057e-01 +5.8019e-01 +8.8881e-01 -1.1215e+00 +2.4893e+00 -2.1580e+00 +2.7112e+00 +3.8199e+00 -4.0961e+00 -4.4565e-01 -2.7895e+00 -1.0147e+00 -3.4167e+00 -1.6222e+00 +1.2650e+00 -1.0430e+00 -1.5288e+00 -3.0960e-01
175 0 +4.712766742e+01 -2.002332584e+00 -2.002332584e+00 +3.5669e+00 -2.1947e+00 -3.3340e+00 +1.4892e+00 -5.8797e-02 -2.7217e+00 +1.9147e+00 -7.7367e-01 +4.4190e+00 +4.4094e+00 -3.6309e+00 +1.8572e-01 -2.9726e+00 +2.3232e-01 -4.1784e+00 -1.4904e+00 +1.8132e+00 -1.4713e-01 -2.0676e+00 +1.0758e+00
