% f evaluations | g evaluations | best noise-free fitness - Fopt (-9.210000000000e+00) + sum g_i+ | measured fitness | best measured fitness or single-digit g-values | x1 | x2...
1 0 +2.043476306e+02 +1.951376306e+02 +1.951376306e+02 +0.0000e+00 +0.0000e+00 +0.0000e+00 +0.0000e+00 +0.0000e+00 +0.0000e+00 +0.0000e+00 +0.0000e+00 +0.0000e+00 +0.0000e+00
4 0 +1.898338178e+02 +1.806238178e+02 +1.806238178e+02 -4.1547e+00 +3.5255e-01 -1.5125e+00 +5.3326e+00 -1.6412e+00 +6.6351e-01 +1.8253e+00 -1.9232e+00 +5.9587e-01 -1.4560e-01
13 0 +1.638837362e+02 +1.546737362e+02 +1.546737362e+02 -3.8556e+00 +3.3171e+00 -1.9739e+00 +7.2426e+00 -2.2923e-01 +1.5771e+00 -4.4013e+00 -2.0685e+00 +1.6120e+00 -4.6598e+00
15 0 +1.416524906e+02 +1.324424906e+02 +1.324424906e+02 -8.3879e-01 +6.0427e+00 -2.7804e+00 +3.5564e+00 +2.4051e+00 +5.1603e-01 -4.9964e-01 -4.0147e-01 +5.1312e+00 -2.4903e+00
% f evaluations | g evaluations | best noise-free fitness - Fopt (6.559900000000e+02) + sum g_i+ | measured fitness | best measured fitness or single-digit g-values | x1 | x2...
1 0 +2.043476306e+02 +8.603376306e+02 +8.603376306e+02 +0.0000e+00 +0.0000e+00 +0.0000e+00 +0.0000e+00 +0.0000e+00 +0.0000e+00 +0.0000e+00 +0.0000e+00 +0.0000e+00 +0.0000e+00
3 0 +2.014668033e+02 +8.574568033e+02 +8.574568033e+02 -1.8919e-01 -9.8035e-02 -8.6462e-01 -1.2169e+00 -1.7298e+00 -6.6306e-01 -5.1613e-01 -2.2567e+00 +3.3564e+00 -3.4047e+00
5 0 +1.961118090e+02 +8.521018090e+02 +8.521018090e+02 +1.1363e+00 +1.3486e-01 +2.6263e+00 -2.9827e+00 -6.3696e-02 -2.4929e+00 +6.9679e-01 +1.5392e-01 +2.2918e+00 -2.9000e+00
8 0 +1.872426260e+02 +8.432326260e+02 +8.432326260e+02 +9.4216e-01 +3.2139e+00 +3.3007e-01 -2.1218e+00 +1.1481e+00 -1.0199e+00 -1.3829e+00 -9.2859e-02 -3.2139e+00 +5.7815e-01
12 0 +1.679504019e+02 +8.239404019e+02 +8.239404019e+02 +4.9790e-01 +6.2670e-01 +3.6223e+00 +2.2493e+00 -2.3108e+00 -1.3188e+00 +1.3363e+00 +1.5602e+00 -2.2418e+00 -6.2276e-01
16 0 +1.182302948e+02 +7.742202948e+02 +7.742202948e+02 -6.0238e-01 +1.2169e+00 +6.8053e-01 -1.8601e+00 -1.3271e+00 -1.6817e+00 -2.7973e+00 +1.9502e-01 -4.3585e+00 -3.5799e+00
% f evaluations | g evaluations | best noise-free fitness - Fopt (6.671000000000e+01) + sum g_i+ | measured fitness | best measured fitness or single-digit g-values | x1 | x2...
1 0 +2.043476306e+02 +2.710576306e+02 +2.710576306e+02 +0.0000e+00 +0.0000e+00 +0.0000e+00 +0.0000e+00 +0.0000e+00 +0.0000e+00 +0.0000e+00 +0.0000e+00 +0.0000e+00 +0.0000e+00
9 0 +1.985637402e+02 +2.652737402e+02 +2.652737402e+02 -8.8653e-01 -4.0399e+00 +4.5563e-01 -1.6381e+00 -4.2673e+00 -4.6118e-01 +5.8105e-01 -2.1602e+00 -1.4659e-01 +1.5366e+00
14 0 +1.781920984e+02 +2.449020984e+02 +2.449020984e+02 +1.0736e+00 -1.3113e+00 -1.8921e+00 +2.6091e-01 -5.4327e+00 +2.4112e+00 +6.4174e-01 -3.2001e-01 +1.8157e-01 +1.1065e-01
19 0 +1.682963683e+02 +2.350063683e+02 +2.350063683e+02 +1.3727e+00 +2.4716e+00 -2.0355e+00 -4.8579e-01 -8.8157e-01 +4.3700e+00 +3.8941e-01 -2.2115e+00 +2.0040e+00 +6.8566e-01
% f evaluations | g evaluations | best noise-free fitness - Fopt (9.416700000000e+02) + sum g_i+ | measured fitness | best measured fitness or single-digit g-values | x1 | x2...
1 0 +2.043476306e+02 +1.146017631e+03 +1.146017631e+03 +0.0000e+00 +0.0000e+00 +0.0000e+00 +0.0000e+00 +0.0000e+00 +0.0000e+00 +0.0000e+00 +0.0000e+00 +0.0000e+00 +0.0000e+00
3 0 +1.890736497e+02 +1.130743650e+03 +1.130743650e+03 -1.3145e+00 +2.6852e-01 -2.7185e+00 +1.9564e-01 -1.7433e+00 +2.6532e+00 -3.1728e+00 -6.3519e-01 -6.0452e-01 -9.2499e-01
5 0 +1.598103624e+02 +1.101480362e+03 +1.101480362e+03 -2.8725e+00 -1.6122e+00 +2.6802e+00 +8.4259e-01 -1.9652e+00 +1.3777e+00 -5.0104e-01 -3.7870e-01 -2.2471e-01 -2.9924e+00
15 0 +1.125327078e+02 +1.054202708e+03 +1.054202708e+03 -3.8287e-01 -1.5978e+00 +4.7531e+00 +4.6039e+00 -5.3520e+00 +4.1322e-01 +8.5208e-01 -4.1083e+00 +2.4891e+00 -1.9147e+00
% f evaluations | g evaluations | best noise-free fitness - Fopt (-3.745000000000e+01) + sum g_i+ | measured fitness | best measured fitness or single-digit g-values | x1 | x2...
1 0 +2.043476306e+02 +1.668976306e+02 +1.668976306e+02 +0.0000e+00 +0.0000e+00 +0.0000e+00 +0.0000e+00 +0.0000e+00 +0.0000e+00 +0.0000e+00 +0.0000e+00 +0.0000e+00 +0.0000e+00
3 0 +1.935784447e+02 +1.561284447e+02 +1.561284447e+02 +6.7683e-01 -3.9214e+00 -1.6715e+00 +1.0687e+00 +5.4758e-01 +1.2104e+00 -4.8318e+00 +6.6687e-01 +4.0408e+00 +1.2560e+00
6 0 +1.764150096e+02 +1.389650096e+02 +1.389650096e+02 -4.3461e+00 -8.3018e-01 -3.8763e+00 +3.0091e+00 -7.1350e-01 +1.5369e+00 +2.8921e+00 -1.6211e+00 +2.3156e+00 -2.2797e-01
9 0 +1.173311465e+02 +7.988114651e+01 +7.988114651e+01 -6.2559e-01 -1.8157e+00 -1.1220e+00 -2.3554e+00 +1.3647e+00 +1.6303e+00 +1.7034e+00 -4.3842e-01 +5.8967e+00 +3.5475e+00
15 0 +1.050393511e+02 +6.758935106e+01 +6.758935106e+01 -2.6339e+00 -2.0450e+00 -1.6031e+00 +2.3683e+00 +1.0926e+00 +1.8593e+00 +6.2977e+00 -1.2695e+00 +3.6034e+00 +5.1896e+00
18 0 +1.046703955e+02 +6.722039547e+01 +6.722039547e+01 -1.3485e+00 -2.7072e+00 -1.1763e+00 +5.9555e-01 +5.3832e-01 +3.5910e+00 +3.1177e+00 +1.1384e+00 +6.1197e+00 +9.2022e+00
