% f evaluations | g evaluations | best noise-free fitness - Fopt (-9.210000000000e+00) + sum g_i+ | measured fitness | best measured fitness or single-digit g-values | x1 | x2...
1 0 +3.992761284e+02 +3.900661284e+02 +3.900661284e+02 +0.0000e+00 +0.0000e+00 +0.0000e+00 +0.0000e+00 +0.0000e+00 +0.0000e+00 +0.0000e+00 +0.0000e+00 +0.0000e+00 +0.0000e+00 +0.0000e+00 +0.0000e+00 +0.0000e+00 +0.0000e+00 +0.0000e+00 +0.0000e+00 +0.0000e+00 +0.0000e+00 +0.0000e+00 +0.0000e+00
9 0 +3.769776559e+02 +3.677676559e+02 +3.677676559e+02 -9.7170e-01 -1.8824e+00 -1.8593e+00 +5.2044e-01 +3.1391e+00 -1.3798e+00 +3.6275e-01 -1.4698e+00 -9.1657e-01 +3.6020e-01 -2.3995e-01 -2.4292e+00 +4.3146e+00 +1.6183e-01 +1.6465e-01 -2.4917e+00 -2.4156e+00 +6.2525e-01 -2.7481e+00 -1.5366e+00
26 0 +3.417572922e+02 +3.325472922e+02 +3.325472922e+02 -3.2955e+00 -2.8553e+00 -2.0798e+00 +2.7720e+00 +5.4080e+00 +3.6123e+00 +2.2077e+00 +1.3619e+00 +1.7003e+00 -3.0329e+00 -4.5288e-01 +1.5461e+00 -7.6827e-01 -9.3731e-01 -2.9834e+00 +7.5077e-02 +1.0736e+00 +2.0412e+00 -1.6938e+00 +1.4629e-01
34 0 +3.194869053e+02 +3.102769053e+02 +3.102769053e+02 -1.4772e+00 +2.3456e+00 -7.0456e-03 +4.0301e+00 -8.8341e-02 -1.9863e+00 -1.1154e+00 -1.4594e+00 +3.6267e+00 +6.7644e-01 -9.7978e-01 -6.7080e+00 +1.7677e+00 -3.5773e+00 -2.7184e+00 +6.0897e-01 +1.1763e+00 -3.8217e-01 -5.3229e+00 +1.4085e-01
42 0 +2.859064852e+02 +2.766964852e+02 +2.766964852e+02 -3.7896e+00 -6.0016e-01 +2.4619e-02 +1.3802e+00 +3.5360e+00 +2.4972e+00 +1.2005e+00 +4.2894e-01 -1.4406e+00 -6.5607e-01 +7.2954e-01 -3.4868e+00 +3.4851e+00 -2.2492e+00 -5.8226e+00 -7.0201e-01 +5.8504e+00 +2.9406e+00 -3.2696e-01 +8.1858e-01
% f evaluations | g evaluations | best noise-free fitness - Fopt (6.559900000000e+02) + sum g_i+ | measured fitness | best measured fitness or single-digit g-values | x1 | x2...
1 0 +3.992761284e+02 +1.055266128e+03 +1.055266128e+03 +0.0000e+00 +0.0000e+00 +0.0000e+00 +0.0000e+00 +0.0000e+00 +0.0000e+00 +0.0000e+00 +0.0000e+00 +0.0000e+00 +0.0000e+00 +0.0000e+00 +0.0000e+00 +0.0000e+00 +0.0000e+00 +0.0000e+00 +0.0000e+00 +0.0000e+00 +0.0000e+00 +0.0000e+00 +0.0000e+00
10 0 +3.693616592e+02 +1.025351659e+03 +1.025351659e+03 -1.8535e+00 -1.7743e+00 +2.6965e+00 -2.1420e+00 -4.4688e+00 +1.2343e-01 +4.3099e-02 +1.6516e+00 -4.2144e-01 -1.2695e+00 +1.1315e+00 +2.3460e+00 -4.4304e+00 -3.7394e+00 -2.7497e+00 -1.7667e+00 -2.0199e-01 -3.8349e+00 +1.2648e-01 +2.0524e-01
13 0 +3.483738293e+02 +1.004363829e+03 +1.004363829e+03 +2.8096e+00 +2.8116e+00 +1.3360e+00 -2.1912e+00 -9.0937e-01 +3.9749e+00 +1.2143e+00 -2.4462e+00 -1.2932e+00 +3.5004e+00 +2.8543e+00 +2.1355e+00 -2.8471e-01 -2.0406e+00 +4.4818e+00 +8.4395e-01 -5.9158e-01 +2.1406e+00 -5.2609e-01 +3.8531e+00
14 0 +3.007770611e+02 +9.567670611e+02 +9.567670611e+02 -1.5962e-02 -1.0771e-01 +2.0879e+00 +3.7217e-01 -9.0565e-01 -2.0785e+00 +6.6053e-01 +1.9266e+00 +1.0992e+00 -1.4422e-01 +4.0820e+00 +4.4413e-01 -8.9763e-01 +2.4099e+00 +1.4741e+00 -3.5886e-01 -2.0978e+00 -2.2067e-01 +2.5419e+00 +5.2457e+00
30 0 +2.898157116e+02 +9.458057116e+02 +9.458057116e+02 +1.4899e+00 -2.1514e+00 -1.3840e+00 -2.6760e+00 -1.6817e+00 +5.7970e+00 -5.1546e-01 +4.0827e+00 +2.1026e+00 +9.2117e-01 +5.2238e+00 +2.3837e+00 -2.1703e+00 -1.9328e+00 -2.2601e+00 +3.8370e-01 +1.9606e-01 -5.5470e-01 +6.3456e+00 +7.2029e+00
33 0 +2.514675016e+02 +9.074575016e+02 +9.074575016e+02 +1.2891e+00 -2.3973e+00 +5.6413e+00 +2.9804e+00 -7.1257e+00 -1.2335e+00 +1.3538e+00 +3.1192e+00 -1.8070e+00 -2.5887e+00 +6.9825e+00 -1.0652e+00 -2.8146e+00 -2.0344e+00 +1.3099e+00 +1.4528e+00 -2.3638e+00 +1.0990e-01 +3.9362e+00 +4.2308e+00
42 0 +2.290114870e+02 +8.850014870e+02 +8.850014870e+02 +1.8684e+00 -3.2603e+00 +3.2995e+00 +6.2414e-02 -3.5577e+00 -3.4262e+00 +1.6531e+00 +7.8924e+00 -5.7035e-01 +1.1283e+00 +5.6445e+00 +4.2016e+00 -3.5026e+00 -2.1089e+00 +4.0904e+00 +3.3533e+00 -2.4712e+00 -2.9520e+00 +3.0243e+00 +1.2335e+00
44 0 +1.764226061e+02 +8.324126061e+02 +8.324126061e+02 +1.7920e+00 -2.5359e+00 +7.0934e-01 +4.5259e-01 -3.9118e+00 +1.9634e+00 +8.6684e-01 +6.6011e+00 -4.0174e+00 -7.0456e+00 +6.1245e+00 +1.8470e+00 -5.4955e+00 +2.3902e+00 +2.2322e+00 +4.7440e+00 -4.9477e+00 -2.7438e+00 +5.8357e+00 +9.4337e+00
% f evaluations | g evaluations | best noise-free fitness - Fopt (6.671000000000e+01) + sum g_i+ | measured fitness | best measured fitness or single-digit g-values | x1 | x2...
1 0 +3.992761284e+02 +4.659861284e+02 +4.659861284e+02 +0.0000e+00 +0.0000e+00 +0.0000e+00 +0.0000e+00 +0.0000e+00 +0.0000e+00 +0.0000e+00 +0.0000e+00 +0.0000e+00 +0.0000e+00 +0.0000e+00 +0.0000e+00 +0.0000e+00 +0.0000e+00 +0.0000e+00 +0.0000e+00 +0.0000e+00 +0.0000e+00 +0.0000e+00 +0.0000e+00
2 0 +3.642146019e+02 +4.309246019e+02 +4.309246019e+02 -2.7114e-01 +6.4157e-01 -3.9278e-01 -1.0083e+00 +5.3566e-01 -1.7179e+00 -3.8021e+00 +3.3633e+00 +9.4673e-01 -2.0108e+00 -4.1548e+00 -1.2853e+00 +6.1212e-01 -4.4667e-01 +1.3670e+00 -1.5218e+00 +1.4425e+00 -1.3357e+00 -2.4561e-01 -1.1980e+00
4 0 +3.504655200e+02 +4.171755200e+02 +4.171755200e+02 +1.3678e+00 +3.9425e-01 -2.9109e+00 -1.1260e+00 -4.5769e+00 -1.1655e+00 -1.3922e+00 -2.0286e+00 -1.5361e+00 +7.7493e-02 -1.6642e+00 +8.0986e-01 +7.7589e-01 +1.0624e+00 +3.8516e-01 +2.6817e+00 +5.4655e-01 -1.2646e+00 -1.0802e+00 +5.3867e-01
14 0 +3.382244573e+02 +4.049344573e+02 +4.049344573e+02 -2.5921e+00 -2.3743e+00 +9.1999e-01 -3.4791e-01 -3.0887e+00 -4.0519e+00 +5.1675e-01 +3.6930e+00 +3.0845e-01 +1.0494e-01 -6.5002e-01 -1.4341e+00 +8.5431e-01 +8.4808e-01 +4.5504e+00 +1.7837e+00 +1.9494e+00 -1.3733e+00 -6.3090e-01 -1.5055e+00
16 0 +3.075561395e+02 +3.742661395e+02 +3.742661395e+02 +1.7289e+00 +1.5048e+00 -2.5730e+00 -4.6947e+00 -2.0315e+00 +1.6471e+00 -2.7082e+00 +3.7174e-01 -3.9097e+00 -2.9340e+00 +4.3295e-01 -5.9213e-01 +1.5696e+00 +1.4000e+00 +2.1490e+00 +1.8573e+00 -2.1553e-01 -9.0028e-01 -1.4772e+00 -3.0055e+00
22 0 +2.690278945e+02 +3.357378945e+02 +3.357378945e+02 -9.8460e-01 -7.5296e-01 -2.3239e+00 -2.1929e+00 -1.6665e+00 -1.6488e+00 +9.9223e-01 +7.5402e-01 +1.5576e+00 +2.9373e+00 -9.3701e-01 -2.1914e+00 +4.1386e+00 +1.8726e+00 +2.5198e+00 +1.4708e+00 +1.7329e+00 -5.2442e+00 -2.9444e+00 -2.3065e+00
30 0 +2.323144438e+02 +2.990244438e+02 +2.990244438e+02 -3.2207e+00 -2.1792e+00 +5.1564e-01 -4.4154e-01 -2.4600e+00 -2.0581e+00 -2.4418e+00 -7.5201e-01 +1.8312e-01 +3.3765e-01 +1.6004e+00 -2.6660e+00 +3.1117e+00 +2.2955e+00 +5.7362e+00 +1.7647e+00 +1.8991e+00 -6.3377e+00 -4.3865e+00 -2.3873e+00
39 0 +2.035196997e+02 +2.702296997e+02 +2.702296997e+02 +2.0118e+00 -2.8376e+00 -2.4735e-01 -2.5275e+00 -4.8108e+00 -4.5000e-01 -7.1889e-01 +4.9876e-01 +1.5324e-01 -1.8208e+00 +1.6656e-01 -5.1919e+00 +7.8840e+00 +1.5196e+00 +5.6316e+00 +3.2255e+00 -5.2819e-01 -5.2312e+00 -5.3754e+00 -3.2531e-01
% f evaluations | g evaluations | best noise-free fitness - Fopt (9.416700000000e+02) + sum g_i+ | measured fitness | best measured fitness or single-digit g-values | x1 | x2...
1 0 +3.992761284e+02 +1.340946128e+03 +1.340946128e+03 +0.0000e+00 +0.0000e+00 +0.0000e+00 +0.0000e+00 +0.0000e+00 +0.0000e+00 +0.0000e+00 +0.0000e+00 +0.0000e+00 +0.0000e+00 +0.0000e+00 +0.0000e+00 +0.0000e+00 +0.0000e+00 +0.0000e+00 +0.0000e+00 +0.0000e+00 +0.0000e+00 +0.0000e+00 +0.0000e+00
2 0 +3.621080449e+02 +1.303778045e+03 +1.303778045e+03 +4.0106e+00 -3.3019e+00 -1.5581e+00 +2.8004e+00 -2.5681e+00 +6.2140e-01 -9.5755e-01 +2.8593e+00 +2.4996e-01 +3.7722e+00 -3.3876e+00 -6.3613e-01 -1.8519e+00 -3.0983e+00 +1.4778e-01 +5.0560e+00 -1.6393e+00 -3.0232e-01 +5.2145e-02 -2.5496e-01
9 0 +3.396575883e+02 +1.281327588e+03 +1.281327588e+03 +8.5185e-01 +5.8483e-01 +5.3715e-01 +1.4091e+00 -2.3377e+00 +2.8950e+00 +1.1394e+00 +2.9556e-01 -5.1745e-01 +6.5488e-01 +2.0057e+00 -3.0026e+00 -2.3422e-01 -5.9140e+00 +1.7143e+00 +2.2950e-01 -3.3299e+00 -1.8521e-01 +7.8719e-04 +1.3305e+00
17 0 +3.338194578e+02 +1.275489458e+03 +1.275489458e+03 +5.6131e+00 -2.5426e-01 +5.7310e-01 +1.1753e+00 -2.2713e+00 +2.8562e+00 +1.0480e+00 -2.1007e+00 +6.1785e-01 +2.2856e+00 -1.5487e+00 -4.9528e+00 -3.5854e+00 -9.4962e+00 +6.4262e-01 +4.8226e+00 -1.4041e+00 -1.5669e-01 +3.8949e+00 -1.9423e+00
21 0 +3.289489965e+02 +1.270618997e+03 +1.270618997e+03 +1.7876e+00 -1.1440e+00 -2.3319e+00 -2.0184e+00 +3.6392e-01 +2.7656e-01 +5.0122e-01 +7.4534e-01 +3.0851e+00 -2.1063e-01 +9.5571e-01 -3.6543e-01 +5.1660e-01 -5.0732e+00 +3.8014e+00 +4.3484e+00 -2.7696e+00 -4.2420e+00 -1.2374e+00 +2.5513e+00
24 0 +3.193982576e+02 +1.261068258e+03 +1.261068258e+03 -1.4321e+00 +2.4645e+00 -2.9594e+00 +2.4204e+00 -1.1632e+00 +1.3542e+00 -7.2026e-03 +1.8694e+00 +3.7705e-01 +1.9872e-01 -1.3372e+00 +8.4862e-02 -2.6317e-01 -4.5497e+00 +4.1133e+00 +4.8986e+00 -6.7163e+00 -2.5887e-01 -1.8643e+00 -1.7059e-01
26 0 +2.957797476e+02 +1.237449748e+03 +1.237449748e+03 -3.7809e-01 -6.2116e-01 +9.7736e-01 +3.0610e+00 -3.5634e-01 +1.6006e+00 -3.9009e-01 -1.8296e-01 +1.4619e-01 +6.1049e-01 -6.2167e-01 +2.6529e+00 +7.5340e-01 -6.0086e+00 +3.7986e+00 +6.5399e+00 -6.8915e+00 -4.3168e+00 +8.8148e-02 +1.7229e+00
34 0 +2.783062863e+02 +1.219976286e+03 +1.219976286e+03 -9.3702e-01 +4.1686e-01 +1.1325e+00 +4.2604e+00 -4.0676e-01 -4.6635e-01 -1.5921e+00 -2.9601e+00 -2.5605e+00 -6.0745e-01 -2.5409e+00 +3.8335e-01 +1.8847e+00 -5.5490e+00 +2.8616e+00 +6.9791e+00 -4.1898e+00 -2.6798e+00 +2.5712e+00 +1.9860e+00
38 0 +2.198694566e+02 +1.161539457e+03 +1.161539457e+03 -9.8304e-01 -1.8925e+00 +1.0092e+00 +6.1620e+00 +3.1701e+00 +3.0860e-01 -1.6568e+00 -1.8862e+00 +7.5041e-01 -3.9984e+00 -7.9461e-01 -3.5101e-01 +6.5684e+00 -5.0651e+00 +2.4004e+00 +7.3866e+00 -7.6671e+00 -1.6079e-01 +4.3132e+00 +4.4172e+00
49 0 +1.970164707e+02 +1.138686471e+03 +1.138686471e+03 -4.8143e+00 -2.3896e+00 -3.5451e-01 +6.1720e+00 -1.5626e+00 +4.9809e-01 -4.6763e+00 -1.3758e+00 +9.6433e-01 +2.5774e+00 -1.8197e+00 +4.5277e+00 +1.9267e+00 -8.3218e+00 +7.7310e+00 +5.7347e+00 -5.2337e+00 +1.6376e+00 +2.4499e+00 +2.4264e+00
% f evaluations | g evaluations | best noise-free fitness - Fopt (-3.745000000000e+01) + sum g_i+ | measured fitness | best measured fitness or single-digit g-values | x1 | x2...
1 0 +3.992761284e+02 +3.618261284e+02 +3.618261284e+02 +0.0000e+00 +0.0000e+00 +0.0000e+00 +0.0000e+00 +0.0000e+00 +0.0000e+00 +0.0000e+00 +0.0000e+00 +0.0000e+00 +0.0000e+00 +0.0000e+00 +0.0000e+00 +0.0000e+00 +0.0000e+00 +0.0000e+00 +0.0000e+00 +0.0000e+00 +0.0000e+00 +0.0000e+00 +0.0000e+00
2 0 +3.981081740e+02 +3.606581740e+02 +3.606581740e+02 -2.4500e+00 -1.6964e+00 -8.9707e-01 -1.8286e+00 +1.1520e+00 +6.9724e-01 +1.5853e+00 +1.0535e+00 +1.4158e+00 +1.0961e+00 +2.2451e+00 -1.7091e+00 -9.3829e-01 -1.3624e+00 -1.9768e+00 +2.6178e+00 +1.5297e+00 +5.7117e-01 -1.1090e+00 +4.2006e-01
3 0 +3.504409884e+02 +3.129909884e+02 +3.129909884e+02 +3.2600e-01 +1.5808e+00 +2.5201e-01 -3.6460e+00 -1.4523e+00 +3.9788e+00 -1.4323e+00 -2.6578e-01 +2.5483e+00 -2.4361e+00 +3.9594e+00 -1.3295e+00 -1.7965e-01 -1.3304e+00 +1.2928e+00 +3.0340e+00 -5.1877e-01 +1.6982e+00 +3.9577e-01 +2.7254e+00
5 0 +3.108006198e+02 +2.733506198e+02 +2.733506198e+02 -8.2634e-01 +1.3934e+00 -4.6868e-01 -3.3596e+00 -9.7973e-01 +2.6322e+00 +7.1057e-01 +3.5187e-01 +5.0538e+00 -2.3461e+00 +8.6140e-01 -2.6221e+00 -1.9730e+00 -9.2231e-01 +2.2441e+00 +5.2210e+00 +6.4327e+00 +3.5808e+00 +6.8246e+00 +6.3338e-01
16 0 +2.928212481e+02 +2.553712481e+02 +2.553712481e+02 +2.9051e+00 +5.9233e-02 -1.6628e-01 -3.0711e+00 -3.8572e+00 +1.6018e+00 +1.7686e+00 -5.4714e-01 +4.5477e+00 +2.8848e+00 +4.2653e+00 -3.2618e+00 -5.3287e-01 -7.1076e-01 -1.9097e+00 +3.6295e+00 +2.5470e+00 +6.3347e-01 +6.7248e+00 -1.3395e+00
21 0 +2.767559295e+02 +2.393059295e+02 +2.393059295e+02 -7.0506e-01 +3.3531e+00 +1.3166e+00 -3.3323e+00 -3.1001e-01 +1.7702e+00 +5.7789e-01 -4.7069e+00 +2.9353e+00 -1.2995e+00 +4.4708e+00 -3.4332e+00 -4.0360e-01 -5.2255e-03 +3.6987e+00 +3.2650e+00 -8.5351e-01 +2.7394e+00 -3.4385e-01 -2.4736e+00
26 0 +2.478660354e+02 +2.104160354e+02 +2.104160354e+02 -3.2495e+00 -5.6491e-01 +2.8109e+00 -2.9619e+00 -2.0328e+00 +6.5678e+00 +2.6880e-01 -4.0497e+00 +3.3466e+00 +8.2999e-01 -1.2581e-01 +2.8118e-01 -3.4589e+00 +4.3059e-01 +4.6515e+00 +7.4073e+00 +2.2329e+00 +4.3123e+00 +1.7284e+00 -1.0510e+00
32 0 +2.409312958e+02 +2.034812958e+02 +2.034812958e+02 +9.0100e-01 +4.2277e+00 -1.6114e-02 -1.2219e+00 -2.9131e+00 +1.3410e+00 -1.0864e+00 +1.5312e+00 +4.7029e+00 -6.2125e-01 +2.8661e+00 -2.1082e+00 -5.5103e+00 +1.5493e-01 +4.8646e+00 +1.8026e+00 -2.0062e+00 +3.2204e+00 +3.5774e+00 -8.1782e-01
38 0 +2.235423550e+02 +1.860923550e+02 +1.860923550e+02 +4.5176e+00 +1.0172e+00 -1.6204e+00 -4.3803e+00 -3.5283e+00 +3.5753e+00 -2.0315e+00 -1.0221e+00 +6.8966e+00 -6.1625e+00 +1.8327e+00 +4.5127e-01 -8.5497e+00 -2.2389e+00 +5.0343e+00 +7.0183e+00 -1.2271e+00 +6.8256e+00 +6.1929e+00 +2.9705e+00
39 0 +2.169067889e+02 +1.794567889e+02 +1.794567889e+02 +3.6654e+00 +7.4345e+00 +1.0526e+00 -2.7806e+00 -4.5961e+00 +5.6220e+00 -2.1263e+00 -8.5592e-01 +6.4488e-01 +1.9165e+00 +2.8768e+00 +9.3728e-01 -2.0084e+00 +1.0801e+00 +1.8543e+00 +4.3311e+00 -3.2606e+00 +1.5903e+00 +2.1553e+00 -3.8458e+00
40 0 +1.909987237e+02 +1.535487237e+02 +1.535487237e+02 +2.3969e+00 +2.4338e+00 +3.5859e+00 -2.5166e+00 -3.0395e+00 +1.6953e+00 +2.0938e+00 -3.9958e+00 +2.8730e+00 +7.3070e-01 +3.7625e+00 -2.7288e-01 -3.1175e+00 -7.1599e-01 +6.1758e+00 +6.6862e+00 -2.1864e+00 +2.5360e+00 +3.3456e+00 -1.2262e+00
