% f evaluations | g evaluations | best noise-free fitness - Fopt (1.364000000000e+01) + sum g_i+ | measured fitness | best measured fitness or single-digit g-values | x1 | x2...
1 0 +1.533351914e+02 +1.669751914e+02 +1.669751914e+02 +0.0000e+00 +0.0000e+00 +0.0000e+00 +0.0000e+00 +0.0000e+00 +0.0000e+00 +0.0000e+00 +0.0000e+00 +0.0000e+00 +0.0000e+00
67 0 +1.268799672e+02 +1.405199672e+02 +1.405199672e+02 -3.5092e+00 +9.0073e-01 +1.3213e+00 +3.0134e+00 +1.0597e+00 -1.3206e+00 -2.5154e+00 +8.8282e-01 +2.4676e-01 +3.3557e-01
82 0 +1.233689287e+02 +1.370089287e+02 +1.370089287e+02 -2.2233e+00 +3.7210e-01 +6.2736e-01 +6.1492e-01 +3.4745e-01 -3.8337e+00 -1.9525e+00 +1.0630e+00 +5.3981e-01 +1.2502e+00
90 0 +9.616247856e+01 +1.098024786e+02 +1.098024786e+02 -1.1050e+00 -1.1150e+00 +2.8478e-01 +2.9562e+00 +1.1219e+00 -1.3905e+00 -2.5933e+00 +2.3314e+00 +1.5383e+00 +6.4345e-01
120 0 +9.360075837e+01 +1.072407584e+02 +1.072407584e+02 -1.6302e+00 -6.8772e-01 +1.1002e+00 +6.2104e-01 +3.3285e+00 -1.8704e+00 -1.4263e+00 +1.2343e+00 +1.7198e+00 +1.5518e+00
142 0 +8.766617389e+01 +1.013061739e+02 +1.013061739e+02 -1.7725e+00 -1.7790e+00 +9.8163e-01 +2.1073e+00 +1.1871e+00 -1.7917e+00 -1.9012e+00 +1.9148e+00 +1.0548e+00 +7.7284e-01
179 0 +8.261258308e+01 +9.625258308e+01 +9.625258308e+01 -1.1865e+00 -5.0650e-01 +1.4213e+00 +3.5921e+00 -4.6639e-01 -1.0607e+00 -2.4806e+00 +1.0255e+00 +1.0260e+00 +1.5826e+00
200 0 +8.012804886e+01 +9.376804886e+01 +9.376804886e+01 -1.1814e+00 -1.9419e+00 +9.4277e-01 +2.8614e+00 -4.6064e-01 -2.0828e+00 -2.3004e+00 +7.9533e-01 +1.8850e+00 +9.2173e-01
236 0 +6.958463070e+01 +8.322463070e+01 +8.322463070e+01 -9.5303e-01 -1.7793e+00 +8.8785e-01 +1.6487e+00 -1.2371e-01 -2.8001e+00 -2.6012e+00 +9.2633e-01 +2.1685e+00 +1.1877e+00
