% f evaluations | g evaluations | best noise-free fitness - Fopt (3.590000000000e+01) + sum g_i+ | measured fitness | best measured fitness or single-digit g-values | x1 | x2...
1 0 +3.170744060e+05 +3.171103060e+05 +3.171103060e+05 +0.0000e+00 +0.0000e+00 +0.0000e+00 +0.0000e+00 +0.0000e+00 +0.0000e+00 +0.0000e+00 +0.0000e+00 +0.0000e+00 +0.0000e+00
4 0 +1.286601705e+05 +1.286960705e+05 +1.286960705e+05 +3.3184e+00 -5.4016e-01 +1.5450e+00 +3.5390e-01 +3.7674e+00 -1.0026e+00 -1.6008e+00 -3.6097e-01 +1.2934e+00 +3.1171e+00
19 0 +7.000418301e+04 +7.004008301e+04 +7.004008301e+04 +2.6420e+00 +4.9440e-01 +2.0359e+00 +2.2747e+00 +4.7122e+00 -1.8946e+00 -1.9881e+00 +2.6338e-01 -9.6367e-01 +2.2849e+00
% f evaluations | g evaluations | best noise-free fitness - Fopt (3.137000000000e+01) + sum g_i+ | measured fitness | best measured fitness or single-digit g-values | x1 | x2...
1 0 +1.676612833e+05 +1.676926533e+05 +1.676926533e+05 +0.0000e+00 +0.0000e+00 +0.0000e+00 +0.0000e+00 +0.0000e+00 +0.0000e+00 +0.0000e+00 +0.0000e+00 +0.0000e+00 +0.0000e+00
13 0 +1.321024079e+05 +1.321337779e+05 +1.321337779e+05 +2.2780e+00 -6.3781e-01 +2.4046e-01 +1.7524e-01 +2.1592e-01 +1.1826e+00 +2.8739e+00 +1.8638e-01 +2.9131e+00 -9.1305e-01
% f evaluations | g evaluations | best noise-free fitness - Fopt (-1.000000000000e+03) + sum g_i+ | measured fitness | best measured fitness or single-digit g-values | x1 | x2...
1 0 +3.033745582e+05 +3.023745582e+05 +3.023745582e+05 +0.0000e+00 +0.0000e+00 +0.0000e+00 +0.0000e+00 +0.0000e+00 +0.0000e+00 +0.0000e+00 +0.0000e+00 +0.0000e+00 +0.0000e+00
2 0 +2.476515819e+05 +2.466515819e+05 +2.466515819e+05 +1.9137e+00 -9.7438e-01 +3.3179e+00 +2.4492e+00 -2.1456e+00 +1.5963e+00 +4.7322e-01 +1.7833e+00 +9.7808e-01 +2.2490e+00
3 0 +2.286598569e+05 +2.276598569e+05 +2.276598569e+05 +8.1135e-01 -1.0059e-01 +2.7285e+00 -3.8049e-01 +4.1403e-01 +6.5211e-01 +7.1641e-01 -7.1360e-01 -2.0018e-01 +1.2715e+00
8 0 +2.137342556e+05 +2.127342556e+05 +2.127342556e+05 -3.6716e-01 -3.7145e+00 +3.8637e+00 -2.1975e+00 -9.8181e-01 +2.0513e+00 +1.6278e+00 -2.2059e+00 +1.2796e+00 +4.8213e-01
15 0 +1.962651790e+05 +1.952651790e+05 +1.952651790e+05 +2.5529e+00 -2.0820e+00 +4.7706e+00 -2.4230e+00 -1.3855e+00 -2.0501e+00 +7.4846e-02 -2.0935e+00 +2.2376e+00 +3.0494e+00
18 0 +1.321863919e+05 +1.311863919e+05 +1.311863919e+05 +1.7852e+00 -1.7485e+00 +7.5349e+00 -5.5931e-01 +1.0855e+00 +8.6287e-01 +2.1416e+00 +1.8998e+00 -3.7585e-01 +5.1327e+00
% f evaluations | g evaluations | best noise-free fitness - Fopt (1.319200000000e+02) + sum g_i+ | measured fitness | best measured fitness or single-digit g-values | x1 | x2...
1 0 +5.701986007e+05 +5.703305207e+05 +5.703305207e+05 +0.0000e+00 +0.0000e+00 +0.0000e+00 +0.0000e+00 +0.0000e+00 +0.0000e+00 +0.0000e+00 +0.0000e+00 +0.0000e+00 +0.0000e+00
3 0 +5.067431562e+05 +5.068750762e+05 +5.068750762e+05 +1.9746e-01 -1.5788e+00 -3.4161e-01 -3.4429e+00 +1.8357e-01 +9.2822e-01 -3.0980e+00 +6.0759e+00 -4.8507e-01 -1.6887e+00
4 0 +4.996677875e+05 +4.997997075e+05 +4.997997075e+05 -3.6901e-01 -1.0393e+00 +1.8691e-01 -2.7218e+00 -1.6796e+00 +5.4364e-01 +8.4072e-02 +4.9018e+00 -1.8918e+00 -4.4731e+00
5 0 +2.082251009e+05 +2.083570209e+05 +2.083570209e+05 +2.7761e-01 +1.0261e+00 -1.0802e+00 -1.3301e+00 -6.0424e+00 +2.1578e+00 -3.5668e+00 +3.2987e+00 +1.2950e-01 -2.4213e+00
6 0 +1.315466703e+05 +1.316785903e+05 +1.316785903e+05 -7.0168e-01 +1.0662e+00 -1.1082e+00 -1.4822e+00 -5.4683e+00 -1.4431e+00 -2.2527e+00 +2.9566e+00 -2.4562e-01 +7.2373e-01
14 0 +6.225218948e+04 +6.238410948e+04 +6.238410948e+04 -1.1297e+00 +3.2997e+00 -1.2314e+00 +2.4563e+00 -8.2327e+00 -8.7268e-02 -3.0080e+00 +1.0266e+00 -4.9087e-01 -3.2220e+00
% f evaluations | g evaluations | best noise-free fitness - Fopt (5.908400000000e+02) + sum g_i+ | measured fitness | best measured fitness or single-digit g-values | x1 | x2...
1 0 +2.380975383e+04 +2.440059383e+04 +2.440059383e+04 +0.0000e+00 +0.0000e+00 +0.0000e+00 +0.0000e+00 +0.0000e+00 +0.0000e+00 +0.0000e+00 +0.0000e+00 +0.0000e+00 +0.0000e+00
6 0 +2.339449055e+04 +2.398533055e+04 +2.398533055e+04 -4.1674e-01 -2.2113e+00 -4.9089e+00 -4.5151e+00 -3.1147e+00 -9.9346e-01 +2.4390e+00 -1.1005e+00 +3.1206e+00 +3.3729e-01
20 0 +1.691146890e+04 +1.750230890e+04 +1.750230890e+04 -7.2447e-01 +2.1277e+00 -1.7362e+00 -7.8721e-01 +4.3884e-01 -1.0463e+00 -4.2495e-01 -4.5169e-01 -1.6191e+00 +2.1695e+00
