% f evaluations | g evaluations | best noise-free fitness - Fopt (-1.000000000000e+03) + sum g_i+ | measured fitness | best measured fitness or single-digit g-values | x1 | x2...
1 0 +8.287602554e+01 -9.171239745e+02 -9.171239745e+02 +0.0000e+00 +0.0000e+00 +0.0000e+00 +0.0000e+00 +0.0000e+00 +0.0000e+00 +0.0000e+00 +0.0000e+00 +0.0000e+00 +0.0000e+00 +0.0000e+00 +0.0000e+00 +0.0000e+00 +0.0000e+00 +0.0000e+00 +0.0000e+00 +0.0000e+00 +0.0000e+00 +0.0000e+00 +0.0000e+00
22 0 +8.025935633e+01 -9.197406437e+02 -9.197406437e+02 +1.3006e+00 -1.4640e+00 +1.2726e-01 -4.7688e-03 -9.7519e-01 +1.4214e+00 +6.2790e-02 +1.5956e+00 -4.3509e-01 -1.4205e+00 -1.3422e+00 +1.0797e-01 -2.1317e-01 +9.8850e-01 +1.5658e+00 +8.1342e-02 -5.1995e-01 +3.6537e+00 -3.2057e-01 +6.2325e-01
27 0 +7.562721001e+01 -9.243727900e+02 -9.243727900e+02 +1.1252e+00 -3.1195e+00 -3.0813e+00 -7.6365e-02 -1.5197e+00 -1.4246e+00 -1.2495e+00 +3.0996e+00 +1.4660e+00 +5.1683e-01 -4.1149e+00 +8.8129e-01 +5.2815e-01 +1.1083e+00 -2.8434e-01 -1.5837e+00 +5.4013e+00 +3.5776e+00 -4.4729e-01 -4.4247e-01
% f evaluations | g evaluations | best noise-free fitness - Fopt (1.000000000000e+03) + sum g_i+ | measured fitness | best measured fitness or single-digit g-values | x1 | x2...
1 0 +8.367961493e+01 +1.083679615e+03 +1.083679615e+03 +0.0000e+00 +0.0000e+00 +0.0000e+00 +0.0000e+00 +0.0000e+00 +0.0000e+00 +0.0000e+00 +0.0000e+00 +0.0000e+00 +0.0000e+00 +0.0000e+00 +0.0000e+00 +0.0000e+00 +0.0000e+00 +0.0000e+00 +0.0000e+00 +0.0000e+00 +0.0000e+00 +0.0000e+00 +0.0000e+00
5 0 +8.220355364e+01 +1.082203554e+03 +1.082203554e+03 +1.7601e-01 +6.2267e-01 -1.3111e+00 -1.8403e-01 +1.3027e+00 -2.5778e-01 +1.7998e+00 -1.3296e+00 +1.7022e+00 -1.8840e-01 -3.7969e+00 -3.6216e+00 +1.4080e+00 +1.2827e+00 -3.4514e-01 +1.5219e+00 -2.1845e+00 +4.4866e-01 -1.7017e+00 -1.9443e+00
25 0 +7.782100531e+01 +1.077821005e+03 +1.077821005e+03 +3.1139e-01 +2.3317e+00 -2.2378e+00 +4.9169e+00 -1.1869e+00 +3.7972e-01 +3.7357e-02 -2.0165e+00 +7.8854e-01 -7.6866e-01 -3.2564e+00 -5.0522e+00 +4.9009e+00 -3.5643e+00 -2.0982e+00 -2.8469e+00 -2.5810e+00 +2.4016e-01 -4.2100e+00 -9.2374e-01
% f evaluations | g evaluations | best noise-free fitness - Fopt (-4.913000000000e+01) + sum g_i+ | measured fitness | best measured fitness or single-digit g-values | x1 | x2...
1 0 +8.282343011e+01 +3.369343011e+01 +3.369343011e+01 +0.0000e+00 +0.0000e+00 +0.0000e+00 +0.0000e+00 +0.0000e+00 +0.0000e+00 +0.0000e+00 +0.0000e+00 +0.0000e+00 +0.0000e+00 +0.0000e+00 +0.0000e+00 +0.0000e+00 +0.0000e+00 +0.0000e+00 +0.0000e+00 +0.0000e+00 +0.0000e+00 +0.0000e+00 +0.0000e+00
7 0 +8.048867199e+01 +3.135867199e+01 +3.135867199e+01 -3.7329e+00 +3.0085e+00 -3.3489e+00 +1.7089e+00 -2.5642e+00 +1.7694e+00 -1.5554e+00 -9.4214e-02 -2.2098e+00 +2.1626e+00 +2.2062e+00 -3.0772e-02 +2.1676e+00 -1.4757e+00 +9.0322e-01 -2.8947e-01 +4.0215e+00 -3.5681e-01 +1.0283e+00 -5.0811e-01
26 0 +7.500228165e+01 +2.587228165e+01 +2.587228165e+01 -2.7431e+00 +3.3417e+00 -5.6882e+00 +2.0182e-01 -7.9266e-01 -1.7063e+00 +1.4331e+00 -4.1078e+00 -1.4339e+00 +4.6021e-01 +5.5329e+00 +2.5502e+00 -5.7194e-01 -2.8533e+00 -2.0888e+00 -2.3959e+00 +2.9160e+00 -2.2405e+00 +1.3487e+00 -1.8196e+00
44 0 +7.328442786e+01 +2.415442786e+01 +2.415442786e+01 -1.6817e+00 +3.4559e+00 -2.8405e+00 +3.9890e-01 +1.0244e+00 -7.0413e-02 +4.8236e+00 -1.1601e+00 -3.7867e+00 -1.2889e+00 +2.7858e+00 +4.4458e-01 +1.5160e+00 +2.0158e+00 -8.5682e-01 -3.1625e+00 +4.3318e+00 -5.6710e-01 +2.0737e+00 -2.2622e+00
% f evaluations | g evaluations | best noise-free fitness - Fopt (2.977300000000e+02) + sum g_i+ | measured fitness | best measured fitness or single-digit g-values | x1 | x2...
1 0 +7.754602683e+01 +3.752760268e+02 +3.752760268e+02 +0.0000e+00 +0.0000e+00 +0.0000e+00 +0.0000e+00 +0.0000e+00 +0.0000e+00 +0.0000e+00 +0.0000e+00 +0.0000e+00 +0.0000e+00 +0.0000e+00 +0.0000e+00 +0.0000e+00 +0.0000e+00 +0.0000e+00 +0.0000e+00 +0.0000e+00 +0.0000e+00 +0.0000e+00 +0.0000e+00
16 0 +7.465160489e+01 +3.723816049e+02 +3.723816049e+02 +8.2773e-01 -3.8300e-01 -4.9002e-02 -3.3445e+00 +1.0278e+00 +2.0746e+00 -2.1509e+00 +3.6218e+00 -7.6382e-02 -1.0906e+00 -3.3598e+00 -6.8436e-01 +1.2297e+00 +7.2453e-01 +9.1024e-01 -5.9322e+00 -1.2143e-01 -2.2659e+00 +2.9832e+00 +1.3314e+00
37 0 +6.859961941e+01 +3.663296194e+02 +3.663296194e+02 -1.3301e+00 +2.0057e+00 -1.3800e-01 -8.2409e-01 +4.8239e+00 -2.8792e+00 -1.6560e+00 -6.5561e-01 +2.3572e+00 -4.6272e+00 -8.9454e-01 +1.0277e+00 +1.2282e+00 +2.5301e+00 +4.5254e+00 -1.0962e+00 +4.7376e-01 +1.3759e+00 +2.1390e+00 +2.0136e+00
47 0 +5.961295277e+01 +3.573429528e+02 +3.573429528e+02 -9.7117e-01 +3.8042e+00 +7.7270e-01 -2.1674e+00 +1.9861e+00 -3.4794e+00 +1.9487e+00 -1.6164e+00 +3.8766e+00 -3.4567e+00 +7.2731e-01 +2.2846e+00 -8.5407e-01 +1.2914e-02 +1.6328e+00 -8.0824e-01 +1.6809e+00 +1.6806e+00 +1.9563e-01 +9.7580e-01
% f evaluations | g evaluations | best noise-free fitness - Fopt (5.157000000000e+01) + sum g_i+ | measured fitness | best measured fitness or single-digit g-values | x1 | x2...
1 0 +8.156121458e+01 +1.331312146e+02 +1.331312146e+02 +0.0000e+00 +0.0000e+00 +0.0000e+00 +0.0000e+00 +0.0000e+00 +0.0000e+00 +0.0000e+00 +0.0000e+00 +0.0000e+00 +0.0000e+00 +0.0000e+00 +0.0000e+00 +0.0000e+00 +0.0000e+00 +0.0000e+00 +0.0000e+00 +0.0000e+00 +0.0000e+00 +0.0000e+00 +0.0000e+00
8 0 +7.723605235e+01 +1.288060524e+02 +1.288060524e+02 -2.6384e-01 -9.7224e-01 +2.5847e-01 +6.5123e-01 +2.4308e+00 -1.7499e+00 +1.9122e+00 -1.7267e+00 +1.3567e+00 -4.0724e-01 +4.6266e+00 -2.6153e-01 +3.3631e-01 -4.1832e-01 -4.2781e-01 -3.7937e-01 -1.8908e+00 -6.1714e-02 -2.4729e-01 -1.0799e+00
17 0 +7.507159940e+01 +1.266415994e+02 +1.266415994e+02 -1.0477e+00 +1.2736e+00 +7.9872e-01 +5.4654e-01 -2.4551e+00 -9.8511e-01 +1.4732e+00 +2.9874e-01 +7.6502e-01 -1.3639e-01 +3.7398e+00 -1.4179e+00 -6.0118e-01 -2.4146e+00 -1.7237e+00 -1.6630e+00 -4.1856e+00 +9.6755e-01 +1.4202e+00 -4.2154e+00
