% f evaluations | g evaluations | best noise-free fitness - Fopt (6.479000000000e+01) + sum g_i+ | measured fitness | best measured fitness or single-digit g-values | x1 | x2...
1 0 +8.307298063e+02 +8.955198063e+02 +8.955198063e+02 +0.0000e+00 +0.0000e+00 +0.0000e+00 +0.0000e+00 +0.0000e+00 +0.0000e+00 +0.0000e+00 +0.0000e+00 +0.0000e+00 +0.0000e+00 +0.0000e+00 +0.0000e+00 +0.0000e+00 +0.0000e+00 +0.0000e+00 +0.0000e+00 +0.0000e+00 +0.0000e+00 +0.0000e+00 +0.0000e+00
28 0 +6.434067573e+02 +7.081967573e+02 +7.081967573e+02 -1.1981e+00 -2.8515e+00 +1.3072e+00 +2.6797e+00 -3.2389e+00 -2.6038e-01 -2.7810e+00 +1.1037e+00 -3.6521e-01 -2.7674e-01 +2.2626e+00 -1.3340e+00 +3.1320e+00 -2.5239e+00 +1.0524e+00 +2.1137e+00 +1.7231e+00 +3.7182e+00 -1.6446e+00 +5.5003e-02
62 0 +4.797114558e+02 +5.445014558e+02 +5.445014558e+02 +7.1174e-02 -3.0521e+00 +3.2090e+00 +3.1732e+00 -5.0819e+00 +9.3264e-02 -3.1206e+00 +9.0124e-01 +2.0207e+00 +1.1994e+00 +4.8529e-01 +4.0897e+00 +5.5470e+00 +1.1553e+00 -2.7884e+00 +1.5136e+00 +5.6248e+00 +1.7805e+00 -5.4091e+00 -7.1852e-01
79 0 +4.226976574e+02 +4.874876574e+02 +4.874876574e+02 -8.1856e-01 -2.2473e+00 -2.7045e-01 +5.4296e+00 -2.2001e+00 -1.9380e-01 -3.4005e+00 +8.1029e-01 +9.8522e-02 +9.9429e-01 +4.0693e+00 -1.0847e-01 +3.7220e+00 -2.0278e+00 +2.6595e-01 +7.2456e-01 +2.4106e+00 +1.2498e+00 -3.2901e+00 +1.3863e+00
97 0 +3.908100738e+02 +4.556000738e+02 +4.556000738e+02 -9.1717e-01 -1.8586e+00 +9.9861e-01 +3.0988e-01 -3.2017e+00 +2.3697e-01 -4.6037e+00 +7.2603e-01 -8.0632e-01 +8.9991e-01 +5.1427e+00 -1.9049e+00 +2.7149e+00 -1.5407e+00 -2.9208e+00 -2.7520e+00 +3.0329e+00 +3.2553e+00 -5.3022e+00 +9.4161e-01
102 0 +3.194220043e+02 +3.842120043e+02 +3.842120043e+02 -6.9807e-01 -3.6477e+00 -1.3269e+00 +3.4850e+00 -3.4341e+00 +1.1724e+00 -4.0184e+00 +4.4943e-01 -5.1654e-01 +3.1154e+00 +4.3824e+00 -1.2228e+00 +6.6648e+00 +5.6151e-02 -2.8240e+00 -8.0246e-01 +1.5760e+00 +2.3942e+00 -2.6248e+00 -2.2741e+00
125 0 +1.888558732e+02 +2.536458732e+02 +2.536458732e+02 -2.3591e+00 +1.5804e-01 +1.7088e+00 +1.2294e+00 -1.5197e+00 -7.7675e-01 -3.1741e+00 +6.9608e-01 +7.5626e-02 +1.3418e+00 +2.7329e+00 +1.3424e+00 +1.1729e+00 -1.5817e+00 -1.8444e+00 +1.2869e+00 +2.9807e+00 -5.4338e-01 -4.9176e+00 +2.4164e+00
191 0 +1.768882671e+02 +2.416782671e+02 +2.416782671e+02 +7.5392e-01 +7.9022e-01 +2.0137e+00 +1.2867e+00 -1.5100e+00 +1.6927e+00 -4.1146e+00 -1.5329e+00 -1.9739e+00 +2.0572e+00 +1.5705e+00 -1.4750e+00 +3.8324e-01 -5.0167e-01 -1.7429e+00 +3.0964e-01 +8.5819e-01 +4.8736e-01 -3.0561e+00 +2.4545e+00
194 0 +1.586083387e+02 +2.233983387e+02 +2.233983387e+02 +4.0685e-01 +1.8770e+00 +1.4883e+00 -1.1548e+00 -2.4881e-01 -1.6169e+00 -3.4507e+00 +5.1541e-02 -3.8044e+00 +2.2833e+00 +4.9945e-01 -4.2846e-01 -1.0122e+00 -1.0786e-01 +3.1519e-02 -5.1148e-01 +1.3543e+00 +2.1662e+00 -4.1465e+00 +6.9799e-01
