% f evaluations | g evaluations | best noise-free fitness - Fopt (5.908400000000e+02) + sum g_i+ | measured fitness | best measured fitness or single-digit g-values | x1 | x2...
1 0 +1.310552413e+05 +1.316460813e+05 +1.316460813e+05 +0.0000e+00 +0.0000e+00 +0.0000e+00 +0.0000e+00 +0.0000e+00 +0.0000e+00 +0.0000e+00 +0.0000e+00 +0.0000e+00 +0.0000e+00 +0.0000e+00 +0.0000e+00 +0.0000e+00 +0.0000e+00 +0.0000e+00 +0.0000e+00 +0.0000e+00 +0.0000e+00 +0.0000e+00 +0.0000e+00
33 0 +1.190949409e+05 +1.196857809e+05 +1.196857809e+05 +7.0752e-01 -1.4807e+00 +7.6652e-01 +1.3059e+00 -1.6283e+00 +9.9399e-01 +3.8489e-01 +9.6054e-01 +3.8887e-01 +8.9067e-01 -7.6436e-01 -1.0975e+00 +4.9036e+00 -2.2636e-02 +4.9308e+00 -4.8340e+00 -2.6110e+00 -9.3945e-01 +5.7369e-01 +3.5842e+00
42 0 +9.984206093e+04 +1.004329009e+05 +1.004329009e+05 +4.1828e-01 -2.9655e+00 -5.8827e-01 +2.2257e+00 -2.8896e+00 +1.9886e-01 -3.1773e-01 +4.2403e+00 -9.5922e-01 +3.5596e-01 -2.7104e+00 +1.1764e-01 +2.4615e+00 -4.4267e-01 +5.9168e+00 +1.1838e+00 -7.5380e+00 -9.5501e-01 -1.2072e+00 +1.4537e+00
56 0 +6.880827725e+04 +6.939911725e+04 +6.939911725e+04 -2.7489e+00 -2.3593e+00 +3.5143e+00 +2.0732e+00 -1.3173e-01 +6.3273e-01 +2.9052e+00 +3.1561e-01 -7.8827e-01 -2.1458e+00 -8.6019e-01 -3.7023e-01 +2.7816e+00 -6.3200e-01 +4.0083e+00 -3.4219e+00 -3.7013e+00 -4.5401e-03 +3.8823e-01 -1.3513e-01
77 0 +6.390710869e+04 +6.449794869e+04 +6.449794869e+04 -4.8517e-01 -3.0462e+00 -3.6563e-01 +2.7952e-01 +2.5656e+00 +1.8831e+00 +3.5327e+00 +4.7574e+00 -9.2832e-02 -1.9200e+00 -3.1166e+00 -8.6716e-01 +4.6735e+00 -5.7933e-01 +3.5539e+00 -1.4138e+00 -9.0937e+00 -1.5820e+00 +2.7742e+00 +1.7073e+00
119 0 +3.874948808e+04 +3.934032808e+04 +3.934032808e+04 -4.1872e+00 -1.6133e+00 -2.2000e+00 +8.3642e-01 +1.5801e+00 +9.2018e-01 +1.8396e-01 +6.8067e+00 -2.0145e+00 -1.6853e+00 -5.3221e+00 +7.4069e-01 +1.6703e+00 -2.5600e+00 +1.7244e+00 +1.4779e+00 -6.8002e+00 -3.4248e+00 +4.7587e+00 +2.9159e+00
141 0 +7.281593407e+03 +7.872433407e+03 +7.872433407e+03 -4.5513e+00 -2.2642e+00 -1.4075e+00 +7.6728e+00 +1.5231e+00 +1.7444e+00 -1.7523e-01 +7.5915e+00 -1.2843e+00 +1.2930e+00 -3.9825e+00 +1.3043e+00 +1.6056e+00 -4.2987e+00 +9.8163e-01 +1.7766e+00 -1.2385e+01 -1.7003e+00 +2.7949e+00 +2.9122e+00
172 0 +2.953759693e+03 +3.544599693e+03 +3.544599693e+03 -3.3466e+00 -8.9083e-01 +1.2204e+00 +6.3050e+00 +2.5114e+00 +2.7310e+00 -4.4034e+00 +5.6219e+00 -3.9565e-01 +1.6695e+00 -1.2550e+00 +2.2576e+00 +7.0348e-01 -4.7201e+00 +4.4713e+00 +6.1681e+00 -1.1308e+01 -1.9640e+00 +1.5686e+00 +4.6642e+00
196 0 +9.195138491e+02 +1.510353849e+03 +1.510353849e+03 -2.4702e+00 +9.6130e-01 +2.6920e+00 +5.4189e+00 +4.4751e+00 +1.0122e+00 -2.5146e+00 +4.7060e+00 -1.0697e+00 +2.9065e+00 -5.9654e+00 -1.1538e-02 -1.3657e+00 -4.5464e+00 +3.3420e+00 +5.8190e+00 -1.3494e+01 -3.4072e+00 +3.9151e+00 +2.5772e+00
