% f evaluations | g evaluations | best noise-free fitness - Fopt (1.000000000000e+03) + sum g_i+ | measured fitness | best measured fitness or single-digit g-values | x1 | x2...
1 0 +5.523931782e+03 +6.523931782e+03 +6.523931782e+03 +0.0000e+00 +0.0000e+00 +0.0000e+00
8 0 +1.229842663e+03 +2.229842663e+03 +2.229842663e+03 -8.9334e-01 -1.1670e+00 -1.5107e+00
11 0 +1.153553632e+03 +2.153553632e+03 +2.153553632e+03 -1.9324e+00 -4.0978e-02 -6.4846e-01
13 0 +4.782343199e+02 +1.478234320e+03 +1.478234320e+03 -3.5903e+00 +4.8492e-01 -2.3210e+00
16 0 +2.483906112e+02 +1.248390611e+03 +1.248390611e+03 -3.2837e+00 +2.8365e-01 -2.1452e+00
22 0 +4.407507515e+00 +1.004407508e+03 +1.004407508e+03 -1.8153e+00 +1.2180e+00 -1.3613e+00
40 0 +3.111871576e+00 +1.003111872e+03 +1.003111872e+03 -2.1921e+00 +1.6292e+00 -1.6418e+00
65 0 +2.475668502e+00 +1.002475669e+03 +1.002475669e+03 -1.9801e+00 +7.1985e-03 -2.3527e+00
77 0 +1.575769947e+00 +1.001575770e+03 +1.001575770e+03 -2.2379e+00 +1.7800e-01 -2.6022e+00
