% f evaluations | g evaluations | best noise-free fitness - Fopt (2.175000000000e+01) + sum g_i+ | measured fitness | best measured fitness or single-digit g-values | x1 | x2...
1 0 +1.198388697e+03 +1.220138697e+03 +1.220138697e+03 +0.0000e+00 +0.0000e+00 +0.0000e+00 +0.0000e+00 +0.0000e+00 +0.0000e+00 +0.0000e+00 +0.0000e+00 +0.0000e+00 +0.0000e+00 +0.0000e+00 +0.0000e+00 +0.0000e+00 +0.0000e+00 +0.0000e+00 +0.0000e+00 +0.0000e+00 +0.0000e+00 +0.0000e+00 +0.0000e+00
28 0 +6.357696833e+02 +6.575196833e+02 +6.575196833e+02 +6.0875e-01 +5.2146e-01 -3.8499e-01 -2.6263e+00 -5.4531e+00 -6.8172e+00 +3.4558e-01 -2.4480e+00 +1.4309e+00 +1.6724e+00 -1.4847e+00 -6.0644e-01 +3.6672e+00 +3.4249e+00 +3.0512e+00 -1.6566e+00 +3.6782e-02 +4.4395e-01 -2.6125e-01 +4.2723e+00
110 0 +6.293783828e+02 +6.511283828e+02 +6.511283828e+02 +4.9761e+00 +4.2691e+00 -2.2705e+00 -4.2109e-01 -6.5877e+00 -8.3111e+00 -1.8821e+00 +2.6915e-01 +1.2411e+00 +5.7057e+00 -1.6256e+00 -1.0283e+00 +6.7353e+00 -6.8049e-01 +2.5247e+00 +6.9259e-01 -5.2808e-01 +2.6339e-01 -4.9345e+00 +4.9715e+00
114 0 +5.396180299e+02 +5.613680299e+02 +5.613680299e+02 +3.1827e+00 +2.3419e+00 -2.0563e+00 -1.8963e+00 -5.7839e+00 -6.0103e+00 +1.5082e+00 +1.2047e-01 -6.1991e-01 +2.7074e+00 +1.6290e+00 +1.6478e+00 +4.0097e+00 -2.5958e+00 +2.7144e+00 -3.1668e+00 +1.3844e+00 -2.8349e-02 -2.4252e+00 +4.6274e+00
125 0 +4.431693236e+02 +4.649193236e+02 +4.649193236e+02 +4.4952e+00 +1.4615e+00 -1.7325e+00 -5.6815e-01 -7.5680e+00 -7.0575e+00 +5.8709e-01 +9.2421e-01 +9.2447e-01 +6.3963e+00 -9.2281e-01 -2.0472e+00 +6.1169e+00 -2.9219e-01 +2.9074e-01 +1.1989e+00 +6.0110e-01 +6.2545e-01 -2.0181e+00 +3.6629e+00
134 0 +4.170359708e+02 +4.387859708e+02 +4.387859708e+02 +3.0804e+00 +5.7805e+00 -2.8451e+00 +3.7122e+00 -1.0622e+01 -8.1608e+00 +5.3351e+00 -1.9835e+00 +2.2445e+00 +3.3796e+00 -1.9118e-01 -1.2708e-01 +5.0047e+00 +7.4074e-01 +5.5681e-01 -1.1233e+00 -2.5822e-01 -5.6192e-01 -3.9474e+00 +6.0131e+00
137 0 +3.714687648e+02 +3.932187648e+02 +3.932187648e+02 +4.4470e+00 +6.0186e-02 +6.0209e-01 -1.7138e-01 -8.7754e+00 -7.5948e+00 -2.0324e-01 +9.9658e-01 +1.9637e+00 +4.9804e+00 +1.4828e-01 -2.9030e+00 +7.5437e+00 -6.1432e-03 +1.0582e+00 +3.7552e+00 +1.1386e+00 +9.7176e-01 -5.1221e+00 +4.8891e+00
170 0 +2.317540100e+02 +2.535040100e+02 +2.535040100e+02 +3.4702e+00 +1.3750e+00 -2.6557e+00 +2.8622e-01 -6.7603e+00 -6.3297e+00 +1.4922e+00 +1.5973e+00 +1.2250e+00 +4.6454e+00 -1.6550e-01 -1.6471e+00 +3.7419e+00 +1.8755e+00 +1.4705e-02 -2.4572e+00 +1.1874e+00 +2.3909e+00 -5.6249e+00 +3.3925e+00
205 0 +2.137026978e+02 +2.354526978e+02 +2.354526978e+02 +4.0810e+00 -1.0166e+00 -1.0829e+00 -8.5001e-02 -5.9229e+00 -7.3445e+00 +1.5056e+00 -1.1254e+00 +2.3060e+00 +4.3456e+00 -1.0348e-01 -7.5522e-02 +4.4539e+00 +1.7532e+00 +1.2146e+00 +2.5358e+00 +1.4860e+00 +1.6880e+00 -4.8382e+00 +4.4429e+00
