% f evaluations | g evaluations | best noise-free fitness - Fopt (2.175000000000e+01) + sum g_i+ | measured fitness | best measured fitness or single-digit g-values | x1 | x2...
1 0 +3.295796235e+02 +3.513296235e+02 +3.513296235e+02 +0.0000e+00 +0.0000e+00 +0.0000e+00 +0.0000e+00 +0.0000e+00 +0.0000e+00 +0.0000e+00 +0.0000e+00 +0.0000e+00 +0.0000e+00
3 0 +2.127881248e+02 +2.345381248e+02 +2.345381248e+02 +7.7623e-01 -1.6748e+00 +9.5148e-01 +2.0637e+00 -1.2151e+00 +6.2793e-01 +3.2559e+00 +2.1996e+00 -9.2328e-01 +5.0614e-01
16 0 +1.647096357e+02 +1.864596357e+02 +1.864596357e+02 -3.8734e-02 -2.4026e+00 +2.0185e+00 +1.5838e+00 -1.5582e+00 -1.6287e+00 +4.1278e+00 +2.7525e+00 -8.4735e-01 -1.6663e-01
21 0 +1.601878117e+02 +1.819378117e+02 +1.819378117e+02 -2.6030e-01 -1.2815e+00 -1.4244e+00 +4.0887e+00 +1.1548e-01 +1.8611e-01 +7.2612e-01 +2.3637e+00 +6.7916e-02 +1.2370e+00
26 0 +1.436236443e+02 +1.653736443e+02 +1.653736443e+02 +2.5473e+00 +7.8598e-01 -1.0897e+00 +3.7278e+00 -8.0835e-01 -7.8604e-01 +2.2749e+00 +1.4544e-01 -1.1278e+00 +4.4754e-01
37 0 +1.355178944e+02 +1.572678944e+02 +1.572678944e+02 +2.6268e+00 -2.3825e+00 +1.9760e+00 +4.5055e+00 -5.8918e-01 -8.6503e-01 +1.8116e+00 +1.5560e+00 +6.2204e-01 +1.5650e+00
43 0 +1.298697834e+02 +1.516197834e+02 +1.516197834e+02 +1.9172e+00 -1.5907e+00 -7.0714e-01 +2.8734e+00 -1.6223e+00 -1.4926e+00 +2.4044e+00 -7.8168e-01 +5.3723e-01 -8.3156e-02
47 0 +7.759089994e+01 +9.934089994e+01 +9.934089994e+01 +1.9586e+00 +1.7725e+00 +4.4895e-01 +3.8799e+00 -2.3589e+00 -1.0003e+00 +1.5515e+00 +1.9217e+00 -5.1049e-01 +9.4328e-01
62 0 +1.551219923e+01 +3.726219923e+01 +3.726219923e+01 +1.6093e+00 +6.0322e-01 -3.0525e-01 +2.8833e+00 -1.7768e+00 -3.2609e+00 +3.1405e+00 +2.0373e+00 +1.0266e+00 +3.0682e+00
