% f evaluations | g evaluations | best noise-free fitness - Fopt (-5.235000000000e+01) + sum g_i+ | measured fitness | best measured fitness or single-digit g-values | x1 | x2...
1 0 +3.680316576e+01 -1.554683424e+01 -1.554683424e+01 +0.0000e+00 +0.0000e+00 +0.0000e+00 +0.0000e+00 +0.0000e+00 +0.0000e+00 +0.0000e+00 +0.0000e+00 +0.0000e+00 +0.0000e+00 +0.0000e+00 +0.0000e+00 +0.0000e+00 +0.0000e+00 +0.0000e+00 +0.0000e+00 +0.0000e+00 +0.0000e+00 +0.0000e+00 +0.0000e+00
4 0 +2.524194943e+01 -2.710805057e+01 -2.710805057e+01 -5.5112e-01 +1.4191e+00 -8.1365e-02 +8.1941e-01 -2.9151e+00 +2.3052e-01 -2.6655e+00 -1.7701e+00 -5.4024e-02 -1.3839e+00 +1.5987e+00 +2.6429e+00 +1.9977e+00 +1.3863e+00 +4.9536e+00 -6.4857e-01 -6.0014e-01 +2.9903e+00 +2.9366e+00 -9.2524e-01
37 0 +2.498936073e+01 -2.736063927e+01 -2.736063927e+01 -3.1907e+00 +2.7787e+00 +1.0499e+00 +1.6080e+00 +1.4101e-01 +1.4438e+00 -5.3317e+00 -3.2405e+00 +1.6365e+00 -3.4761e+00 -7.2306e-01 +4.2198e+00 +4.4756e+00 +1.2463e+00 +9.9151e-01 -2.1173e+00 -2.7559e+00 -5.9241e-01 -3.5461e-01 -2.2414e+00
41 0 +1.809939190e+01 -3.425060810e+01 -3.425060810e+01 -5.8157e-02 -8.5609e-01 -1.0640e-01 -2.1030e-01 -6.1506e-01 +1.8450e+00 -2.4340e+00 -2.7097e+00 +8.6415e-01 +2.3356e+00 +8.8607e-01 +2.7936e+00 +1.0738e+00 -2.1992e+00 +1.0366e+00 -2.5540e+00 -3.6981e+00 -8.0297e-02 +3.9201e-01 -2.6604e+00
50 0 +1.679295596e+01 -3.555704404e+01 -3.555704404e+01 +5.7097e-01 -1.8669e-01 +2.5142e-01 +6.0615e-01 +6.6483e-02 +1.3642e+00 -1.5515e+00 -3.4086e+00 +7.1188e-01 -5.6651e-01 +2.4156e-01 +2.8340e+00 +1.3444e+00 -1.1848e+00 +1.1034e+00 -2.3061e+00 -3.0465e+00 -4.5885e-01 +6.6718e-01 -3.4890e+00
% f evaluations | g evaluations | best noise-free fitness - Fopt (-1.795400000000e+02) + sum g_i+ | measured fitness | best measured fitness or single-digit g-values | x1 | x2...
1 0 +5.080463025e+01 -1.287353697e+02 -1.287353697e+02 +0.0000e+00 +0.0000e+00 +0.0000e+00 +0.0000e+00 +0.0000e+00 +0.0000e+00 +0.0000e+00 +0.0000e+00 +0.0000e+00 +0.0000e+00 +0.0000e+00 +0.0000e+00 +0.0000e+00 +0.0000e+00 +0.0000e+00 +0.0000e+00 +0.0000e+00 +0.0000e+00 +0.0000e+00 +0.0000e+00
48 0 +4.948024945e+01 -1.300597505e+02 -1.300597505e+02 -3.0000e+00 -1.9269e+00 -1.9215e+00 +3.8413e+00 -4.1102e+00 +2.0772e+00 -1.1366e+00 +4.2613e+00 -2.0853e+00 +2.1363e-01 -2.4464e+00 -8.0976e-01 +2.6236e+00 +5.0273e+00 +4.8967e+00 +1.7490e+00 +2.0302e+00 +2.5114e+00 -1.8897e+00 +1.1507e+00
50 0 +4.138192133e+01 -1.381580787e+02 -1.381580787e+02 -3.4396e+00 -2.0619e+00 -2.3569e+00 +1.8045e+00 -2.8727e+00 +2.4069e+00 -6.5342e-01 +3.9839e+00 -1.2342e+00 +8.0067e-01 -8.2485e-01 -2.1830e-01 +2.3728e+00 +3.9032e+00 +3.4196e+00 +2.3627e+00 +1.3934e+00 +2.4397e+00 -3.1950e+00 +6.0658e-01
% f evaluations | g evaluations | best noise-free fitness - Fopt (7.731000000000e+01) + sum g_i+ | measured fitness | best measured fitness or single-digit g-values | x1 | x2...
1 0 +2.420831801e+01 +1.015183180e+02 +1.015183180e+02 +0.0000e+00 +0.0000e+00 +0.0000e+00 +0.0000e+00 +0.0000e+00 +0.0000e+00 +0.0000e+00 +0.0000e+00 +0.0000e+00 +0.0000e+00 +0.0000e+00 +0.0000e+00 +0.0000e+00 +0.0000e+00 +0.0000e+00 +0.0000e+00 +0.0000e+00 +0.0000e+00 +0.0000e+00 +0.0000e+00
50 0 +1.662136589e+01 +9.393136589e+01 +9.393136589e+01 +2.2440e+00 +2.8961e-01 -1.4447e+00 +5.8091e-01 +4.3818e-01 -6.2156e-01 -8.0587e-01 +1.2472e+00 +2.7283e+00 -2.0213e+00 +9.0375e-02 +2.9210e+00 -6.8945e-01 -2.2317e+00 +4.5084e-01 +5.9818e+00 +2.1294e+00 +1.0283e+00 -9.8860e-02 -1.8399e-01
% f evaluations | g evaluations | best noise-free fitness - Fopt (3.992000000000e+01) + sum g_i+ | measured fitness | best measured fitness or single-digit g-values | x1 | x2...
1 0 +7.115444340e+01 +1.110744434e+02 +1.110744434e+02 +0.0000e+00 +0.0000e+00 +0.0000e+00 +0.0000e+00 +0.0000e+00 +0.0000e+00 +0.0000e+00 +0.0000e+00 +0.0000e+00 +0.0000e+00 +0.0000e+00 +0.0000e+00 +0.0000e+00 +0.0000e+00 +0.0000e+00 +0.0000e+00 +0.0000e+00 +0.0000e+00 +0.0000e+00 +0.0000e+00
9 0 +6.038180747e+01 +1.003018075e+02 +1.003018075e+02 +2.8011e+00 -3.7466e-01 +5.6551e-01 -4.1303e+00 +1.5511e+00 -2.6424e+00 +2.9293e+00 -3.1189e+00 -3.8042e-01 +2.5755e+00 -4.0179e+00 +1.6306e+00 +2.0417e+00 +5.7221e-01 +9.0631e-01 +2.2053e+00 +2.5319e-01 +3.3488e-01 +3.7383e-01 -1.4254e+00
14 0 +1.530037993e+01 +5.522037993e+01 +5.522037993e+01 +3.3473e+00 +5.6695e-01 +2.7670e+00 -2.1857e+00 +8.1476e-01 +1.6112e+00 -7.7834e-01 -3.1596e+00 +2.5695e+00 +9.0028e-01 +1.7652e+00 +2.1634e-01 +1.2875e+00 +3.1107e+00 -2.3924e+00 +3.6384e-01 +1.3187e+00 -6.1938e-01 -8.8563e-01 -2.2565e+00
% f evaluations | g evaluations | best noise-free fitness - Fopt (-5.661000000000e+01) + sum g_i+ | measured fitness | best measured fitness or single-digit g-values | x1 | x2...
1 0 +3.349009678e+01 -2.311990322e+01 -2.311990322e+01 +0.0000e+00 +0.0000e+00 +0.0000e+00 +0.0000e+00 +0.0000e+00 +0.0000e+00 +0.0000e+00 +0.0000e+00 +0.0000e+00 +0.0000e+00 +0.0000e+00 +0.0000e+00 +0.0000e+00 +0.0000e+00 +0.0000e+00 +0.0000e+00 +0.0000e+00 +0.0000e+00 +0.0000e+00 +0.0000e+00
31 0 +3.102718915e+01 -2.558281085e+01 -2.558281085e+01 +7.0034e-01 -6.3924e-01 -2.0160e+00 +8.1069e-02 -1.2853e+00 -1.1961e-02 +3.2613e-01 -2.2647e-01 -1.2072e+00 +2.1728e-03 +6.3751e-01 -2.2903e-01 +1.2271e+00 +2.0123e+00 +1.5310e+00 +8.5048e-01 -3.4898e+00 +1.9400e+00 -2.4117e+00 +1.9694e+00
50 0 +2.470855066e+01 -3.190144934e+01 -3.190144934e+01 +1.4021e+00 -7.4212e-01 -1.5707e+00 -6.0886e-01 -1.9604e+00 -1.8462e+00 +1.6370e+00 -9.5947e-01 -3.0649e-01 -6.7149e-01 -3.7855e-01 +4.6940e-01 +1.5115e+00 +5.2792e-01 -4.5876e-01 +6.4996e-03 -2.8710e+00 -2.1150e-01 -3.6574e+00 +1.4010e+00
