% f evaluations | g evaluations | best noise-free fitness - Fopt (-1.694000000000e+01) + sum g_i+ | measured fitness | best measured fitness or single-digit g-values | x1 | x2...
1 0 +3.707168231e+01 +2.013168231e+01 +2.013168231e+01 +0.0000e+00 +0.0000e+00 +0.0000e+00 +0.0000e+00 +0.0000e+00 +0.0000e+00 +0.0000e+00 +0.0000e+00 +0.0000e+00 +0.0000e+00 +0.0000e+00 +0.0000e+00 +0.0000e+00 +0.0000e+00 +0.0000e+00 +0.0000e+00 +0.0000e+00 +0.0000e+00 +0.0000e+00 +0.0000e+00
11 0 +2.021487800e+01 +3.274878001e+00 +3.274878001e+00 +5.0404e-01 -8.2119e-01 -1.1652e+00 +1.5946e+00 +6.6709e-01 -1.3800e+00 +2.6582e+00 +2.7390e+00 -8.5222e-01 +3.8929e+00 +1.7432e+00 -4.3663e-01 -2.3975e+00 -3.8457e+00 -7.8133e-01 -1.7518e-01 +2.9613e+00 +2.8087e+00 +3.0568e-02 -2.0662e+00
30 0 +1.650269856e+01 -4.373014374e-01 -4.373014374e-01 +7.2151e-01 -1.0446e+00 +8.3385e-01 +3.2202e+00 +1.4804e+00 -7.9856e-01 +4.9604e+00 +1.1405e+00 -5.3107e+00 -1.3838e+00 +1.3858e+00 +6.7272e-01 -2.5503e+00 -1.9790e+00 +1.3428e+00 +5.7706e-01 +4.7303e+00 -1.3253e+00 -6.4413e-02 +7.9299e-01
33 0 +1.588200009e+01 -1.057999909e+00 -1.057999909e+00 -1.9611e+00 -1.6414e+00 +5.3208e-01 -1.3821e+00 +1.5723e+00 -8.2994e-01 +1.6652e+00 -4.3494e-01 -3.2212e+00 +1.3391e-01 +3.7127e+00 +3.7148e-01 -4.8452e+00 +3.7669e+00 +3.5403e+00 +3.8436e-01 +3.5711e+00 +2.5897e-01 +7.3479e-01 -1.2017e+00
% f evaluations | g evaluations | best noise-free fitness - Fopt (1.881000000000e+01) + sum g_i+ | measured fitness | best measured fitness or single-digit g-values | x1 | x2...
1 0 +1.544776293e+01 +3.425776293e+01 +3.425776293e+01 +0.0000e+00 +0.0000e+00 +0.0000e+00 +0.0000e+00 +0.0000e+00 +0.0000e+00 +0.0000e+00 +0.0000e+00 +0.0000e+00 +0.0000e+00 +0.0000e+00 +0.0000e+00 +0.0000e+00 +0.0000e+00 +0.0000e+00 +0.0000e+00 +0.0000e+00 +0.0000e+00 +0.0000e+00 +0.0000e+00
5 0 +1.371289096e+01 +3.252289096e+01 +3.252289096e+01 -1.8513e+00 -2.8617e+00 +2.6415e+00 -2.8306e+00 -1.5705e+00 -1.0664e-01 -7.2613e-01 +2.3980e-01 +3.2065e+00 +9.5037e-01 +1.7552e+00 -1.7960e+00 -8.6771e-01 -5.3451e-01 -5.5000e-01 +1.1140e+00 -2.0033e+00 -1.2973e+00 +1.2929e-01 -2.3507e-01
8 0 +1.238202791e+01 +3.119202791e+01 +3.119202791e+01 +1.2163e+00 -2.2288e+00 -3.3220e+00 +6.9263e-01 +1.1849e+00 -3.0531e+00 +3.8268e+00 -1.9135e+00 -2.2540e+00 +4.3739e-01 -5.1349e-01 -6.2255e-01 +2.5550e+00 -2.8878e-02 +2.0651e+00 +2.4126e+00 -2.1973e+00 +5.7551e-01 -3.2616e+00 +9.1794e-01
% f evaluations | g evaluations | best noise-free fitness - Fopt (2.731500000000e+02) + sum g_i+ | measured fitness | best measured fitness or single-digit g-values | x1 | x2...
1 0 +3.571434203e+01 +3.088643420e+02 +3.088643420e+02 +0.0000e+00 +0.0000e+00 +0.0000e+00 +0.0000e+00 +0.0000e+00 +0.0000e+00 +0.0000e+00 +0.0000e+00 +0.0000e+00 +0.0000e+00 +0.0000e+00 +0.0000e+00 +0.0000e+00 +0.0000e+00 +0.0000e+00 +0.0000e+00 +0.0000e+00 +0.0000e+00 +0.0000e+00 +0.0000e+00
8 0 +3.369443495e+01 +3.068444350e+02 +3.068444350e+02 +2.1678e+00 -5.2002e-01 +1.1278e-01 +3.6861e+00 +7.2870e-01 -1.1872e+00 +4.1127e-01 +1.1299e+00 +1.2308e+00 +3.3948e+00 -2.5069e+00 +1.3597e+00 +2.6484e+00 +1.6917e+00 -1.4926e+00 -1.3109e+00 -1.0913e+00 +2.0651e+00 -7.9294e-01 -1.4752e+00
14 0 +3.065019462e+01 +3.038001946e+02 +3.038001946e+02 -2.3349e+00 -1.1716e+00 +5.3358e-01 +4.5376e+00 -1.4181e+00 -1.4578e+00 -2.6183e+00 +1.2153e+00 -6.0067e-01 -1.5938e+00 -1.9349e+00 +2.3954e+00 -2.1753e+00 +1.0939e+00 +5.9762e-01 -8.5130e-01 +2.8267e+00 -4.8812e+00 +1.5160e+00 -2.2291e+00
22 0 +2.817132395e+01 +3.013213240e+02 +3.013213240e+02 -1.9279e+00 -2.5232e-01 -1.7202e-01 +3.5435e+00 -2.8761e+00 -1.5423e+00 +2.3967e+00 +4.1971e+00 -3.9415e-01 +4.4932e+00 -3.3887e+00 +3.8706e+00 +1.2947e+00 +2.3670e+00 -2.0411e+00 +1.4310e+00 +3.0486e+00 +2.0357e+00 +9.3414e-01 -1.0550e+00
34 0 +2.383994726e+01 +2.969899473e+02 +2.969899473e+02 -8.1429e-01 +2.2800e+00 +1.2737e+00 +4.0788e+00 -2.4128e-01 -4.0866e+00 -7.9140e-01 +3.2906e+00 +3.2194e-01 +6.9200e-01 -2.4208e+00 +5.8739e+00 +3.2226e-01 +6.5160e-01 -1.5119e-01 -5.3811e+00 +4.6649e+00 +1.4139e-01 -7.6412e-02 +3.2744e-02
38 0 +1.284679069e+01 +2.859967907e+02 +2.859967907e+02 -1.3391e+00 +1.1832e+00 +2.2956e+00 +4.3581e+00 +2.2152e+00 -4.5318e+00 -2.6585e+00 +2.2904e+00 -2.4443e+00 +1.1768e+00 -6.8474e-01 +2.3312e+00 +2.0320e+00 +9.1295e-01 -2.8866e-01 -5.4512e+00 +3.3239e+00 +6.6517e-01 +1.1668e+00 -2.3098e+00
% f evaluations | g evaluations | best noise-free fitness - Fopt (3.718000000000e+01) + sum g_i+ | measured fitness | best measured fitness or single-digit g-values | x1 | x2...
1 0 +1.574854264e+01 +5.292854264e+01 +5.292854264e+01 +0.0000e+00 +0.0000e+00 +0.0000e+00 +0.0000e+00 +0.0000e+00 +0.0000e+00 +0.0000e+00 +0.0000e+00 +0.0000e+00 +0.0000e+00 +0.0000e+00 +0.0000e+00 +0.0000e+00 +0.0000e+00 +0.0000e+00 +0.0000e+00 +0.0000e+00 +0.0000e+00 +0.0000e+00 +0.0000e+00
7 0 +1.502515136e+01 +5.220515136e+01 +5.220515136e+01 -7.3613e-01 +9.7866e-01 +2.6695e+00 +9.2697e-02 -3.0585e-02 +2.5424e-01 -3.0516e+00 -3.3145e+00 +1.1627e+00 -2.3079e+00 +1.2899e+00 -1.7881e+00 -1.3755e+00 +1.4833e+00 +3.6553e+00 +1.4312e+00 -1.0490e+00 -1.9618e+00 -1.5307e+00 +8.9041e-01
8 0 +1.136482852e+01 +4.854482852e+01 +4.854482852e+01 -2.2398e+00 +1.4778e+00 -1.2090e+00 +2.7283e+00 -2.6640e+00 -1.2349e+00 +1.0742e+00 -1.6281e+00 -3.5806e+00 +6.5599e-01 +8.8194e-01 +7.7068e-01 +2.6847e+00 +4.4898e-01 -4.1221e-03 +2.6620e+00 -8.6130e-01 -5.6094e-01 -6.7353e-01 +2.0130e+00
17 0 +9.748942129e+00 +4.692894213e+01 +4.692894213e+01 -2.2896e+00 -1.8963e+00 +1.8579e+00 -3.9332e-01 -6.2272e-01 -1.3039e+00 -2.3579e+00 -4.0753e-01 -2.2147e+00 +2.7403e+00 -1.0592e-01 +5.4568e-01 +1.9841e+00 +2.4486e+00 +1.1120e+00 +3.5663e+00 -2.3092e+00 -1.3854e+00 +6.3470e-01 -1.2653e+00
% f evaluations | g evaluations | best noise-free fitness - Fopt (-1.479000000000e+02) + sum g_i+ | measured fitness | best measured fitness or single-digit g-values | x1 | x2...
1 0 +1.445935349e+01 -1.334406465e+02 -1.334406465e+02 +0.0000e+00 +0.0000e+00 +0.0000e+00 +0.0000e+00 +0.0000e+00 +0.0000e+00 +0.0000e+00 +0.0000e+00 +0.0000e+00 +0.0000e+00 +0.0000e+00 +0.0000e+00 +0.0000e+00 +0.0000e+00 +0.0000e+00 +0.0000e+00 +0.0000e+00 +0.0000e+00 +0.0000e+00 +0.0000e+00
15 0 +1.279413543e+01 -1.351058646e+02 -1.351058646e+02 -2.9523e+00 -1.3640e-01 +2.0260e+00 -2.2641e+00 +1.8466e+00 -1.7808e+00 -3.2839e-01 -3.9565e+00 -1.6336e+00 +3.4278e+00 +8.7287e-01 -6.0710e-01 +4.3423e-01 -1.0503e+00 -4.0992e+00 +1.1135e+00 -2.4564e+00 -2.7145e+00 -1.3075e+00 +2.2875e+00
