% f evaluations | g evaluations | best noise-free fitness - Fopt (1.000000000000e+03) + sum g_i+ | measured fitness | best measured fitness or single-digit g-values | x1 | x2...
1 0 +6.423771670e+02 +1.642377167e+03 +1.642377167e+03 +0.0000e+00 +0.0000e+00 +0.0000e+00 +0.0000e+00 +0.0000e+00 +0.0000e+00 +0.0000e+00 +0.0000e+00 +0.0000e+00 +0.0000e+00 +0.0000e+00 +0.0000e+00 +0.0000e+00 +0.0000e+00 +0.0000e+00 +0.0000e+00 +0.0000e+00 +0.0000e+00 +0.0000e+00 +0.0000e+00
% f evaluations | g evaluations | best noise-free fitness - Fopt (7.003000000000e+01) + sum g_i+ | measured fitness | best measured fitness or single-digit g-values | x1 | x2...
1 0 +7.420924595e+02 +8.121224595e+02 +8.121224595e+02 +0.0000e+00 +0.0000e+00 +0.0000e+00 +0.0000e+00 +0.0000e+00 +0.0000e+00 +0.0000e+00 +0.0000e+00 +0.0000e+00 +0.0000e+00 +0.0000e+00 +0.0000e+00 +0.0000e+00 +0.0000e+00 +0.0000e+00 +0.0000e+00 +0.0000e+00 +0.0000e+00 +0.0000e+00 +0.0000e+00
41 0 +7.239000396e+02 +7.939300396e+02 +7.939300396e+02 -1.0583e+00 -4.1396e+00 +6.2939e-01 +4.3382e+00 -6.6036e-01 -4.7253e+00 +4.1820e-02 +7.6690e-01 +6.5389e-02 +1.8343e+00 -5.2353e+00 -1.7957e+00 +8.8756e-01 -1.2198e+00 +2.4708e+00 +2.2705e+00 +8.2895e-01 -1.8215e+00 -4.8369e+00 -1.6133e+00
% f evaluations | g evaluations | best noise-free fitness - Fopt (-4.822000000000e+01) + sum g_i+ | measured fitness | best measured fitness or single-digit g-values | x1 | x2...
1 0 +9.669989686e+02 +9.187789686e+02 +9.187789686e+02 +0.0000e+00 +0.0000e+00 +0.0000e+00 +0.0000e+00 +0.0000e+00 +0.0000e+00 +0.0000e+00 +0.0000e+00 +0.0000e+00 +0.0000e+00 +0.0000e+00 +0.0000e+00 +0.0000e+00 +0.0000e+00 +0.0000e+00 +0.0000e+00 +0.0000e+00 +0.0000e+00 +0.0000e+00 +0.0000e+00
8 0 +6.783567560e+02 +6.301367560e+02 +6.301367560e+02 -2.7927e+00 +1.2813e+00 -1.9824e+00 +1.0926e+00 -2.0492e+00 +1.9445e+00 -2.3812e+00 -3.8564e+00 +1.0337e+00 -6.2025e-03 -2.4939e-01 -3.7899e+00 -6.4964e-01 -1.2224e+00 -1.1502e-01 -2.1337e-01 -3.7495e+00 -1.2644e+00 +2.7985e+00 +1.0265e-01
10 0 +5.931942438e+02 +5.449742438e+02 +5.449742438e+02 -4.2386e+00 -3.0994e+00 +1.0294e+00 +1.4441e+00 -2.0987e+00 +1.1257e+00 -5.5690e-01 +3.7488e-01 -3.3024e+00 +1.8017e-01 -1.3688e+00 -3.0206e+00 +4.7349e-01 -9.9461e-01 -1.7683e+00 +5.3382e-01 -6.5042e-01 +5.4211e-01 +3.5591e+00 +1.6353e-01
21 0 +5.170438350e+02 +4.688238350e+02 +4.688238350e+02 -2.1706e+00 -1.4670e+00 -2.4621e+00 -1.3280e+00 -6.7479e-01 +1.5028e+00 -6.2950e-01 -1.2406e+00 -1.4725e+00 +2.1887e+00 +1.6287e+00 -3.3039e+00 -6.4509e-02 -2.5744e-02 +1.9212e+00 -1.6092e+00 -1.8129e-01 -1.1039e+00 +3.1753e+00 +9.3807e-01
44 0 +4.654747498e+02 +4.172547498e+02 +4.172547498e+02 -2.8750e+00 +3.7792e-01 -4.7492e+00 -1.7543e+00 -1.1838e+00 +1.7946e+00 -2.6450e+00 +1.0913e+00 -2.3581e+00 +1.5403e+00 +2.5988e+00 -2.1187e+00 -4.8610e-01 -3.7075e-01 -9.7553e-01 -2.3105e+00 -3.7007e+00 +4.3419e-01 +2.2712e+00 +3.6544e-01
% f evaluations | g evaluations | best noise-free fitness - Fopt (2.547000000000e+01) + sum g_i+ | measured fitness | best measured fitness or single-digit g-values | x1 | x2...
1 0 +1.228006449e+03 +1.253476449e+03 +1.253476449e+03 +0.0000e+00 +0.0000e+00 +0.0000e+00 +0.0000e+00 +0.0000e+00 +0.0000e+00 +0.0000e+00 +0.0000e+00 +0.0000e+00 +0.0000e+00 +0.0000e+00 +0.0000e+00 +0.0000e+00 +0.0000e+00 +0.0000e+00 +0.0000e+00 +0.0000e+00 +0.0000e+00 +0.0000e+00 +0.0000e+00
4 0 +1.190159751e+03 +1.215629751e+03 +1.215629751e+03 -1.8521e+00 -2.8353e+00 -3.1131e+00 -1.1550e+00 +3.7040e+00 -1.9512e+00 -2.4082e+00 -1.4384e-01 +3.7802e+00 -1.5831e+00 -1.2284e+00 -5.7746e-01 -2.1177e+00 -2.4747e-01 +5.2376e+00 -6.0706e-01 +6.8026e-01 -1.0016e+00 -1.9748e+00 +2.1611e+00
17 0 +8.509302429e+02 +8.764002429e+02 +8.764002429e+02 -1.7106e+00 -6.3725e-01 +4.0528e-01 -2.2478e+00 -2.0481e-01 +2.6313e-01 -3.1870e-01 -6.0351e-01 +2.8837e+00 -1.4941e-01 -2.4066e+00 +3.1949e+00 -8.9594e-01 +2.6606e+00 +4.7527e+00 -1.7300e+00 +2.8965e+00 -1.1957e+00 +2.6873e+00 +1.9657e+00
32 0 +7.973746287e+02 +8.228446287e+02 +8.228446287e+02 -1.5673e+00 -9.4704e-01 +1.1662e+00 -1.4987e+00 -9.6364e-01 +7.8640e-01 -4.5854e+00 -5.1307e-01 +4.9462e+00 -2.0978e+00 -6.7517e-01 +2.1407e+00 -7.5183e-01 +4.3420e-01 +4.5208e+00 -6.7318e-01 +2.2559e+00 -5.4133e-01 +3.5019e+00 +5.3282e-01
36 0 +6.412630066e+02 +6.667330066e+02 +6.667330066e+02 -6.2898e-01 +4.2484e-01 -1.6946e+00 -3.1905e+00 -3.7676e-03 -1.8926e+00 -2.2915e+00 -6.1670e-01 +3.6491e+00 -2.6308e-01 -6.5645e-01 +3.3417e-01 -2.1131e+00 +1.1546e+00 +5.2365e+00 -3.9319e+00 +2.2677e+00 +4.1893e-01 +2.6212e+00 +1.0634e+00
41 0 +6.301986176e+02 +6.556686176e+02 +6.556686176e+02 -3.3296e+00 +9.0962e-01 +2.0121e+00 -2.7302e+00 -7.5744e-01 -1.5873e-01 -2.3400e+00 -9.4346e-01 +1.7615e+00 +2.5009e+00 -2.2898e+00 +7.1571e-02 -3.3532e-01 +2.3608e+00 +4.9135e+00 -3.0532e+00 +1.5986e+00 -3.5770e-01 +8.5595e-01 +1.1611e+00
% f evaluations | g evaluations | best noise-free fitness - Fopt (-1.008100000000e+02) + sum g_i+ | measured fitness | best measured fitness or single-digit g-values | x1 | x2...
1 0 +6.498547399e+02 +5.490447399e+02 +5.490447399e+02 +0.0000e+00 +0.0000e+00 +0.0000e+00 +0.0000e+00 +0.0000e+00 +0.0000e+00 +0.0000e+00 +0.0000e+00 +0.0000e+00 +0.0000e+00 +0.0000e+00 +0.0000e+00 +0.0000e+00 +0.0000e+00 +0.0000e+00 +0.0000e+00 +0.0000e+00 +0.0000e+00 +0.0000e+00 +0.0000e+00
28 0 +6.467759113e+02 +5.459659113e+02 +5.459659113e+02 -4.5110e-01 -3.5196e-02 +1.6504e+00 -4.2340e+00 -4.7057e-01 -4.5634e+00 -1.4180e-01 -1.6362e+00 -2.4747e+00 +1.4158e+00 +5.7351e-01 -3.5497e+00 -1.6021e+00 +1.4922e+00 +2.6720e+00 +2.9541e-02 +9.6338e-01 +1.3341e+00 -2.0115e+00 +3.2883e+00
38 0 +4.220466715e+02 +3.212366715e+02 +3.212366715e+02 -1.8932e-01 +1.9182e+00 +5.8073e+00 -2.3754e+00 +4.3495e+00 -1.6166e+00 +1.6182e+00 -1.8713e-01 -3.3759e+00 +2.0995e+00 +3.5834e+00 -3.5301e+00 +2.5426e-01 -2.4183e+00 -1.0071e-01 +2.2484e+00 +7.4439e-01 -1.9812e+00 +2.7950e+00 +4.5272e+00
