% f evaluations | g evaluations | best noise-free fitness - Fopt (7.948000000000e+01) + sum g_i+ | measured fitness | best measured fitness or single-digit g-values | x1 | x2...
1 0 +8.977281728e+01 +1.692528173e+02 +1.692528173e+02 +0.0000e+00 +0.0000e+00 +0.0000e+00 +0.0000e+00 +0.0000e+00 +0.0000e+00 +0.0000e+00 +0.0000e+00 +0.0000e+00 +0.0000e+00 +0.0000e+00 +0.0000e+00 +0.0000e+00 +0.0000e+00 +0.0000e+00 +0.0000e+00 +0.0000e+00 +0.0000e+00 +0.0000e+00 +0.0000e+00
45 0 +8.718296275e+01 +1.666629628e+02 +1.666629628e+02 -1.1559e+00 +1.5573e-01 -9.9273e-01 +9.1764e-02 +6.4953e-01 -1.7709e-01 +9.6384e-01 -1.7355e+00 +1.1147e+00 -1.1150e+00 -2.9178e+00 -3.0057e+00 +2.3111e+00 -9.5270e-01 +3.0377e+00 -6.1142e-01 +1.6977e+00 -2.1958e+00 +6.2438e-01 -1.1864e-01
% f evaluations | g evaluations | best noise-free fitness - Fopt (3.944800000000e+02) + sum g_i+ | measured fitness | best measured fitness or single-digit g-values | x1 | x2...
1 0 +1.466628819e+02 +5.411428819e+02 +5.411428819e+02 +0.0000e+00 +0.0000e+00 +0.0000e+00 +0.0000e+00 +0.0000e+00 +0.0000e+00 +0.0000e+00 +0.0000e+00 +0.0000e+00 +0.0000e+00 +0.0000e+00 +0.0000e+00 +0.0000e+00 +0.0000e+00 +0.0000e+00 +0.0000e+00 +0.0000e+00 +0.0000e+00 +0.0000e+00 +0.0000e+00
27 0 +1.464846076e+02 +5.409646076e+02 +5.409646076e+02 -1.6858e-01 -3.2471e+00 -2.2044e+00 -1.6268e+00 +9.7209e-01 -1.6752e+00 -7.5989e-01 -2.8027e+00 +1.6909e+00 -4.0070e+00 -3.9962e-01 +3.6194e-01 +4.7042e+00 -1.5430e+00 -2.4622e+00 -4.7921e-01 -7.9267e-01 +1.0823e+00 -2.0518e-01 +1.2082e+00
36 0 +1.408757725e+02 +5.353557725e+02 +5.353557725e+02 +8.5668e-02 -2.1815e+00 -4.9956e-01 -7.3225e-02 -7.7127e-01 -2.1091e+00 +3.3902e+00 +1.7847e+00 -1.8023e+00 -7.0316e-02 +8.5827e-01 +1.6737e+00 -1.5942e+00 -1.7814e+00 +2.9775e-01 +1.6255e+00 -2.1083e+00 -4.8855e-01 -2.7327e+00 -7.6469e-01
40 0 +1.195801495e+02 +5.140601495e+02 +5.140601495e+02 +4.9217e-01 -8.0704e-02 -3.2153e+00 -6.4921e-02 -9.3928e-01 -3.9462e+00 +2.0186e+00 -6.7461e-01 -1.2330e+00 -3.8658e+00 +1.0779e+00 -1.9542e-01 +3.0958e+00 -6.8277e-01 -6.8840e-01 +1.9454e+00 -1.6558e-01 -2.2548e+00 -2.1193e+00 -3.2823e+00
% f evaluations | g evaluations | best noise-free fitness - Fopt (-2.471100000000e+02) + sum g_i+ | measured fitness | best measured fitness or single-digit g-values | x1 | x2...
1 0 +1.231669958e+02 -1.239430042e+02 -1.239430042e+02 +0.0000e+00 +0.0000e+00 +0.0000e+00 +0.0000e+00 +0.0000e+00 +0.0000e+00 +0.0000e+00 +0.0000e+00 +0.0000e+00 +0.0000e+00 +0.0000e+00 +0.0000e+00 +0.0000e+00 +0.0000e+00 +0.0000e+00 +0.0000e+00 +0.0000e+00 +0.0000e+00 +0.0000e+00 +0.0000e+00
28 0 +1.051492485e+02 -1.419607515e+02 -1.419607515e+02 -8.8565e-01 -2.5986e+00 -1.5007e+00 -5.3776e+00 -1.8448e+00 +5.3219e+00 -1.0604e+00 -8.3473e-01 -3.6135e+00 -2.9100e-01 +3.6815e+00 +3.2539e+00 -5.7637e-02 -6.3859e-01 +2.0381e+00 +1.8048e+00 +2.7609e+00 -8.5853e-01 +2.3981e+00 -1.4235e+00
30 0 +9.116477483e+01 -1.559452252e+02 -1.559452252e+02 -3.1305e+00 -1.6504e+00 -3.3065e+00 -2.1220e+00 +5.3901e-02 +2.0979e+00 +2.2843e+00 -2.2338e+00 -4.2767e+00 +9.1519e-01 -1.6074e+00 +5.9925e-01 +2.3461e+00 +2.3351e+00 +2.3734e+00 +2.2281e+00 -7.1191e-01 -2.5896e-02 +2.1592e+00 -2.1219e+00
38 0 +6.532662186e+01 -1.817833781e+02 -1.817833781e+02 -1.2309e+00 -2.6465e+00 -1.2421e+00 -4.1931e+00 +4.7804e-01 +4.3776e+00 +4.3028e+00 -5.3361e+00 -1.0728e+00 +8.2120e-01 +2.7725e+00 +1.1383e+00 +9.2628e-01 +3.9671e-01 +4.9373e+00 +1.4363e+00 +7.0923e-01 -1.4606e+00 +8.2839e-01 -2.9415e+00
% f evaluations | g evaluations | best noise-free fitness - Fopt (-1.520400000000e+02) + sum g_i+ | measured fitness | best measured fitness or single-digit g-values | x1 | x2...
1 0 +1.096536352e+02 -4.238636480e+01 -4.238636480e+01 +0.0000e+00 +0.0000e+00 +0.0000e+00 +0.0000e+00 +0.0000e+00 +0.0000e+00 +0.0000e+00 +0.0000e+00 +0.0000e+00 +0.0000e+00 +0.0000e+00 +0.0000e+00 +0.0000e+00 +0.0000e+00 +0.0000e+00 +0.0000e+00 +0.0000e+00 +0.0000e+00 +0.0000e+00 +0.0000e+00
15 0 +1.058080425e+02 -4.623195750e+01 -4.623195750e+01 +1.3890e-01 -9.4308e-01 -5.7847e-01 +2.1770e+00 -7.9134e-01 -1.0572e+00 -7.7816e-02 -4.7977e-01 +2.2372e-01 +3.2606e+00 -4.8539e+00 -4.7888e-01 -3.4889e+00 -8.2937e-01 +3.8052e+00 +1.4209e+00 +2.0253e+00 -1.9819e+00 -1.7766e+00 +6.9789e-01
17 0 +9.919729365e+01 -5.284270635e+01 -5.284270635e+01 +8.1567e-01 +5.1219e-01 -2.1297e-01 +2.8873e+00 +1.3062e+00 +5.1774e-01 +2.3782e+00 -1.1300e-01 +1.5019e+00 +1.3481e+00 -7.0120e-01 -2.2822e-01 -3.3032e-01 -3.0828e-02 +3.6614e+00 -7.8721e-01 -7.9834e-01 -1.1077e+00 +2.1073e+00 +3.1653e+00
26 0 +9.558136654e+01 -5.645863346e+01 -5.645863346e+01 +1.1096e+00 +2.8061e+00 -3.6341e-01 -4.4299e-01 +1.8031e+00 +1.9295e-01 +9.1347e-01 +3.2404e-01 +3.6392e+00 -4.4350e-01 -4.5100e-01 -9.0175e-01 -8.6073e-01 +7.7669e-01 +1.7448e+00 -4.2012e-01 -3.4536e-01 -1.2121e+00 -1.4153e+00 +1.8796e+00
43 0 +8.948002984e+01 -6.255997016e+01 -6.255997016e+01 +1.1887e+00 +7.9007e-01 -1.4269e-01 +1.3519e+00 +6.5082e-01 -1.4115e+00 +7.2071e-01 +2.3346e+00 +7.3659e-01 +3.4302e+00 -3.1390e+00 -3.9714e+00 +2.3101e-01 +1.4173e-01 -2.6524e-03 -8.8944e-01 +9.4947e-02 +4.4296e-01 -2.3457e+00 +4.5209e+00
% f evaluations | g evaluations | best noise-free fitness - Fopt (-2.525000000000e+01) + sum g_i+ | measured fitness | best measured fitness or single-digit g-values | x1 | x2...
1 0 +7.197402816e+01 +4.672402816e+01 +4.672402816e+01 +0.0000e+00 +0.0000e+00 +0.0000e+00 +0.0000e+00 +0.0000e+00 +0.0000e+00 +0.0000e+00 +0.0000e+00 +0.0000e+00 +0.0000e+00 +0.0000e+00 +0.0000e+00 +0.0000e+00 +0.0000e+00 +0.0000e+00 +0.0000e+00 +0.0000e+00 +0.0000e+00 +0.0000e+00 +0.0000e+00
45 0 +4.975409195e+01 +2.450409195e+01 +2.450409195e+01 -3.9146e-01 +6.1723e-01 -1.4000e+00 -1.3989e+00 +1.6619e+00 +1.1308e+00 +7.6383e-01 -2.6933e+00 +4.1702e-01 -5.1863e-01 +3.1402e+00 +7.4091e-01 -4.1422e+00 -8.5950e-01 +1.7289e+00 +1.8764e+00 +7.4514e-01 -3.1796e+00 +1.4855e-01 -1.9207e+00
