% f evaluations | g evaluations | best noise-free fitness - Fopt (-4.697500000000e+02) + sum g_i+ | measured fitness | best measured fitness or single-digit g-values | x1 | x2...
1 0 +9.326307935e+06 +9.325838185e+06 +9.325838185e+06 +0.0000e+00 +0.0000e+00 +0.0000e+00 +0.0000e+00 +0.0000e+00 +0.0000e+00 +0.0000e+00 +0.0000e+00 +0.0000e+00 +0.0000e+00 +0.0000e+00 +0.0000e+00 +0.0000e+00 +0.0000e+00 +0.0000e+00 +0.0000e+00 +0.0000e+00 +0.0000e+00 +0.0000e+00 +0.0000e+00
8 0 +8.516867344e+06 +8.516397594e+06 +8.516397594e+06 +9.0899e-01 +2.6105e+00 +3.0373e-01 -1.7337e+00 -2.9701e+00 +6.7332e-01 -7.3223e-01 +1.6690e+00 +1.0123e+00 -3.6739e+00 +3.7649e-01 -1.7159e+00 +2.8880e+00 +1.7328e+00 -9.7334e-01 +3.9282e+00 -6.2578e-01 -1.4752e+00 -1.8872e+00 -5.2979e-02
16 0 +6.487585048e+06 +6.487115298e+06 +6.487115298e+06 +1.4720e+00 -1.0763e+00 +2.5080e+00 -1.6931e+00 -4.2882e+00 +2.6573e-01 -7.2256e-01 -9.8437e-01 +4.1569e-01 -1.1347e+00 +7.3129e-01 +1.1193e+00 +1.2639e+00 +1.2632e-01 +1.0889e+00 +9.7169e-01 -6.9322e-01 +2.2676e-01 -1.2221e+00 -3.1210e+00
28 0 +5.539188437e+06 +5.538718687e+06 +5.538718687e+06 +2.3173e+00 -2.2316e+00 -1.6689e+00 +3.9027e+00 -7.3174e-01 +1.6062e+00 -1.5648e+00 -2.4889e-01 -1.1739e-01 -7.3092e-01 -7.1589e-01 +5.2457e-01 +4.5846e+00 +1.2758e+00 +7.0110e-01 -9.7729e-01 +1.8077e+00 +1.8416e-01 -3.3439e+00 -2.4081e+00
34 0 +4.521233201e+06 +4.520763451e+06 +4.520763451e+06 -2.0148e+00 -3.5128e-01 +3.6598e+00 -3.1541e+00 -7.9755e+00 +2.4684e+00 -4.0538e+00 -1.1203e+00 +2.8370e+00 -1.4369e+00 +3.1383e+00 -4.4486e-01 +2.5106e+00 +1.2710e+00 -1.3294e+00 +2.5286e+00 +3.7146e+00 -2.6101e+00 -2.6108e-02 -2.1854e+00
43 0 +1.221277850e+06 +1.220808100e+06 +1.220808100e+06 -1.0637e+00 +1.1552e+00 +3.2732e+00 -2.6257e+00 -3.7772e+00 +3.7236e+00 -3.5457e+00 -1.3290e+00 +3.3626e+00 -3.0862e+00 +1.5284e+00 -1.0281e+00 +8.1133e+00 -1.6238e+00 -1.3790e-01 +1.8795e+00 +2.8070e+00 +9.3135e-01 +3.9822e+00 +1.6354e+00
76 0 +1.176543786e+06 +1.176074036e+06 +1.176074036e+06 -8.3814e-01 -4.0897e-02 +4.1129e-01 -1.1945e+00 -7.2347e+00 +5.2451e+00 -1.3180e+00 -7.2401e+00 -1.3748e+00 -2.2152e+00 +5.5321e-01 -2.9663e-01 +6.8112e+00 -2.8758e-01 -4.8462e+00 +1.1072e+00 -1.2073e+00 -1.5669e+00 -5.3532e-01 -1.3840e+00
87 0 +1.075587500e+06 +1.075117750e+06 +1.075117750e+06 +2.0526e+00 +2.1979e+00 +5.4506e+00 -5.8130e-02 -2.3398e+00 +5.6083e+00 -4.5745e+00 -6.1379e+00 +2.7130e+00 -1.9901e+00 +2.4786e+00 +6.6313e-01 +6.8056e+00 +1.0850e+00 -5.5285e-01 +1.8142e+00 -2.0964e-01 -1.7727e+00 -1.7641e+00 -1.2671e+00
192 0 +7.461661805e+05 +7.456964305e+05 +7.456964305e+05 -2.1251e+00 -3.4817e-01 +4.8635e+00 -1.4611e+00 -2.7697e+00 +8.0646e+00 +1.9435e+00 -4.9447e+00 +1.8777e+00 -9.6437e-01 +4.4388e+00 -6.5896e-01 +6.7117e+00 +7.5460e+00 -3.3435e+00 +9.6374e-01 +2.6275e+00 -1.3195e+00 -1.9404e+00 -2.7157e-01
