% f evaluations | g evaluations | best noise-free fitness - Fopt (-3.256000000000e+01) + sum g_i+ | measured fitness | best measured fitness or single-digit g-values | x1 | x2...
1 0 +8.070000981e+01 +4.814000981e+01 +4.814000981e+01 +0.0000e+00 +0.0000e+00 +0.0000e+00 +0.0000e+00 +0.0000e+00 +0.0000e+00 +0.0000e+00 +0.0000e+00 +0.0000e+00 +0.0000e+00 +0.0000e+00 +0.0000e+00 +0.0000e+00 +0.0000e+00 +0.0000e+00 +0.0000e+00 +0.0000e+00 +0.0000e+00 +0.0000e+00 +0.0000e+00
4 0 +6.936639553e+01 +3.680639553e+01 +3.680639553e+01 -6.1333e-01 -2.0418e+00 +4.3562e-01 -1.8372e+00 -1.3127e+00 +1.6940e+00 +2.6200e+00 +9.3241e-01 +7.5369e-01 -2.4302e+00 -1.4721e+00 -2.6981e+00 -2.9707e+00 -4.9275e-01 +2.0605e+00 +2.6403e+00 +2.8180e+00 -6.7673e-01 -1.1972e+00 -5.0470e-01
123 0 +6.144698868e+01 +2.888698868e+01 +2.888698868e+01 +1.9139e+00 -3.6278e+00 +1.8348e+00 -1.5956e+00 +1.2921e+00 +3.1904e+00 +3.8527e-01 -3.2271e-01 +8.2473e-01 -4.8921e-01 +3.5211e+00 +9.9156e-01 -4.4612e+00 +9.1673e-01 +1.8145e-01 +3.4657e+00 +4.9036e+00 -2.5561e+00 +4.4265e-01 -8.1083e-02
146 0 +5.660920908e+01 +2.404920908e+01 +2.404920908e+01 +2.4166e+00 -2.8058e+00 +1.4295e+00 -5.1926e-01 +2.0464e-02 +3.2194e+00 +5.4264e-01 -8.9256e-01 +4.7070e-01 -1.5422e+00 +2.7113e+00 -1.4961e-01 -3.7678e+00 -1.1078e+00 -1.6668e+00 +4.2522e+00 +1.8140e+00 -4.5571e+00 -1.2140e-01 +1.7865e+00
164 0 +5.278237847e+01 +2.022237847e+01 +2.022237847e+01 +2.4304e+00 -3.3925e+00 +7.0170e-01 -1.3258e+00 +1.6687e+00 +3.9983e+00 +1.5395e+00 -6.7584e-01 -5.3902e-02 -3.3262e-01 +1.8830e+00 +1.1134e+00 -3.4355e+00 +3.6915e-02 -2.2298e+00 +3.0545e+00 +2.3708e+00 -4.0395e+00 +1.5015e+00 -5.9090e-01
167 0 +4.561825218e+01 +1.305825218e+01 +1.305825218e+01 +2.9406e+00 -4.3855e+00 +1.1660e+00 -1.6654e+00 -1.7440e-01 +2.7616e+00 +5.7022e-01 -1.0730e-01 -4.1883e-01 -8.2042e-01 +3.3550e+00 -1.5789e+00 -3.7706e+00 -4.9338e-01 -3.1957e-01 +2.2824e+00 +8.3735e-01 -5.6614e+00 +4.7267e-01 -3.7333e-01
169 0 +4.365197894e+01 +1.109197894e+01 +1.109197894e+01 +2.2046e+00 -3.7904e+00 +1.9756e+00 -3.4689e-01 +2.5765e-01 +6.2113e+00 +2.5319e+00 -1.6214e+00 -1.4231e-01 +6.7720e-01 +2.0817e+00 -1.7131e+00 -2.9647e+00 -1.3407e+00 +1.7862e-01 +2.6122e+00 +2.7612e+00 -4.4569e+00 -2.4663e-02 +6.0799e-01
176 0 +4.217526027e+01 +9.615260266e+00 +9.615260266e+00 +1.8136e+00 -3.0812e+00 +1.1031e+00 -9.6548e-01 +2.4687e+00 +4.4516e+00 +2.8785e+00 -8.3946e-01 -1.0205e+00 -1.8441e+00 +2.6002e+00 -1.4467e+00 -2.5533e+00 -1.8292e+00 -9.2891e-01 +3.0819e+00 +2.0474e+00 -5.2188e+00 -1.8545e+00 -7.4918e-01
194 0 +3.979849403e+01 +7.238494027e+00 +7.238494027e+00 +2.7091e+00 -2.8101e+00 +8.8171e-01 -2.1781e-01 +4.4507e-01 +4.8335e+00 +2.1815e+00 -4.9946e-01 -2.0256e+00 -5.3636e-01 +1.6172e+00 -3.5915e-01 -2.0560e+00 -2.5912e+00 +9.4327e-01 +3.1114e+00 +3.7506e+00 -5.1342e+00 +5.2318e-01 -1.6302e+00
