% f evaluations | g evaluations | best noise-free fitness - Fopt (6.870000000000e+00) + sum g_i+ | measured fitness | best measured fitness or single-digit g-values | x1 | x2...
1 0 +1.817093392e+01 +2.504093392e+01 +2.504093392e+01 +0.0000e+00 +0.0000e+00 +0.0000e+00 +0.0000e+00 +0.0000e+00 +0.0000e+00 +0.0000e+00 +0.0000e+00 +0.0000e+00 +0.0000e+00 +0.0000e+00 +0.0000e+00 +0.0000e+00 +0.0000e+00 +0.0000e+00 +0.0000e+00 +0.0000e+00 +0.0000e+00 +0.0000e+00 +0.0000e+00
3 0 +1.232764652e+01 +1.919764652e+01 +1.919764652e+01 +5.6203e+00 -4.5197e-01 +4.4115e-01 -3.7265e+00 -5.8768e-01 -1.4814e+00 +7.5225e-01 -1.1892e+00 -3.0601e+00 -3.1513e+00 +5.7031e+00 +1.3656e+00 -1.1671e+00 +3.0918e+00 +1.3180e+00 -6.9469e-01 +9.9927e-01 -3.1037e+00 +1.0564e+00 -1.1960e+00
9 0 +8.911967720e+00 +1.578196772e+01 +1.578196772e+01 -2.2690e+00 +3.8188e+00 -2.5047e+00 -2.0477e+00 -9.8443e-01 +1.4912e+00 +3.3314e+00 +4.0072e-01 -1.6927e+00 +1.2380e+00 +1.2617e+00 -8.6568e-02 -2.4589e+00 +2.7490e+00 -2.5309e+00 -1.5835e+00 -1.0527e+00 +1.9593e+00 -2.0844e+00 +8.8547e-01
18 0 +8.417325138e+00 +1.528732514e+01 +1.528732514e+01 +4.2981e+00 -1.3222e+00 -1.1803e+00 -5.8179e-01 +1.0081e+00 -2.1300e+00 +3.3682e+00 -8.6659e-01 -2.2171e+00 +3.7838e-01 +2.5883e+00 -1.8288e+00 +4.6191e-01 +8.7009e-01 +4.6097e-01 -1.9782e+00 -9.4746e-01 -2.2268e-02 -3.2968e-01 -1.8280e+00
23 0 +5.235421262e+00 +1.210542126e+01 +1.210542126e+01 +1.2185e+00 +4.4921e-01 +1.5742e+00 -5.0172e-01 +1.0077e+00 +1.7702e+00 +2.8843e+00 -3.7252e+00 -2.5683e+00 +3.0596e-01 +2.5514e+00 +1.3236e+00 -5.3287e-01 +1.2065e+00 -3.7990e+00 +1.4044e+00 +3.0519e+00 -6.9771e-02 +1.7536e-01 +2.5127e+00
% f evaluations | g evaluations | best noise-free fitness - Fopt (1.000000000000e-02) + sum g_i+ | measured fitness | best measured fitness or single-digit g-values | x1 | x2...
1 0 +9.774411099e+00 +9.784411099e+00 +9.784411099e+00 +0.0000e+00 +0.0000e+00 +0.0000e+00 +0.0000e+00 +0.0000e+00 +0.0000e+00 +0.0000e+00 +0.0000e+00 +0.0000e+00 +0.0000e+00 +0.0000e+00 +0.0000e+00 +0.0000e+00 +0.0000e+00 +0.0000e+00 +0.0000e+00 +0.0000e+00 +0.0000e+00 +0.0000e+00 +0.0000e+00
14 0 +9.659561478e+00 +9.669561478e+00 +9.669561478e+00 +2.8619e+00 +3.3451e+00 +1.0603e+00 -4.8109e-01 +8.9960e-01 +1.4846e+00 -4.5292e-02 -3.4560e+00 -4.1619e-01 +7.9106e-01 +2.4783e+00 +2.1495e+00 -6.2477e-01 +1.7805e+00 -4.2326e-01 +2.2060e+00 -1.7687e+00 -1.3161e-01 -2.4821e-01 -6.6193e-01
34 0 +8.250436095e+00 +8.260436095e+00 +8.260436095e+00 +4.2030e-01 +3.3691e+00 -1.6945e+00 +8.8452e-01 +3.1420e+00 +2.4068e+00 -3.0959e+00 -1.1931e+00 +2.2050e+00 +3.0162e-01 +2.3120e+00 -9.6107e-01 -3.8791e+00 -7.5963e-01 -1.7645e+00 +4.9103e+00 -4.3117e+00 -1.7453e+00 -2.1996e+00 +1.8176e+00
% f evaluations | g evaluations | best noise-free fitness - Fopt (-1.306100000000e+02) + sum g_i+ | measured fitness | best measured fitness or single-digit g-values | x1 | x2...
1 0 +9.387114785e+00 -1.212228852e+02 -1.212228852e+02 +0.0000e+00 +0.0000e+00 +0.0000e+00 +0.0000e+00 +0.0000e+00 +0.0000e+00 +0.0000e+00 +0.0000e+00 +0.0000e+00 +0.0000e+00 +0.0000e+00 +0.0000e+00 +0.0000e+00 +0.0000e+00 +0.0000e+00 +0.0000e+00 +0.0000e+00 +0.0000e+00 +0.0000e+00 +0.0000e+00
% f evaluations | g evaluations | best noise-free fitness - Fopt (-2.231200000000e+02) + sum g_i+ | measured fitness | best measured fitness or single-digit g-values | x1 | x2...
1 0 +2.210043326e+01 -2.010195667e+02 -2.010195667e+02 +0.0000e+00 +0.0000e+00 +0.0000e+00 +0.0000e+00 +0.0000e+00 +0.0000e+00 +0.0000e+00 +0.0000e+00 +0.0000e+00 +0.0000e+00 +0.0000e+00 +0.0000e+00 +0.0000e+00 +0.0000e+00 +0.0000e+00 +0.0000e+00 +0.0000e+00 +0.0000e+00 +0.0000e+00 +0.0000e+00
2 0 +1.261940299e+01 -2.105005970e+02 -2.105005970e+02 -3.3516e+00 -2.6471e+00 +2.3305e+00 +1.7081e+00 +8.4978e-01 -4.0184e+00 +2.4334e+00 -2.9728e+00 -5.6421e-01 +1.4482e+00 -4.3183e+00 -1.4165e-01 -4.0369e-01 +6.9905e-01 -2.8511e+00 -8.5555e-01 +1.1029e-01 -5.9458e+00 +3.2930e+00 -4.3880e+00
3 0 +7.456932345e+00 -2.156630677e+02 -2.156630677e+02 -1.3063e-01 -3.6460e-01 -6.3221e-01 +2.9628e+00 -2.4116e-01 +3.5098e-01 -2.0678e+00 +2.5586e+00 -1.8990e+00 -7.0100e-01 -5.1112e+00 +7.7268e-01 -1.3415e+00 +1.7475e+00 -3.6523e+00 -7.5830e-01 -1.4964e+00 +3.7546e-01 +5.9707e+00 +1.2028e+00
% f evaluations | g evaluations | best noise-free fitness - Fopt (-4.443000000000e+01) + sum g_i+ | measured fitness | best measured fitness or single-digit g-values | x1 | x2...
1 0 +1.439186561e+01 -3.003813439e+01 -3.003813439e+01 +0.0000e+00 +0.0000e+00 +0.0000e+00 +0.0000e+00 +0.0000e+00 +0.0000e+00 +0.0000e+00 +0.0000e+00 +0.0000e+00 +0.0000e+00 +0.0000e+00 +0.0000e+00 +0.0000e+00 +0.0000e+00 +0.0000e+00 +0.0000e+00 +0.0000e+00 +0.0000e+00 +0.0000e+00 +0.0000e+00
2 0 +1.404338792e+01 -3.038661208e+01 -3.038661208e+01 -1.3190e+00 -2.3494e+00 +1.0241e-01 -1.1216e+00 +1.2259e+00 +3.0853e+00 +1.4916e+00 -2.1584e-01 -4.0583e+00 -2.9310e-01 +9.8582e-01 +3.3368e-01 -6.1781e+00 -1.5550e+00 +2.4671e+00 +1.1722e+00 -7.2997e-01 +1.7729e+00 +1.8599e+00 -1.2400e+00
5 0 +1.359810231e+01 -3.083189769e+01 -3.083189769e+01 +4.5274e+00 -1.2391e-01 +2.8409e+00 -3.7798e+00 -1.7327e+00 +2.4613e-01 +2.0954e-01 -1.3727e+00 +2.2360e+00 +1.9078e-01 -2.2410e+00 +3.2282e+00 +2.0413e-01 -5.2470e-02 +2.3294e+00 +1.1230e+00 +5.6507e+00 +1.7122e+00 -2.5852e+00 -2.5295e+00
12 0 +8.416676863e+00 -3.601332314e+01 -3.601332314e+01 +2.9122e+00 -1.7508e-01 +2.8129e+00 -2.0713e+00 +2.3789e+00 -1.2578e+00 +2.1996e+00 -2.1566e+00 -8.0395e-01 +7.6281e-04 -1.8187e+00 +4.3004e-01 +6.8438e-01 +1.5716e+00 +2.7429e-01 -1.7174e+00 +1.5012e+00 +1.6397e+00 +1.1706e+00 -3.8873e+00
17 0 +4.843057762e+00 -3.958694224e+01 -3.958694224e+01 +1.6962e+00 +3.5181e+00 +3.9052e+00 -1.8158e+00 +1.2387e+00 -3.1847e-01 +4.1401e-01 -1.7367e+00 -2.3516e+00 +8.3652e-01 +1.1754e+00 +2.4757e+00 -2.2743e+00 -1.8813e+00 +1.4106e+00 -1.7812e-03 +5.4521e+00 +1.1698e+00 -3.9846e+00 -6.6752e-01
