% f evaluations | g evaluations | best noise-free fitness - Fopt (2.997000000000e+01) + sum g_i+ | measured fitness | best measured fitness or single-digit g-values | x1 | x2...
1 0 +1.773964217e+03 +1.803934217e+03 +1.803934217e+03 +0.0000e+00 +0.0000e+00 +0.0000e+00 +0.0000e+00 +0.0000e+00 +0.0000e+00 +0.0000e+00 +0.0000e+00 +0.0000e+00 +0.0000e+00 +0.0000e+00 +0.0000e+00 +0.0000e+00 +0.0000e+00 +0.0000e+00 +0.0000e+00 +0.0000e+00 +0.0000e+00 +0.0000e+00 +0.0000e+00
% f evaluations | g evaluations | best noise-free fitness - Fopt (-5.171000000000e+01) + sum g_i+ | measured fitness | best measured fitness or single-digit g-values | x1 | x2...
1 0 +2.449644894e+03 +2.397934894e+03 +2.397934894e+03 +0.0000e+00 +0.0000e+00 +0.0000e+00 +0.0000e+00 +0.0000e+00 +0.0000e+00 +0.0000e+00 +0.0000e+00 +0.0000e+00 +0.0000e+00 +0.0000e+00 +0.0000e+00 +0.0000e+00 +0.0000e+00 +0.0000e+00 +0.0000e+00 +0.0000e+00 +0.0000e+00 +0.0000e+00 +0.0000e+00
2 0 +1.989562479e+03 +1.937852479e+03 +1.937852479e+03 +1.2582e+00 -2.5525e+00 -1.8880e+00 -2.6595e+00 +2.7847e+00 +1.1994e+00 -6.4881e-01 -9.0397e-01 -7.0950e-01 +9.3443e-01 +4.3280e+00 +2.0918e+00 -6.8534e-01 +1.9243e+00 -1.2954e+00 +2.4444e+00 +2.0256e+00 +5.5736e-02 +6.6544e-01 +1.0412e+00
17 0 +1.815992661e+03 +1.764282661e+03 +1.764282661e+03 +3.5710e+00 +1.9162e+00 -5.0190e+00 -1.8920e+00 +2.3231e+00 +3.6113e+00 -4.6129e+00 +1.8812e+00 +2.3456e-01 -2.2831e+00 +3.4549e+00 -8.6129e-01 +4.2258e-01 +2.0759e+00 +1.8599e+00 -5.9474e-01 +2.3641e+00 +2.8596e+00 +3.5248e+00 +1.7355e+00
26 0 +1.715502396e+03 +1.663792396e+03 +1.663792396e+03 +5.3852e+00 -2.7789e-01 -4.8293e+00 -2.4240e+00 +2.4847e+00 +8.7712e-01 -2.2814e+00 +1.1275e+00 +5.9613e-02 -2.4124e+00 +4.4100e+00 +1.9966e+00 -4.5612e-01 +1.5866e+00 +2.6180e-01 +6.4171e-01 -8.3530e-01 +1.0927e+00 +2.2999e+00 -1.8796e-01
32 0 +1.661656431e+03 +1.609946431e+03 +1.609946431e+03 +3.8115e+00 +1.3758e+00 -4.3345e+00 -3.2989e+00 +2.8872e+00 +1.2595e+00 -2.4148e+00 -5.7802e-01 -1.9636e+00 -7.6750e-01 +7.0522e+00 -1.5601e+00 -9.9076e-01 +7.8556e-01 -8.9883e-01 +2.6974e+00 +1.3249e+00 +1.4410e+00 +1.9578e+00 +2.6686e+00
% f evaluations | g evaluations | best noise-free fitness - Fopt (-2.799500000000e+02) + sum g_i+ | measured fitness | best measured fitness or single-digit g-values | x1 | x2...
1 0 +2.018658347e+03 +1.738708347e+03 +1.738708347e+03 +0.0000e+00 +0.0000e+00 +0.0000e+00 +0.0000e+00 +0.0000e+00 +0.0000e+00 +0.0000e+00 +0.0000e+00 +0.0000e+00 +0.0000e+00 +0.0000e+00 +0.0000e+00 +0.0000e+00 +0.0000e+00 +0.0000e+00 +0.0000e+00 +0.0000e+00 +0.0000e+00 +0.0000e+00 +0.0000e+00
5 0 +1.899322945e+03 +1.619372945e+03 +1.619372945e+03 +3.0993e-01 -2.4216e+00 +2.2456e+00 -1.7092e+00 -1.0149e+00 -9.8203e-01 -1.1548e+00 -3.9568e+00 +1.4838e+00 -1.9147e+00 -5.9413e-01 -6.3442e-01 -6.5236e-01 -1.0895e-01 +1.9105e+00 -3.3007e-01 +7.9378e-01 -9.2420e-01 -2.0190e+00 +3.4998e+00
22 0 +1.747099214e+03 +1.467149214e+03 +1.467149214e+03 -2.3974e+00 -1.1430e+00 +1.5379e+00 -3.3459e+00 -1.8330e-01 -3.9189e+00 +5.0371e-01 -3.2522e+00 +1.0719e+00 -8.9656e-01 -1.3286e+00 +1.5855e+00 +1.2563e+00 +7.9148e-01 +3.6858e+00 +3.0509e+00 +3.3351e+00 -1.6610e+00 +9.0109e-01 +2.1502e+00
43 0 +1.613788980e+03 +1.333838980e+03 +1.333838980e+03 -3.2922e+00 +1.2077e+00 +4.3243e-01 +1.0687e+00 +4.9048e-02 -3.0646e+00 +1.7996e-01 -3.8837e+00 -1.8699e-01 -2.8138e+00 +8.1313e-01 -1.2524e+00 -4.5402e-01 -3.4652e+00 +1.8972e+00 +1.9774e+00 +1.7412e+00 +1.7243e+00 +5.7805e-01 +1.8448e+00
44 0 +1.579339977e+03 +1.299389977e+03 +1.299389977e+03 +1.3048e+00 -4.1953e+00 +5.7886e+00 -1.2917e+00 -2.8409e+00 -2.9484e+00 +2.8365e+00 -2.7297e+00 -4.2408e-01 -2.0590e+00 -3.8995e+00 +3.5002e+00 -1.2331e-01 -1.1217e+00 +2.6002e+00 +3.9232e+00 +4.6354e+00 +2.1759e+00 +5.8208e+00 +3.1013e+00
47 0 +1.261629295e+03 +9.816792949e+02 +9.816792949e+02 -4.3586e+00 -2.3875e+00 +6.0149e+00 +2.8877e+00 -1.1396e+00 -3.7307e+00 -2.7192e+00 -1.7240e+00 +8.6995e-01 -2.7250e+00 +2.0634e+00 +4.5895e+00 -2.7650e+00 +2.1200e-01 -7.2926e-01 +4.0898e+00 +5.2261e+00 +5.1028e+00 +3.0300e+00 +1.5445e+00
% f evaluations | g evaluations | best noise-free fitness - Fopt (9.319900000000e+02) + sum g_i+ | measured fitness | best measured fitness or single-digit g-values | x1 | x2...
1 0 +1.926286861e+03 +2.858276861e+03 +2.858276861e+03 +0.0000e+00 +0.0000e+00 +0.0000e+00 +0.0000e+00 +0.0000e+00 +0.0000e+00 +0.0000e+00 +0.0000e+00 +0.0000e+00 +0.0000e+00 +0.0000e+00 +0.0000e+00 +0.0000e+00 +0.0000e+00 +0.0000e+00 +0.0000e+00 +0.0000e+00 +0.0000e+00 +0.0000e+00 +0.0000e+00
% f evaluations | g evaluations | best noise-free fitness - Fopt (1.133100000000e+02) + sum g_i+ | measured fitness | best measured fitness or single-digit g-values | x1 | x2...
1 0 +2.068050719e+03 +2.181360719e+03 +2.181360719e+03 +0.0000e+00 +0.0000e+00 +0.0000e+00 +0.0000e+00 +0.0000e+00 +0.0000e+00 +0.0000e+00 +0.0000e+00 +0.0000e+00 +0.0000e+00 +0.0000e+00 +0.0000e+00 +0.0000e+00 +0.0000e+00 +0.0000e+00 +0.0000e+00 +0.0000e+00 +0.0000e+00 +0.0000e+00 +0.0000e+00
15 0 +1.838773165e+03 +1.952083165e+03 +1.952083165e+03 +1.2270e+00 +2.9144e+00 +7.2479e+00 +1.4756e+00 -3.0833e+00 -2.2852e+00 +2.3734e-01 -1.4867e+00 +9.2859e-01 -2.4164e+00 +3.7322e-01 +5.8904e+00 -4.3458e+00 -2.0664e+00 -2.8554e+00 -1.5479e+00 +1.8596e+00 +8.4720e-01 +2.6542e+00 -1.2047e+00
20 0 +1.814685566e+03 +1.927995566e+03 +1.927995566e+03 -8.7830e-01 +4.4796e+00 -5.6823e-03 +3.7617e-01 -4.3555e+00 +2.6012e-01 -2.3571e+00 +1.3637e+00 -2.3566e-01 -3.1522e+00 -2.6498e+00 +1.5454e+00 -4.0548e+00 -1.5090e+00 +8.8120e-01 +3.9099e-01 +1.5184e+00 +1.9972e+00 -1.6702e-01 -2.9318e+00
36 0 +1.732048761e+03 +1.845358761e+03 +1.845358761e+03 +8.5489e-01 +6.1175e+00 +1.2286e+00 -8.5822e-01 -2.0075e+00 +3.2350e-02 +8.0422e-02 -1.3104e+00 -8.3366e-02 +2.5694e-01 -1.9845e+00 +5.4272e+00 -5.3075e+00 -3.4868e+00 -5.9004e-02 +3.4565e-01 +2.7134e+00 +1.8020e+00 -1.7155e-01 -1.3868e+00
37 0 +1.601610661e+03 +1.714920661e+03 +1.714920661e+03 +6.4301e-01 -1.0343e+00 +2.0995e+00 +7.5718e-01 -2.1696e+00 -4.0580e-02 +7.8749e-01 +1.8077e+00 +2.3113e+00 -1.6813e+00 -4.1651e+00 +2.7183e+00 -3.4369e+00 -3.8248e+00 +5.3809e-01 +5.7345e-01 +3.0419e+00 +1.6671e+00 -5.3845e-01 -1.2148e+00
43 0 +1.257449739e+03 +1.370759739e+03 +1.370759739e+03 +1.0526e+00 +2.6999e-01 -2.5627e-02 +2.6060e+00 +1.4635e+00 +4.8142e-01 -3.5140e+00 -1.8511e+00 +1.0525e+00 -6.4422e-01 +4.1263e-01 +5.1416e+00 -5.0815e+00 -1.6540e+00 +7.9243e-01 +1.9974e+00 +3.8314e+00 +7.7403e-01 -7.4631e-01 -2.2970e+00
