% f evaluations | g evaluations | best noise-free fitness - Fopt (7.948000000000e+01) + sum g_i+ | measured fitness | best measured fitness or single-digit g-values | x1 | x2...
1 0 +8.977281728e+01 +1.692528173e+02 +1.692528173e+02 +0.0000e+00 +0.0000e+00 +0.0000e+00 +0.0000e+00 +0.0000e+00 +0.0000e+00 +0.0000e+00 +0.0000e+00 +0.0000e+00 +0.0000e+00 +0.0000e+00 +0.0000e+00 +0.0000e+00 +0.0000e+00 +0.0000e+00 +0.0000e+00 +0.0000e+00 +0.0000e+00 +0.0000e+00 +0.0000e+00
15 0 +7.491605472e+01 +1.543960547e+02 +1.543960547e+02 +3.9152e-01 +5.3434e-01 -2.2900e+00 +2.2282e+00 +8.2703e-01 +1.9226e+00 -2.5509e-01 -3.0614e-01 -2.7999e+00 -1.5456e+00 -7.7124e-01 +1.6707e+00 +2.4992e+00 +1.5062e+00 +3.6438e+00 +1.2669e+00 -4.3620e+00 -1.3544e-01 +1.5102e+00 +2.3720e-01
35 0 +6.592967862e+01 +1.454096786e+02 +1.454096786e+02 +4.1062e-01 -1.0960e+00 +1.9108e+00 +2.1911e+00 -2.0981e+00 +2.5739e-01 +1.2044e+00 -1.2700e+00 +4.9158e-01 -5.0805e+00 -2.8923e+00 +1.4509e+00 +1.1825e+00 +1.0931e+00 +6.0102e+00 +1.4907e+00 -1.7238e+00 +4.6086e-01 -1.3930e+00 +1.5208e+00
36 0 +6.391676731e+01 +1.433967673e+02 +1.433967673e+02 -1.7545e+00 -1.0582e-01 -1.1189e+00 -2.2301e-01 -1.7050e+00 -7.1299e-01 -7.5993e-01 -7.7012e-01 -2.1679e-02 -1.6002e+00 -3.7145e+00 -1.6138e-02 +8.3021e-01 +1.0678e-01 +5.5686e+00 +2.5422e+00 -3.3054e+00 -5.4472e-01 -1.0086e+00 -8.3261e-01
47 0 +4.174625145e+01 +1.212262514e+02 +1.212262514e+02 -1.0437e+00 -1.0347e+00 +1.7032e+00 +3.5724e+00 -3.3880e-01 -2.4629e-01 -2.8153e-01 +1.0072e+00 -2.7353e+00 -1.9011e+00 -4.4106e+00 +1.4762e+00 +7.3889e-01 -8.6086e-01 +8.0481e-01 +3.5371e+00 +3.9751e-01 -1.1660e+00 +7.9840e-01 +2.7758e+00
50 0 +3.842847422e+01 +1.179084742e+02 +1.179084742e+02 -1.2384e+00 -9.4854e-01 +7.3657e-01 +3.1648e+00 -1.6328e+00 +9.0561e-01 -7.4260e-01 +3.0914e-01 -5.6788e-01 -1.7332e+00 -3.5907e+00 +9.6029e-01 +1.0705e+00 +5.2304e-01 +1.7377e+00 +3.1610e+00 -1.9705e+00 -7.9827e-01 -5.1958e-01 +2.4061e+00
% f evaluations | g evaluations | best noise-free fitness - Fopt (3.944800000000e+02) + sum g_i+ | measured fitness | best measured fitness or single-digit g-values | x1 | x2...
1 0 +1.466628819e+02 +5.411428819e+02 +5.411428819e+02 +0.0000e+00 +0.0000e+00 +0.0000e+00 +0.0000e+00 +0.0000e+00 +0.0000e+00 +0.0000e+00 +0.0000e+00 +0.0000e+00 +0.0000e+00 +0.0000e+00 +0.0000e+00 +0.0000e+00 +0.0000e+00 +0.0000e+00 +0.0000e+00 +0.0000e+00 +0.0000e+00 +0.0000e+00 +0.0000e+00
6 0 +1.457070719e+02 +5.401870719e+02 +5.401870719e+02 -7.5178e-01 -7.2864e-01 +5.5599e-01 +5.2207e-01 +3.6900e+00 -2.8644e-01 +1.5191e+00 -2.0809e+00 -1.7548e+00 -4.5528e-01 +7.7298e-01 +2.1697e+00 +2.8564e+00 +6.7055e-01 -1.4999e+00 -1.4963e+00 -2.9046e+00 +2.6057e-01 -1.7862e+00 -3.5656e+00
14 0 +1.252855010e+02 +5.197655010e+02 +5.197655010e+02 -3.5540e+00 -3.9931e-01 +5.5373e+00 +3.7714e-01 +5.2822e-01 -3.7669e+00 +3.5231e+00 -7.1566e-01 +6.8830e-01 -1.7754e+00 +2.3468e+00 +3.0513e+00 +7.8773e-01 +3.1991e+00 -3.3221e+00 +2.9730e+00 -4.7758e+00 +1.8829e-01 +7.1808e-01 +2.1097e-01
33 0 +1.123935160e+02 +5.068735160e+02 +5.068735160e+02 -5.7851e+00 -3.7361e+00 +4.1125e+00 -4.4979e-02 -2.9910e+00 -3.5818e+00 +3.0679e+00 -2.2545e+00 -1.3702e+00 -4.0377e+00 +7.6925e-01 +1.9619e+00 +1.4080e+00 +2.3261e+00 -4.2228e+00 +4.1390e+00 -1.3433e+00 -7.1659e-01 -9.8147e-01 -8.6520e-02
35 0 +1.109612777e+02 +5.054412777e+02 +5.054412777e+02 -4.8000e+00 -1.1520e+00 +3.7585e+00 +1.1466e+00 +3.1959e+00 -2.3071e+00 -7.0361e-02 -1.7060e+00 -1.3972e-01 -1.3596e+00 +2.1922e+00 +5.0282e-02 +8.2694e-01 +2.6658e+00 -2.0986e+00 +1.0315e+00 -1.9634e+00 +3.3647e-01 -5.8964e-01 +2.8310e+00
41 0 +1.076250059e+02 +5.021050059e+02 +5.021050059e+02 -6.6035e+00 -4.3637e+00 +3.3126e+00 +7.7749e-01 +2.1237e+00 -2.0102e+00 -6.8663e-01 +3.1834e-02 -1.2267e+00 -3.0913e+00 -2.1995e-01 +1.3358e+00 +4.8974e-02 +3.4575e+00 -3.8635e+00 +7.2545e-01 -2.9404e+00 -1.5360e+00 +2.1496e+00 +2.3645e+00
47 0 +1.051462985e+02 +4.996262985e+02 +4.996262985e+02 -5.7453e+00 -2.8656e+00 +1.3517e+00 +4.5946e+00 +5.3875e+00 -2.0288e+00 +1.4594e+00 -3.3445e+00 -2.6350e+00 -2.1391e+00 +2.3634e+00 +1.5637e+00 -1.8297e+00 +8.6327e-01 -1.7924e+00 +2.7112e+00 -2.3789e+00 +5.0095e-01 +2.6175e+00 -1.5456e-02
49 0 +9.064468905e+01 +4.851246891e+02 +4.851246891e+02 -5.8805e+00 -3.3917e-01 +1.3808e+00 +1.8401e+00 -5.7677e-01 -1.6876e+00 +2.2020e+00 -8.6059e-01 -2.4248e+00 -1.5371e+00 +2.9006e+00 +2.4257e-01 +2.8491e+00 +2.0038e+00 +7.6379e-01 +3.1945e+00 -2.2600e+00 -2.4176e+00 +4.2240e-02 -1.4423e+00
50 0 +6.388885392e+01 +4.583688539e+02 +4.583688539e+02 -5.9437e+00 -1.6556e+00 +1.9305e+00 +2.3491e+00 +1.6696e+00 -2.0051e+00 +1.2948e+00 -1.5630e+00 -2.2138e+00 -1.9669e+00 +1.8131e+00 +1.1397e+00 +1.1261e+00 +2.4511e+00 -1.7168e+00 +2.2220e+00 -2.2956e+00 -1.1779e+00 +1.2216e+00 -2.6669e-01
% f evaluations | g evaluations | best noise-free fitness - Fopt (-2.471100000000e+02) + sum g_i+ | measured fitness | best measured fitness or single-digit g-values | x1 | x2...
1 0 +1.231669958e+02 -1.239430042e+02 -1.239430042e+02 +0.0000e+00 +0.0000e+00 +0.0000e+00 +0.0000e+00 +0.0000e+00 +0.0000e+00 +0.0000e+00 +0.0000e+00 +0.0000e+00 +0.0000e+00 +0.0000e+00 +0.0000e+00 +0.0000e+00 +0.0000e+00 +0.0000e+00 +0.0000e+00 +0.0000e+00 +0.0000e+00 +0.0000e+00 +0.0000e+00
7 0 +1.204083970e+02 -1.267016030e+02 -1.267016030e+02 -6.0589e-01 +2.8722e+00 -1.2403e+00 +3.2913e+00 -2.4208e+00 -2.4142e-02 -4.7813e-01 -3.4201e+00 -1.9232e+00 +3.2545e+00 +1.4176e+00 +1.6035e+00 +1.4546e+00 +1.3293e+00 +4.7375e-03 +4.0584e-01 +4.4092e+00 +5.9296e-01 -5.2557e-01 +1.5202e+00
21 0 +1.142057123e+02 -1.329042877e+02 -1.329042877e+02 -3.6133e-02 +5.1531e-01 +1.0649e+00 -7.3836e-01 -2.8149e+00 -1.3172e+00 -1.6459e+00 -1.8549e+00 -3.3299e+00 +7.0583e-01 -3.4704e-01 -6.1295e-01 +1.0528e+00 +1.0477e+00 +2.3164e+00 +3.5989e+00 +2.4215e+00 +2.1180e+00 +2.0361e+00 -4.2108e-02
32 0 +1.095136633e+02 -1.375963367e+02 -1.375963367e+02 +2.1753e+00 +1.2169e+00 -1.2628e+00 -3.5756e+00 -3.6089e+00 +2.0564e+00 -1.7610e+00 -1.2643e+00 -9.1282e-01 +2.4356e-01 +2.2418e-01 +1.7585e+00 +3.0077e+00 +2.3362e+00 +4.0921e-01 +2.1663e+00 +3.6187e+00 +1.5184e+00 +1.7311e+00 +3.0104e+00
34 0 +9.948398023e+01 -1.476260198e+02 -1.476260198e+02 +3.4177e-01 +2.0899e+00 -7.0443e-01 +9.0979e-01 -3.5524e+00 +9.0394e-01 +1.3861e+00 -1.1579e+00 -8.3858e-01 +3.8442e+00 -2.0897e-01 -4.5575e-01 +1.8584e+00 +2.9070e+00 -3.6969e-01 +1.4938e+00 +4.7596e+00 +7.3837e-01 +1.4897e+00 -1.6048e+00
50 0 +8.287063338e+01 -1.642393666e+02 -1.642393666e+02 +1.0064e+00 +1.3568e+00 +1.3849e-01 -1.6185e+00 -5.1256e+00 +2.1899e-02 +9.2283e-01 -1.0442e+00 +4.8945e-01 +1.2055e+00 +1.1179e+00 +1.7715e+00 +5.4654e-01 +1.6178e+00 +5.1856e-01 +1.2516e-01 +2.8980e+00 +2.4502e+00 +1.8557e+00 +1.3828e+00
% f evaluations | g evaluations | best noise-free fitness - Fopt (-1.520400000000e+02) + sum g_i+ | measured fitness | best measured fitness or single-digit g-values | x1 | x2...
1 0 +1.096536352e+02 -4.238636480e+01 -4.238636480e+01 +0.0000e+00 +0.0000e+00 +0.0000e+00 +0.0000e+00 +0.0000e+00 +0.0000e+00 +0.0000e+00 +0.0000e+00 +0.0000e+00 +0.0000e+00 +0.0000e+00 +0.0000e+00 +0.0000e+00 +0.0000e+00 +0.0000e+00 +0.0000e+00 +0.0000e+00 +0.0000e+00 +0.0000e+00 +0.0000e+00
6 0 +8.568326961e+01 -6.635673039e+01 -6.635673039e+01 -9.0128e-01 +4.3142e+00 -3.2902e+00 +9.2275e-01 +2.4134e+00 +1.7705e-01 +3.2011e-01 +2.0954e-01 -3.8704e-01 +3.4970e+00 +4.6893e-01 -5.9462e-02 -4.7026e-01 +9.6615e-01 +4.6206e-01 +3.3359e+00 -4.0174e-01 -9.1256e-01 +2.2713e+00 -2.2169e-01
50 0 +5.441819556e+01 -9.762180444e+01 -9.762180444e+01 -2.2970e+00 +3.3776e+00 -2.8253e+00 +3.3636e+00 +2.2863e+00 +1.8601e-01 -3.2455e+00 +3.0393e-01 +6.7112e-02 +3.8494e+00 -3.1834e+00 +5.3610e-01 -1.4325e+00 +3.0360e+00 +1.0111e+00 +8.1290e-01 -2.1204e-02 -6.8343e-01 +9.1561e-01 +1.4200e+00
% f evaluations | g evaluations | best noise-free fitness - Fopt (-2.525000000000e+01) + sum g_i+ | measured fitness | best measured fitness or single-digit g-values | x1 | x2...
1 0 +7.197402816e+01 +4.672402816e+01 +4.672402816e+01 +0.0000e+00 +0.0000e+00 +0.0000e+00 +0.0000e+00 +0.0000e+00 +0.0000e+00 +0.0000e+00 +0.0000e+00 +0.0000e+00 +0.0000e+00 +0.0000e+00 +0.0000e+00 +0.0000e+00 +0.0000e+00 +0.0000e+00 +0.0000e+00 +0.0000e+00 +0.0000e+00 +0.0000e+00 +0.0000e+00
29 0 +6.351436796e+01 +3.826436796e+01 +3.826436796e+01 +5.1981e+00 -7.2585e-01 +1.0536e+00 +1.3038e+00 +2.7601e+00 +2.2180e-01 -1.6635e+00 -1.3670e+00 +2.4526e+00 -7.8444e-01 +3.5277e-01 +4.2855e+00 -2.2845e-01 -1.0453e+00 +2.0207e+00 +1.2508e+00 -3.0405e+00 +8.5960e-01 -4.9056e-01 -1.9295e-01
37 0 +5.910017092e+01 +3.385017092e+01 +3.385017092e+01 -1.3652e-01 -8.8048e-01 -2.2790e+00 -3.7016e-01 +2.3451e+00 +4.3283e-01 +1.3688e+00 +1.8142e-01 +2.7162e+00 -6.4113e-01 +1.7750e+00 +2.2438e-01 -1.2414e+00 -1.9783e-01 -8.9651e-01 +2.7164e-01 -1.4452e+00 -1.1295e+00 +1.2715e-01 -1.2647e+00
50 0 +3.458488610e+01 +9.334886098e+00 +9.334886098e+00 +3.8999e+00 -1.8863e+00 -1.6148e+00 +1.4549e-01 +2.7203e+00 -9.7179e-01 -2.4474e+00 -2.8278e+00 +1.5266e+00 -7.2992e-01 +1.1428e+00 +2.3404e+00 -5.5332e-01 -9.4366e-02 -6.9904e-01 +7.5480e-01 -2.1386e-01 -1.7086e+00 +2.1575e-01 -1.5155e-01
