% f evaluations | g evaluations | best noise-free fitness - Fopt (5.157000000000e+01) + sum g_i+ | measured fitness | best measured fitness or single-digit g-values | x1 | x2...
1 0 +6.905006003e+01 +1.206200600e+02 +1.206200600e+02 +0.0000e+00 +0.0000e+00 +0.0000e+00
2 0 +6.764976525e+01 +1.192197653e+02 +1.192197653e+02 -4.7538e-01 -1.9506e+00 +8.7290e-01
3 0 +6.159693690e+01 +1.131669369e+02 +1.131669369e+02 +1.0670e+00 +4.1281e-01 +4.2906e-01
4 0 +4.616255436e+01 +9.773255436e+01 +9.773255436e+01 -7.9942e-01 +5.6457e-01 +2.9616e+00
8 0 +3.778580690e+01 +8.935580690e+01 +8.935580690e+01 +7.1453e-03 -7.9840e-02 +2.3893e+00
13 0 +3.201676047e+01 +8.358676047e+01 +8.358676047e+01 -8.3139e-01 +1.3775e+00 +3.7017e+00
14 0 +2.874208505e+01 +8.031208505e+01 +8.031208505e+01 +2.4062e+00 +6.0132e-01 +5.7158e+00
16 0 +9.415626168e+00 +6.098562617e+01 +6.098562617e+01 +2.7466e+00 -1.7303e+00 +1.3825e+00
30 0 +2.007625244e+00 +5.357762524e+01 +5.357762524e+01 +2.1144e+00 -2.4746e+00 +4.0531e+00
