% f evaluations | g evaluations | best noise-free fitness - Fopt (7.731000000000e+01) + sum g_i+ | measured fitness | best measured fitness or single-digit g-values | x1 | x2...
1 0 +5.551087869e+00 +8.286108787e+01 +8.286108787e+01 +0.0000e+00 +0.0000e+00 +0.0000e+00
10 0 +2.817022080e+00 +8.012702208e+01 +8.012702208e+01 +1.6939e+00 -3.1681e+00 -1.0987e+00
15 0 +2.543125776e+00 +7.985312578e+01 +7.985312578e+01 +4.6701e-01 -5.3078e-01 -5.0097e-01
45 0 +2.134394644e+00 +7.944439464e+01 +7.944439464e+01 +1.5087e+00 -2.6051e+00 -1.4471e+00
48 0 +2.035231701e+00 +7.934523170e+01 +7.934523170e+01 +9.5674e-01 -1.5253e+00 -4.2814e-01
53 0 +1.956683481e+00 +7.926668348e+01 +7.926668348e+01 +1.3173e+00 -1.7802e+00 -5.3891e-01
55 0 +1.089317119e+00 +7.839931712e+01 +7.839931712e+01 +9.0606e-01 -4.4202e-01 -9.5467e-01
58 0 +1.013582382e+00 +7.832358238e+01 +7.832358238e+01 +1.1305e+00 -5.6190e-01 -9.2505e-01
61 0 +4.962054635e-01 +7.780620546e+01 +7.780620546e+01 +6.1064e-01 -1.0891e+00 -1.6906e+00
