% f evaluations | g evaluations | best noise-free fitness - Fopt (-1.702000000000e+02) + sum g_i+ | measured fitness | best measured fitness or single-digit g-values | x1 | x2...
1 0 +2.053765432e+07 +2.053748412e+07 +2.053748412e+07 +0.0000e+00 +0.0000e+00 +0.0000e+00 +0.0000e+00 +0.0000e+00 +0.0000e+00 +0.0000e+00 +0.0000e+00 +0.0000e+00 +0.0000e+00
2 0 +1.748467630e+07 +1.748450610e+07 +1.748450610e+07 -7.5881e-01 -3.2550e+00 +2.2359e+00 -1.2656e+00 -5.0280e-02 -3.2565e-01 +2.0742e+00 -1.0224e+00 +2.1042e+00 +2.5683e+00
6 0 +1.225676179e+07 +1.225659159e+07 +1.225659159e+07 +2.0884e+00 -3.1237e+00 +1.4378e+00 -1.2974e+00 +1.0408e+00 -5.6421e-01 -3.6477e+00 +6.4733e+00 -1.4124e+00 -1.6487e+00
8 0 +3.974684382e+06 +3.974514182e+06 +3.974514182e+06 +1.3552e+00 -1.6660e+00 +4.7758e+00 -8.9719e-01 -2.0833e-01 -1.1681e+00 +1.1902e+00 +3.3663e+00 -1.1124e+00 +1.9767e+00
14 0 +2.864780671e+06 +2.864610471e+06 +2.864610471e+06 +1.2394e+00 -1.4473e+00 +7.3185e+00 -1.9557e+00 -3.6727e-01 +1.7532e+00 +1.4455e+00 +6.8316e+00 +4.3288e-02 +1.5340e-01
16 0 +1.481266271e+06 +1.481096071e+06 +1.481096071e+06 +1.0071e+00 -3.1671e+00 +3.5907e+00 -6.5686e-01 +1.3600e+00 -1.6675e+00 +5.5326e-02 +3.6020e+00 -4.5814e+00 +2.9111e+00
29 0 +9.104747166e+05 +9.103045166e+05 +9.103045166e+05 +8.5333e-01 -3.6881e+00 +4.3417e+00 +1.3197e+00 +4.1925e+00 -1.0228e+00 +1.1512e+00 +3.5506e-01 -2.5752e+00 +1.1585e+00
42 0 +5.665105826e+05 +5.663403826e+05 +5.663403826e+05 -1.1367e+00 +7.0456e-01 -6.2001e-02 -2.1880e+00 +5.6322e+00 +1.6863e+00 -2.2919e-01 -3.5297e-01 +1.7102e+00 +4.2806e+00
52 0 +4.098648346e+05 +4.096946346e+05 +4.096946346e+05 -8.4467e-01 -1.8908e+00 -2.3274e-01 -1.2478e+00 +8.0599e+00 -1.5880e+00 -8.5157e-01 -7.9931e-01 -2.0453e+00 +4.6347e+00
