% f evaluations | g evaluations | best noise-free fitness - Fopt (-1.694000000000e+01) + sum g_i+ | measured fitness | best measured fitness or single-digit g-values | x1 | x2...
1 0 +1.581765120e+02 +1.412365120e+02 +1.412365120e+02 +0.0000e+00 +0.0000e+00 +0.0000e+00 +0.0000e+00 +0.0000e+00 +0.0000e+00 +0.0000e+00 +0.0000e+00 +0.0000e+00 +0.0000e+00 +0.0000e+00 +0.0000e+00 +0.0000e+00 +0.0000e+00 +0.0000e+00 +0.0000e+00 +0.0000e+00 +0.0000e+00 +0.0000e+00 +0.0000e+00
7 0 +1.199261812e+02 +1.029861812e+02 +1.029861812e+02 +9.9960e-01 -1.6706e-01 -1.4614e+00 -4.1520e-01 +9.0056e-01 -3.8972e-01 +1.2497e+00 +3.1753e-01 -3.3571e-01 -3.5641e+00 -1.7068e+00 -2.1834e+00 +1.6005e+00 +2.5770e+00 -7.3223e-01 +2.8578e+00 +2.3726e+00 +3.5607e+00 -8.2892e-01 -3.0048e+00
15 0 +9.771603090e+01 +8.077603090e+01 +8.077603090e+01 +5.2021e-01 +1.8652e+00 +2.9399e+00 +2.4522e+00 -2.0876e-01 -5.0618e-01 -2.2189e+00 -8.3374e-01 -1.2817e+00 -3.4193e+00 +2.7988e+00 +3.4242e+00 +2.1570e+00 +3.6689e+00 +6.2682e+00 +2.0254e+00 +2.8637e+00 +6.7648e-01 +2.5705e-01 -5.5891e-01
20 0 +7.467211949e+01 +5.773211949e+01 +5.773211949e+01 -5.7316e-01 -6.7562e-01 -1.0186e+00 -2.8840e+00 -3.8596e-01 +2.4903e+00 +1.7766e+00 +1.1787e+00 +2.4895e+00 -2.7518e+00 +1.1251e+00 -3.9067e-01 +4.6725e-01 -1.6874e+00 +4.5239e+00 -1.6847e-01 +2.8977e+00 +5.3027e-01 +3.8246e-02 -1.6195e+00
24 0 +7.408404990e+01 +5.714404990e+01 +5.714404990e+01 +4.1486e-01 +2.3593e-01 -1.0230e+00 -4.8278e-01 +1.5914e+00 +3.4237e-01 +4.8820e-01 -9.1925e-01 -9.3007e-01 -3.7776e+00 -7.5163e-02 +1.6935e+00 +2.2486e-01 -4.6241e-01 +1.8352e+00 +3.4932e-01 -1.0763e-01 -7.0505e-01 +2.9665e-01 -2.0927e+00
36 0 +6.969499208e+01 +5.275499208e+01 +5.275499208e+01 +1.2022e+00 -1.0599e+00 -2.5487e+00 -5.6369e-01 +6.4531e-01 +1.5694e+00 +2.8909e+00 -1.6209e+00 -1.5963e+00 -3.4641e+00 -1.8459e+00 -5.2897e-01 +1.1008e+00 +2.9056e-01 +4.6790e+00 +4.4540e+00 +1.3552e+00 -2.4009e-01 +6.6436e-01 +4.2210e-01
37 0 +5.860574860e+01 +4.166574860e+01 +4.166574860e+01 -6.2745e-01 +3.4609e-01 -1.5772e+00 -1.7324e+00 +1.7124e+00 -3.2466e-01 +1.8205e-01 +1.6197e+00 +3.4362e-01 -5.0792e+00 +2.4720e+00 +1.1312e+00 +8.6297e-01 -6.4024e-01 +1.6043e+00 +3.7788e+00 -6.7432e-01 +4.6217e-02 -1.8133e+00 -7.8643e-01
39 0 +4.535820902e+01 +2.841820902e+01 +2.841820902e+01 +2.1488e-01 -1.4457e+00 +1.1771e+00 -1.1680e+00 +1.1573e+00 +4.4258e-01 +5.5275e+00 -8.5228e-01 -1.1647e+00 -3.5415e+00 +3.9386e+00 +1.5231e+00 +9.3172e-01 +2.2053e+00 +3.6962e+00 +3.5369e+00 +3.1511e+00 -1.6796e-01 -2.0832e+00 +1.3975e-01
% f evaluations | g evaluations | best noise-free fitness - Fopt (1.881000000000e+01) + sum g_i+ | measured fitness | best measured fitness or single-digit g-values | x1 | x2...
1 0 +5.562307111e+01 +7.443307111e+01 +7.443307111e+01 +0.0000e+00 +0.0000e+00 +0.0000e+00 +0.0000e+00 +0.0000e+00 +0.0000e+00 +0.0000e+00 +0.0000e+00 +0.0000e+00 +0.0000e+00 +0.0000e+00 +0.0000e+00 +0.0000e+00 +0.0000e+00 +0.0000e+00 +0.0000e+00 +0.0000e+00 +0.0000e+00 +0.0000e+00 +0.0000e+00
24 0 +4.070560226e+01 +5.951560226e+01 +5.951560226e+01 -6.8755e-01 -4.4051e+00 +2.3317e-01 -4.3230e-01 -1.6923e+00 -1.9841e+00 +8.2024e-01 +1.1004e+00 +1.0022e+00 +2.5954e+00 -5.2356e+00 +3.3319e+00 +2.3867e+00 +8.2004e-01 -2.7223e+00 +5.0764e-01 +2.2817e+00 +3.6824e+00 -1.0706e+00 -7.3830e-01
42 0 +3.148628630e+01 +5.029628630e+01 +5.029628630e+01 -9.8281e-01 +1.9467e+00 +3.6651e+00 -1.5998e+00 -6.6061e-01 -3.8809e+00 +8.1300e-01 +3.2380e+00 +8.2663e-01 +1.8069e+00 -4.1015e+00 +5.0493e+00 +2.0790e+00 +3.3324e+00 +6.2643e-01 -3.4827e+00 -5.5650e+00 +4.4439e+00 -7.6615e-01 -1.0805e+00
50 0 +3.077891954e+01 +4.958891954e+01 +4.958891954e+01 -1.4238e+00 -1.2799e-01 +1.6257e+00 -1.4927e+00 -7.2897e-01 -2.7843e+00 +6.9354e-01 +3.4831e+00 +5.4270e-01 +1.8674e+00 -4.3038e+00 +1.7824e+00 +7.7607e-01 +3.0768e+00 +4.3066e-02 -2.3338e+00 -2.7904e+00 +4.4145e+00 -1.2017e+00 -9.2826e-01
% f evaluations | g evaluations | best noise-free fitness - Fopt (2.731500000000e+02) + sum g_i+ | measured fitness | best measured fitness or single-digit g-values | x1 | x2...
1 0 +2.178320511e+02 +4.909820511e+02 +4.909820511e+02 +0.0000e+00 +0.0000e+00 +0.0000e+00 +0.0000e+00 +0.0000e+00 +0.0000e+00 +0.0000e+00 +0.0000e+00 +0.0000e+00 +0.0000e+00 +0.0000e+00 +0.0000e+00 +0.0000e+00 +0.0000e+00 +0.0000e+00 +0.0000e+00 +0.0000e+00 +0.0000e+00 +0.0000e+00 +0.0000e+00
6 0 +1.829944737e+02 +4.561444737e+02 +4.561444737e+02 +7.4512e-01 +2.2422e+00 +2.0128e+00 -1.1477e+00 +1.4325e-01 -1.3592e+00 -6.4679e-01 -2.1430e+00 +1.0034e+00 -3.1939e-01 +3.0682e+00 -1.3101e+00 +1.4094e+00 -1.2669e+00 +4.0208e+00 -6.4607e-01 +5.8557e-01 +2.3231e+00 -2.9322e+00 +2.0468e+00
16 0 +1.777530387e+02 +4.509030387e+02 +4.509030387e+02 +1.5374e+00 +1.7864e+00 +6.1976e-01 -3.2601e+00 -1.6674e+00 -2.0967e+00 -2.0305e+00 -2.4113e+00 -2.3781e+00 +5.4561e-01 +3.9184e+00 +2.7419e-01 +8.2471e-01 -4.4913e-01 -3.8246e-01 +3.7670e-01 +7.9148e-01 +3.8183e+00 -1.2422e+00 +1.8600e-01
17 0 +1.132145139e+02 +3.863645139e+02 +3.863645139e+02 +7.8133e-01 -3.0899e+00 -5.9148e-01 +1.2909e+00 -1.3235e+00 -8.4957e-01 -2.1355e+00 +1.6331e-01 -2.2744e+00 +3.5968e+00 +6.3979e-01 -1.8800e+00 +3.7442e-01 +2.4393e+00 -1.2134e-01 -1.3363e+00 +1.0284e+00 +5.7289e+00 -3.1688e+00 +7.4341e-01
18 0 +1.018203031e+02 +3.749703031e+02 +3.749703031e+02 -2.7618e+00 -6.2415e-02 +2.3642e+00 -3.5410e+00 +5.5610e-01 -1.3555e+00 -4.0449e-02 -4.0325e+00 +1.9470e+00 +2.2305e+00 +1.8492e+00 +7.9474e-01 +1.2402e+00 +2.6894e+00 +3.4302e+00 -8.4253e-01 +2.1803e+00 +1.5834e+00 -1.3608e+00 +1.4848e+00
29 0 +9.968220860e+01 +3.728322086e+02 +3.728322086e+02 -2.4653e+00 +3.0157e-01 +1.9016e+00 +1.4183e+00 -1.5387e+00 -1.7025e-01 -2.8031e-01 -3.8554e+00 -3.1790e-02 +2.8270e+00 +3.4690e+00 -8.6822e-01 +1.6543e+00 +1.3246e+00 +1.3951e+00 -2.2360e+00 +1.3007e+00 +3.6193e+00 -2.5220e-01 +6.7462e-01
36 0 +9.506455654e+01 +3.682145565e+02 +3.682145565e+02 -2.5626e+00 -1.1613e+00 -1.2002e+00 +1.9010e+00 +1.4286e+00 -5.0197e-01 -7.3174e-01 -2.7336e+00 +1.0636e+00 +6.5039e-02 +2.7272e-02 +2.2163e+00 +5.2587e+00 +3.1846e+00 +2.6809e+00 -2.9945e+00 +8.5414e-01 +1.2731e+00 +2.5331e+00 -9.8031e-02
42 0 +7.859522289e+01 +3.517452229e+02 +3.517452229e+02 -7.6132e-01 -1.0944e+00 +1.1480e+00 -1.2203e+00 -1.8022e+00 -3.7578e+00 +1.4308e+00 -2.9723e+00 -5.3061e-01 +3.5771e+00 +2.0795e-02 +9.2424e-01 +3.8169e+00 +2.0595e+00 -1.0596e+00 -2.3336e+00 +4.3202e+00 +2.7273e+00 -1.9249e+00 -1.6608e-01
48 0 +7.408054850e+01 +3.472305485e+02 +3.472305485e+02 -2.5255e+00 +1.5964e+00 +1.0846e+00 +3.7299e+00 -1.9542e+00 -3.1483e+00 +1.9812e+00 -2.5576e+00 -1.1613e+00 +2.0278e+00 +1.8739e+00 +3.0070e+00 +2.2317e+00 -1.6701e+00 -2.9074e-01 -2.8269e+00 -3.7770e-01 +4.0389e+00 +1.2776e+00 +1.4708e+00
% f evaluations | g evaluations | best noise-free fitness - Fopt (3.718000000000e+01) + sum g_i+ | measured fitness | best measured fitness or single-digit g-values | x1 | x2...
1 0 +4.493569195e+01 +8.211569195e+01 +8.211569195e+01 +0.0000e+00 +0.0000e+00 +0.0000e+00 +0.0000e+00 +0.0000e+00 +0.0000e+00 +0.0000e+00 +0.0000e+00 +0.0000e+00 +0.0000e+00 +0.0000e+00 +0.0000e+00 +0.0000e+00 +0.0000e+00 +0.0000e+00 +0.0000e+00 +0.0000e+00 +0.0000e+00 +0.0000e+00 +0.0000e+00
28 0 +4.131436222e+01 +7.849436222e+01 +7.849436222e+01 -1.4989e+00 +2.2768e+00 +1.9751e+00 -4.2585e-01 -1.3073e+00 -2.6150e+00 -3.2004e+00 -1.2365e+00 +1.0340e+00 +9.9506e-01 +1.2287e+00 +3.0709e+00 +7.1918e-01 -5.5630e-01 -1.1185e+00 +1.5750e-01 +1.4921e-01 +2.7174e+00 -8.0275e-01 -4.9208e-01
50 0 +3.649224340e+01 +7.367224340e+01 +7.367224340e+01 -3.7708e+00 +1.1608e+00 +4.9493e-01 -1.2642e+00 -2.3287e+00 -2.2278e+00 -1.6570e+00 -7.5411e-01 +9.2774e-01 +2.2856e+00 +2.8746e-01 +1.0770e+00 -5.1629e-01 +1.5879e+00 -8.1284e-02 -1.0664e+00 -4.5231e-01 +1.2871e+00 +7.8281e-01 +3.0000e-02
% f evaluations | g evaluations | best noise-free fitness - Fopt (-1.479000000000e+02) + sum g_i+ | measured fitness | best measured fitness or single-digit g-values | x1 | x2...
1 0 +5.545306338e+01 -9.244693662e+01 -9.244693662e+01 +0.0000e+00 +0.0000e+00 +0.0000e+00 +0.0000e+00 +0.0000e+00 +0.0000e+00 +0.0000e+00 +0.0000e+00 +0.0000e+00 +0.0000e+00 +0.0000e+00 +0.0000e+00 +0.0000e+00 +0.0000e+00 +0.0000e+00 +0.0000e+00 +0.0000e+00 +0.0000e+00 +0.0000e+00 +0.0000e+00
2 0 +5.089306118e+01 -9.700693882e+01 -9.700693882e+01 -1.0472e+00 +8.8175e-01 +1.9666e+00 +1.7252e+00 -1.2280e+00 +6.8244e-01 +9.8108e-01 -2.4109e+00 -6.3385e-01 +1.4461e+00 +2.8918e+00 +8.1717e-02 -5.8811e-01 -1.8877e+00 +2.4364e+00 -1.1992e-02 +1.7371e+00 -7.0308e-01 -2.1106e-01 +1.3143e+00
23 0 +4.675599623e+01 -1.011440038e+02 -1.011440038e+02 +2.5733e+00 -1.3372e+00 +1.3585e+00 +2.3127e+00 +1.8622e+00 -1.1180e+00 +3.4948e+00 -6.1506e-01 -3.2401e-01 -2.4947e-01 +2.2629e+00 -1.0793e+00 +1.6615e-01 -4.7584e-01 -3.1797e-01 +1.8720e+00 +5.4219e-01 +5.9662e-01 +9.4152e-01 +2.0256e+00
39 0 +4.223836039e+01 -1.056616396e+02 -1.056616396e+02 +1.4761e+00 -7.6595e-01 +4.8178e+00 +1.1325e+00 +2.6030e-01 -9.8132e-01 +2.0003e+00 +1.1221e-02 -4.5593e+00 +5.5839e-01 -1.4652e+00 +1.2450e+00 +2.8735e+00 -1.5214e+00 +6.3595e-01 +2.4311e+00 -3.4957e+00 -1.2976e+00 -9.7323e-02 +3.1941e+00
43 0 +3.743997119e+01 -1.104600288e+02 -1.104600288e+02 +1.9013e+00 -2.0033e-01 +1.7790e+00 +3.9109e+00 +1.5147e+00 +2.9640e+00 +8.7265e-02 -3.1246e+00 -4.3430e-01 +3.0004e+00 +2.1706e+00 +5.2860e-01 +4.8233e-01 +1.6669e-01 +1.8346e+00 +1.1074e+00 -1.1943e+00 -1.6986e+00 -1.9291e+00 +2.4913e+00
