% f evaluations | g evaluations | best noise-free fitness - Fopt (7.627000000000e+01) + sum g_i+ | measured fitness | best measured fitness or single-digit g-values | x1 | x2...
1 0 +5.128259773e+05 +5.129022473e+05 +5.129022473e+05 +0.0000e+00 +0.0000e+00 +0.0000e+00 +0.0000e+00 +0.0000e+00 +0.0000e+00 +0.0000e+00 +0.0000e+00 +0.0000e+00 +0.0000e+00 +0.0000e+00 +0.0000e+00 +0.0000e+00 +0.0000e+00 +0.0000e+00 +0.0000e+00 +0.0000e+00 +0.0000e+00 +0.0000e+00 +0.0000e+00
4 0 +2.485929171e+05 +2.486691871e+05 +2.486691871e+05 -5.9057e-01 +1.4610e+00 -2.5815e-01 -4.9856e-01 -5.5620e+00 +2.6530e+00 +7.9969e-01 -2.5306e+00 -4.3221e+00 -1.0161e+00 -6.7567e-01 -1.0472e+00 -1.7449e+00 +2.0647e+00 -3.3067e+00 -3.7356e+00 -5.7496e-01 +3.7135e-01 +2.5137e+00 +2.6552e+00
9 0 +4.796538619e+04 +4.804165619e+04 +4.804165619e+04 +1.3241e+00 +5.6802e-01 -6.8840e-01 +2.6759e-02 -3.4511e+00 +9.1700e-01 +1.1107e+00 -2.6875e+00 +9.4694e-01 +1.7631e+00 -4.4792e+00 +3.3857e+00 -1.1137e-01 -3.1880e+00 -1.5895e+00 -1.5918e-03 +5.1435e-02 -3.8456e+00 -4.5800e+00 +2.6046e+00
15 0 +4.194227462e+03 +4.270497462e+03 +4.270497462e+03 -1.1543e+00 +4.7550e-01 -2.2586e+00 -3.3523e+00 -3.1863e+00 +2.0163e+00 +2.9420e+00 -2.8005e-01 -1.0514e-01 +2.0734e-01 -2.9107e-01 -2.7706e+00 -1.7554e+00 -1.4754e+00 -5.6952e+00 +2.3107e+00 -2.3376e+00 +2.2787e+00 +2.5276e+00 +4.4811e+00
% f evaluations | g evaluations | best noise-free fitness - Fopt (-2.255000000000e+01) + sum g_i+ | measured fitness | best measured fitness or single-digit g-values | x1 | x2...
1 0 +1.986910607e+05 +1.986685107e+05 +1.986685107e+05 +0.0000e+00 +0.0000e+00 +0.0000e+00 +0.0000e+00 +0.0000e+00 +0.0000e+00 +0.0000e+00 +0.0000e+00 +0.0000e+00 +0.0000e+00 +0.0000e+00 +0.0000e+00 +0.0000e+00 +0.0000e+00 +0.0000e+00 +0.0000e+00 +0.0000e+00 +0.0000e+00 +0.0000e+00 +0.0000e+00
10 0 +3.322886730e+03 +3.300336730e+03 +3.300336730e+03 +1.3358e+00 -1.8859e+00 +4.2666e+00 +1.5172e+00 +7.8057e-01 +4.3579e-01 +1.5487e+00 -9.0309e-01 +2.3035e+00 +1.5022e+00 -3.3379e+00 -9.2345e-01 +9.6110e-01 -1.9084e+00 -1.0854e+00 -1.3281e-01 -5.0122e+00 -4.0538e+00 +1.1864e+00 -1.9116e+00
% f evaluations | g evaluations | best noise-free fitness - Fopt (1.366000000000e+01) + sum g_i+ | measured fitness | best measured fitness or single-digit g-values | x1 | x2...
1 0 +2.811586777e+05 +2.811723377e+05 +2.811723377e+05 +0.0000e+00 +0.0000e+00 +0.0000e+00 +0.0000e+00 +0.0000e+00 +0.0000e+00 +0.0000e+00 +0.0000e+00 +0.0000e+00 +0.0000e+00 +0.0000e+00 +0.0000e+00 +0.0000e+00 +0.0000e+00 +0.0000e+00 +0.0000e+00 +0.0000e+00 +0.0000e+00 +0.0000e+00 +0.0000e+00
9 0 +1.030465920e+05 +1.030602520e+05 +1.030602520e+05 -4.2780e-01 -3.6693e-01 +2.8092e+00 -2.8619e-01 -1.4524e+00 +1.1703e+00 +6.6641e-01 -3.4151e+00 +7.5832e-01 +5.0614e-01 -1.4961e+00 +1.6186e+00 -3.0374e+00 +2.4748e+00 +1.3831e+00 +2.9063e+00 +1.6029e+00 -1.1594e+00 -2.0589e+00 +1.9201e+00
10 0 +4.252866719e+04 +4.254232719e+04 +4.254232719e+04 +1.2298e+00 -2.4038e+00 +1.7271e+00 -2.8073e+00 -5.5859e-01 -1.2807e+00 +9.6487e-01 +2.2087e+00 -5.6309e-01 +1.5108e+00 +2.3039e+00 +2.1785e+00 -2.1030e+00 +6.2276e+00 -4.1416e-01 +3.6260e+00 +2.0333e+00 -3.0282e+00 +2.8945e+00 -4.0560e+00
23 0 +4.039609764e+03 +4.053269764e+03 +4.053269764e+03 -4.2904e-01 -4.3691e-01 -1.4944e+00 -6.1514e-01 +1.5382e+00 -6.7957e-01 +4.3935e+00 -2.3654e-01 -3.5744e+00 +9.8563e-01 +9.0940e-01 +3.3367e-01 -1.4942e+00 +4.9157e+00 -2.0420e-01 +7.1892e+00 +5.3044e-01 -2.6781e+00 +1.8622e+00 -1.1361e+00
49 0 +2.675265114e+03 +2.688925114e+03 +2.688925114e+03 +1.1199e+00 +1.3998e+00 +1.3493e+00 +3.3267e+00 +3.5982e+00 -1.7618e+00 -1.1230e+00 +1.7064e-01 +2.6584e+00 +2.0873e+00 +1.8740e+00 +2.2454e+00 +1.6390e+00 +4.2541e+00 +1.7409e-01 +5.8314e+00 +1.7018e+00 -9.7365e-01 -3.4752e-01 -2.9308e-02
% f evaluations | g evaluations | best noise-free fitness - Fopt (9.378400000000e+02) + sum g_i+ | measured fitness | best measured fitness or single-digit g-values | x1 | x2...
1 0 +2.581107992e+06 +2.582045832e+06 +2.582045832e+06 +0.0000e+00 +0.0000e+00 +0.0000e+00 +0.0000e+00 +0.0000e+00 +0.0000e+00 +0.0000e+00 +0.0000e+00 +0.0000e+00 +0.0000e+00 +0.0000e+00 +0.0000e+00 +0.0000e+00 +0.0000e+00 +0.0000e+00 +0.0000e+00 +0.0000e+00 +0.0000e+00 +0.0000e+00 +0.0000e+00
4 0 +9.237639370e+05 +9.247017770e+05 +9.247017770e+05 -3.3188e-01 -1.3607e+00 +4.6749e+00 -3.7295e+00 -1.2183e+00 -5.6320e-01 +8.9668e-01 +1.4715e-01 +5.8447e-01 +1.6782e+00 +5.5406e-01 +3.2423e-01 -8.1012e-05 +2.7096e+00 -1.4501e+00 +1.8699e+00 -3.7241e+00 +8.2430e-01 -4.4927e-01 +4.3495e-01
12 0 +3.076968052e+05 +3.086346452e+05 +3.086346452e+05 -4.4528e-01 +2.6467e+00 -7.2977e-01 -3.6641e+00 +2.6480e+00 -1.7556e+00 +9.8755e-01 -4.2242e-01 +2.4609e+00 +2.4051e-01 +4.4682e+00 -1.0887e-01 +4.2230e+00 +1.2678e+00 +1.6997e+00 +3.8049e+00 -5.6609e-01 -8.1839e-01 +1.1196e+00 -3.3045e+00
19 0 +2.364318300e+05 +2.373696700e+05 +2.373696700e+05 -7.7802e-01 +1.1989e+00 -3.6507e-01 -4.6194e+00 +1.1246e+00 -3.2372e+00 +4.8725e-01 +1.4202e+00 +1.8079e+00 +7.6688e-01 +3.1764e+00 +1.1668e+00 +4.9178e-01 +2.7260e+00 -4.5326e+00 +2.9058e+00 -4.2933e+00 -7.2384e-01 +1.8388e+00 -9.4768e-01
36 0 +5.512224131e+04 +5.606008131e+04 +5.606008131e+04 -2.0280e+00 -1.3996e+00 -1.2531e+00 -3.0586e+00 +7.4304e-01 -1.1415e+00 -1.4033e+00 -6.5553e-01 +9.0957e-01 +1.7238e+00 +2.9057e+00 +2.5931e+00 +3.7378e+00 +2.7009e+00 -9.2036e-01 +5.2656e+00 -3.1947e+00 -3.0887e+00 +2.8751e+00 -1.9344e-01
% f evaluations | g evaluations | best noise-free fitness - Fopt (-7.872000000000e+01) + sum g_i+ | measured fitness | best measured fitness or single-digit g-values | x1 | x2...
1 0 +3.474398233e+06 +3.474319513e+06 +3.474319513e+06 +0.0000e+00 +0.0000e+00 +0.0000e+00 +0.0000e+00 +0.0000e+00 +0.0000e+00 +0.0000e+00 +0.0000e+00 +0.0000e+00 +0.0000e+00 +0.0000e+00 +0.0000e+00 +0.0000e+00 +0.0000e+00 +0.0000e+00 +0.0000e+00 +0.0000e+00 +0.0000e+00 +0.0000e+00 +0.0000e+00
2 0 +2.304890378e+05 +2.304103178e+05 +2.304103178e+05 -1.1495e+00 +4.8940e-01 -4.2416e-01 +3.2693e-01 -1.7059e+00 -3.3128e+00 +4.5858e+00 +9.9251e-02 +4.2545e-01 +1.1986e-01 +5.4432e-01 -5.9162e+00 +3.9744e+00 +5.7022e-01 +1.8346e+00 +1.4299e+00 +1.1626e+00 +8.2407e-01 -3.3903e+00 +3.6358e+00
8 0 +4.815371736e+04 +4.807499736e+04 +4.807499736e+04 -5.5170e+00 -5.1225e-01 +9.5157e-01 -1.6308e-01 -3.2388e+00 -9.9061e-01 +2.2972e-01 +4.8571e+00 -2.3488e+00 +2.6736e+00 -2.5578e+00 -2.5939e+00 +3.2266e+00 -3.6020e+00 -2.2093e+00 +4.7132e+00 +4.8158e-01 -1.4920e+00 -3.8498e-01 +2.9417e+00
11 0 +1.138628131e+04 +1.130756131e+04 +1.130756131e+04 -3.1324e+00 +3.6423e-01 +3.3461e-01 -1.6131e+00 -4.9458e-01 -1.0907e+00 +2.0997e+00 +1.2485e+00 -1.7109e+00 -2.0876e+00 -1.0617e+00 +1.9140e+00 +3.8365e+00 -1.4398e+00 -2.0890e+00 +7.1005e-02 -1.3740e+00 +2.3974e+00 +1.3014e+00 +1.3120e+00
13 0 +4.116015610e+03 +4.037295610e+03 +4.037295610e+03 +1.4275e+00 +2.3771e+00 -1.0743e+00 -3.0866e-03 +1.0383e-02 +2.3740e+00 -1.4642e+00 -1.0237e+00 -2.3319e+00 -2.3049e+00 +1.8017e+00 +4.8473e+00 +3.8200e+00 -3.7456e+00 -1.4893e+00 +9.0729e-01 -6.1746e-01 -3.3449e+00 -1.7239e+00 -1.3800e+00
25 0 +3.871378258e+03 +3.792658258e+03 +3.792658258e+03 -1.1372e+00 +2.5430e+00 -9.9549e-01 +5.6019e-01 -3.9710e+00 +1.1157e+00 +1.5238e+00 +2.8738e+00 -5.9856e-02 +5.2257e-01 +3.1912e+00 +9.5567e-01 +8.5928e+00 -1.3910e+00 -7.0760e-01 +4.5065e-01 -2.3066e+00 -1.3655e+00 -2.6128e+00 +4.0002e+00
