% f evaluations | g evaluations | best noise-free fitness - Fopt (5.661000000000e+01) + sum g_i+ | measured fitness | best measured fitness or single-digit g-values | x1 | x2...
1 0 +2.859133070e+08 +2.859133636e+08 +2.859133636e+08 +0.0000e+00 +0.0000e+00 +0.0000e+00 +0.0000e+00 +0.0000e+00 +0.0000e+00 +0.0000e+00 +0.0000e+00 +0.0000e+00 +0.0000e+00 +0.0000e+00 +0.0000e+00 +0.0000e+00 +0.0000e+00 +0.0000e+00 +0.0000e+00 +0.0000e+00 +0.0000e+00 +0.0000e+00 +0.0000e+00
5 0 +1.225128677e+08 +1.225129244e+08 +1.225129244e+08 -1.9955e-01 -2.1796e+00 -2.7730e+00 +1.9171e+00 -1.1385e+00 -7.7709e-01 +5.9629e-01 -4.8349e+00 +9.4799e-01 -2.7093e+00 +4.5597e+00 -1.1550e+00 +1.0627e+00 -5.4799e-01 -2.5131e+00 -1.0183e+00 +1.3909e+00 +1.6700e+00 -1.2044e-01 -3.7537e+00
79 0 +9.361037128e+07 +9.361042789e+07 +9.361042789e+07 -2.5133e+00 -3.1401e+00 -4.3861e+00 +3.7336e+00 -5.8844e+00 +1.1630e+00 +7.5692e-02 -6.2053e+00 -1.1834e+00 +2.4151e+00 +3.3126e+00 +1.1900e+00 -2.8799e+00 +1.1786e-01 -4.0959e+00 -4.2887e+00 -6.2760e-01 -1.5430e+00 -1.2980e+00 -4.9307e+00
151 0 +9.283608284e+07 +9.283613945e+07 +9.283613945e+07 -4.9867e+00 -5.5189e+00 +1.3024e+00 -5.6714e-02 -6.9308e+00 -1.0423e+00 +1.5010e+00 -4.5772e+00 +4.5534e-01 +1.3393e+00 +4.3198e+00 +2.7389e+00 -2.1613e+00 +3.2952e+00 -2.6978e+00 -8.3462e-01 +1.3646e+00 +2.1675e+00 +3.4816e-01 -3.8593e+00
158 0 +8.732788905e+07 +8.732794566e+07 +8.732794566e+07 -4.1364e+00 -5.0911e+00 -2.3740e+00 +1.7996e+00 -4.3948e+00 -3.2213e+00 +5.3489e-01 -5.6737e+00 +3.5022e+00 -1.0803e+00 +2.6125e+00 +2.5537e+00 -2.7725e+00 +2.7321e+00 -9.4468e-01 -5.4684e-01 +1.9261e+00 +3.9797e+00 +6.6602e-01 -3.7024e+00
170 0 +7.670619385e+07 +7.670625046e+07 +7.670625046e+07 -5.8139e+00 -4.8329e+00 -4.0061e-01 +6.8580e-01 -3.2700e+00 -2.3331e+00 +7.2372e-01 -6.0089e+00 +2.7867e-01 +6.7324e-01 +2.7041e+00 +2.1307e+00 -9.4078e-01 +4.2922e+00 -7.2961e-01 -1.8887e+00 +2.5505e+00 +3.0342e+00 +1.4133e+00 -4.3965e+00
180 0 +6.805399060e+07 +6.805404721e+07 +6.805404721e+07 -5.3805e+00 -4.4978e+00 -3.9282e+00 +1.8071e+00 -2.1534e+00 -2.5885e+00 +1.8918e+00 -3.3998e+00 +1.9524e+00 +4.3805e-01 +3.0267e+00 +3.2975e+00 +4.9164e-01 +1.3274e+00 -1.2224e+00 -1.8759e+00 +4.2622e+00 +4.2055e+00 +2.4445e+00 -4.3572e+00
200 0 +6.054969046e+07 +6.054974707e+07 +6.054974707e+07 -5.9315e+00 -5.2378e+00 -3.6614e+00 +2.7777e+00 -1.8442e+00 -1.8342e+00 +2.0601e+00 -2.2540e+00 -2.0198e+00 +1.8602e+00 +1.8275e+00 +4.9778e+00 -4.9446e-01 +2.0554e+00 -6.5297e-01 -5.7322e-01 +2.7636e+00 +2.4658e+00 +2.4499e+00 -4.1802e+00
209 0 +4.525940265e+07 +4.525945926e+07 +4.525945926e+07 -4.4000e+00 -4.6279e+00 -2.8365e+00 +3.8014e+00 -2.1366e+00 -1.2751e+00 +1.9801e+00 -2.1426e+00 -6.3194e-01 +6.9721e-01 +1.3309e+00 +2.6788e+00 +6.6259e-01 +2.7139e+00 -1.2069e+00 -4.7776e-01 +1.1030e+00 +3.1568e+00 +3.1379e+00 -4.9044e+00
232 0 +4.019113597e+07 +4.019119258e+07 +4.019119258e+07 -4.7352e+00 -3.2295e+00 -2.5562e+00 +7.6151e-01 -2.1689e+00 -9.9004e-02 +9.6729e-01 -5.2286e+00 -2.8964e+00 -5.6002e-02 +3.1360e+00 +2.3077e+00 -1.4325e-01 +2.1861e+00 -1.7817e+00 -1.5919e+00 +1.1752e-01 +2.9692e+00 +2.2061e+00 -4.4043e+00
246 0 +3.803904694e+07 +3.803910355e+07 +3.803910355e+07 -3.5270e+00 -3.7854e+00 -4.4928e+00 +2.8238e+00 -3.6597e+00 -1.3594e+00 +1.7186e+00 -3.4107e+00 -5.0185e-01 +2.1715e+00 +2.0063e+00 +2.0243e+00 +1.8312e+00 +2.4924e+00 -1.8533e+00 -5.6690e-01 +1.8120e+00 +4.2591e+00 +3.3875e+00 -5.8196e+00
247 0 +3.671270744e+07 +3.671276405e+07 +3.671276405e+07 -4.8130e+00 -3.9110e+00 -3.2388e+00 +1.8241e+00 -4.3767e+00 -8.5400e-01 +3.5864e+00 -4.1226e+00 -1.6364e+00 +3.1282e-01 +2.9754e+00 +1.2737e+00 +1.2705e+00 +3.3656e+00 -2.9332e+00 -1.8471e+00 -3.8607e-01 +3.3852e+00 +1.3210e+00 -6.2627e+00
255 0 +2.969470585e+07 +2.969476246e+07 +2.969476246e+07 -2.7833e+00 -2.6745e+00 -1.6272e+00 +1.1645e+00 -2.3723e+00 -6.3704e-01 +2.7366e+00 -3.5669e+00 -3.9895e-01 +2.0420e+00 +2.5037e+00 +2.8177e+00 +2.7225e+00 +1.1199e+00 -1.3698e+00 -1.9563e+00 +3.1414e-01 +2.1255e+00 +8.0504e-01 -4.8624e+00
276 0 +2.893574185e+07 +2.893579846e+07 +2.893579846e+07 -5.1611e+00 -4.5322e+00 -4.4655e+00 +3.9844e+00 -4.0671e+00 -1.6903e+00 +5.7867e-01 -5.9024e+00 -1.6341e+00 +2.2610e+00 +3.1629e+00 +2.4059e+00 -2.3895e-01 +1.7504e+00 -3.6587e+00 -1.4166e+00 -2.5670e-01 +1.6767e+00 +1.0465e+00 -5.2955e+00
278 0 +2.842172704e+07 +2.842178365e+07 +2.842178365e+07 -3.6483e+00 -2.7703e+00 -6.5847e+00 -5.9331e-01 -3.2539e+00 -1.5376e+00 +2.2949e+00 -5.0568e+00 +7.3198e-02 +1.9413e+00 +1.4170e+00 +2.3898e+00 -2.5921e-01 -1.6090e-01 -2.9382e+00 -6.9499e-01 -3.2669e-01 +2.0521e+00 +3.4212e-01 -6.5021e+00
283 0 +2.553387419e+07 +2.553393080e+07 +2.553393080e+07 -5.0741e+00 -3.3639e+00 -2.8467e+00 +1.3081e+00 -2.7157e+00 -1.4027e+00 +2.0689e+00 -4.7994e+00 +3.7729e-01 -3.9783e-01 +2.0043e+00 +2.0869e+00 +1.4183e+00 +5.8589e-01 -2.7498e+00 -5.2751e-01 -1.4910e+00 +2.3974e+00 +7.1055e-01 -5.5835e+00
291 0 +2.263602352e+07 +2.263608013e+07 +2.263608013e+07 -4.9409e+00 -4.3422e+00 -5.0547e+00 +6.2077e-02 -2.8376e+00 -2.3644e+00 +1.9572e+00 -5.9070e+00 +7.6010e-01 +1.7204e+00 +2.5877e+00 +2.5955e+00 +2.2647e+00 +3.4753e-01 -2.6244e+00 -7.1008e-01 +6.8073e-01 +2.3961e+00 +1.0010e+00 -4.7144e+00
295 0 +2.109004102e+07 +2.109009763e+07 +2.109009763e+07 -4.9452e+00 -3.5296e+00 -5.8747e+00 +1.2253e+00 -4.0690e+00 -8.3284e-01 +1.1345e+00 -3.7322e+00 -2.5145e+00 +6.7842e-01 +2.7025e+00 +3.1901e+00 +1.9530e+00 +1.4069e+00 -2.9154e+00 -7.3818e-01 +2.1111e-01 +2.0477e+00 +2.3168e-01 -5.1705e+00
307 0 +1.984970576e+07 +1.984976237e+07 +1.984976237e+07 -5.2259e+00 -3.0102e+00 -3.9811e+00 +3.4203e-01 -3.2676e+00 -1.5008e+00 +1.7805e+00 -4.9005e+00 -2.4936e+00 +2.0034e+00 +2.1007e+00 +2.8239e+00 +2.0626e+00 +1.0777e+00 -1.6980e+00 -8.2092e-01 +1.9217e-01 +1.4612e+00 +1.7671e+00 -4.9651e+00
310 0 +1.858475805e+07 +1.858481466e+07 +1.858481466e+07 -3.3492e+00 -4.6982e+00 -5.5183e+00 +1.9987e+00 -3.2977e+00 -5.8525e-01 +3.8472e+00 -4.2515e+00 -4.0412e-02 +2.5881e+00 +2.5310e+00 +3.6030e+00 +1.5793e+00 +1.7286e+00 -3.6214e+00 -1.8697e-01 -1.2161e+00 +2.8546e+00 -9.0372e-02 -5.4892e+00
321 0 +1.611477104e+07 +1.611482765e+07 +1.611482765e+07 -4.6331e+00 -3.5808e+00 -3.5346e+00 +1.9141e+00 -2.2090e+00 -1.4117e+00 +3.5229e+00 -5.6607e+00 -1.1627e+00 +3.2326e+00 +3.6015e+00 +3.2155e+00 +1.6936e+00 +2.1379e+00 -3.2030e+00 -3.6100e-01 -5.7637e-01 +1.4747e+00 +6.7153e-01 -4.8981e+00
325 0 +1.191446843e+07 +1.191452504e+07 +1.191452504e+07 -3.6590e+00 -4.4148e+00 -3.4681e+00 +7.0981e-01 -3.7107e+00 -1.6145e+00 +2.4886e+00 -3.4747e+00 -1.2530e+00 +2.3305e+00 +3.2432e+00 +2.0815e+00 +1.6383e+00 +1.1055e+00 -1.1915e+00 -1.2386e-01 -4.2867e-01 +2.0835e+00 +8.2728e-01 -4.4142e+00
327 0 +1.029494868e+07 +1.029500529e+07 +1.029500529e+07 -4.3319e+00 -3.1129e+00 -3.7883e+00 +4.3305e-01 -2.8651e+00 -1.6617e+00 +3.5845e+00 -4.3034e+00 -1.6134e+00 +2.6668e+00 +2.8334e+00 +2.7533e+00 +2.7067e+00 +1.9260e+00 -2.7930e+00 +1.7469e-01 -1.8352e-01 +6.9897e-01 -4.0742e-01 -4.9251e+00
351 0 +9.727357816e+06 +9.727414426e+06 +9.727414426e+06 -4.3343e+00 -3.3286e+00 -3.8433e+00 +5.9040e-01 -1.9820e+00 -1.3297e+00 +2.0983e+00 -4.0868e+00 -6.4113e-01 +3.2557e+00 +2.9502e+00 +2.5662e+00 +3.2463e-01 +2.4139e+00 -2.7385e+00 +1.9244e+00 +9.2543e-01 +2.6065e+00 +2.1976e-01 -4.8429e+00
380 0 +6.809839362e+06 +6.809895972e+06 +6.809895972e+06 -3.2136e+00 -2.3466e+00 -3.9791e+00 +1.1419e+00 -2.6804e+00 -1.5086e+00 +2.2603e+00 -3.6794e+00 -1.4969e+00 +8.5266e-01 +2.3151e+00 +1.5824e+00 +1.4049e+00 +1.6454e+00 -2.8422e+00 +1.3282e+00 +5.4078e-01 +2.1788e+00 +1.7072e-01 -5.5014e+00
434 0 +5.137257368e+06 +5.137313978e+06 +5.137313978e+06 -3.7564e+00 -3.3163e+00 -3.3022e+00 +9.5365e-01 -2.9846e+00 -2.3037e+00 +2.8885e+00 -3.3760e+00 -1.4520e+00 +1.2503e+00 +2.2403e+00 +1.7928e+00 +1.8176e+00 +2.1955e+00 -2.9955e+00 +1.6769e+00 -9.7832e-01 +1.7955e+00 -7.3022e-01 -4.2564e+00
436 0 +3.948307422e+06 +3.948364032e+06 +3.948364032e+06 -3.9156e+00 -1.9386e+00 -3.9783e+00 +1.5792e-01 -2.4146e+00 -2.2451e+00 +3.3045e+00 -3.4110e+00 -9.3926e-01 +1.7048e+00 +3.1841e+00 +2.1475e+00 +1.5965e+00 +1.4636e+00 -2.7817e+00 +9.9805e-01 -4.1316e-01 +3.1836e+00 +8.2314e-02 -4.5206e+00
448 0 +2.906912437e+06 +2.906969047e+06 +2.906969047e+06 -3.8912e+00 -2.8678e+00 -3.4707e+00 +9.0996e-01 -3.4609e+00 -2.5197e+00 +3.0608e+00 -4.1084e+00 -1.6082e+00 +1.9112e+00 +3.3523e+00 +2.5271e+00 +1.8007e+00 +2.1672e+00 -3.2510e+00 +2.5610e+00 -8.9331e-01 +2.3334e+00 +2.0608e-02 -4.2086e+00
