% f evaluations | g evaluations | best noise-free fitness - Fopt (3.718000000000e+01) + sum g_i+ | measured fitness | best measured fitness or single-digit g-values | x1 | x2...
1 0 +1.574854264e+01 +5.292854264e+01 +5.292854264e+01 +0.0000e+00 +0.0000e+00 +0.0000e+00 +0.0000e+00 +0.0000e+00 +0.0000e+00 +0.0000e+00 +0.0000e+00 +0.0000e+00 +0.0000e+00 +0.0000e+00 +0.0000e+00 +0.0000e+00 +0.0000e+00 +0.0000e+00 +0.0000e+00 +0.0000e+00 +0.0000e+00 +0.0000e+00 +0.0000e+00
9 0 +1.524691603e+01 +5.242691603e+01 +5.242691603e+01 -1.7451e-01 +1.4180e+00 -9.2788e-01 +2.8384e+00 -2.2020e-01 -1.4613e+00 +5.2668e+00 -1.0270e+00 +7.8093e-01 -1.6210e+00 +7.8838e-01 -2.0056e+00 -4.0482e+00 +1.8074e+00 +1.6815e+00 +1.9488e+00 -9.7958e-01 -1.9791e+00 -2.6632e+00 +4.8366e-01
14 0 +1.479290420e+01 +5.197290420e+01 +5.197290420e+01 -4.1777e-01 +1.3470e+00 +1.7355e+00 -1.0297e+00 -1.8369e+00 +1.9564e+00 +2.2390e+00 +4.5221e-01 +9.9460e-02 -4.8481e-01 +1.8968e+00 +1.3803e-01 -4.0237e+00 +8.4897e-02 +1.5666e+00 +3.7890e+00 -1.4289e-01 -1.2757e+00 -3.6845e+00 -7.7238e-01
17 0 +1.407188535e+01 +5.125188535e+01 +5.125188535e+01 -7.2313e-01 -3.0456e-02 -3.6811e-01 +2.0846e-01 -2.3587e-01 -8.0609e-02 +1.8773e+00 +1.6287e+00 +5.4329e-01 +1.4278e-01 +8.3698e-01 -3.7071e+00 -1.7692e+00 +1.2879e+00 +1.5731e+00 -3.3777e+00 +2.0342e+00 -1.7329e+00 -4.2207e+00 +2.2851e+00
36 0 +1.090143570e+01 +4.808143570e+01 +4.808143570e+01 -2.9249e+00 +1.4628e+00 +2.4132e+00 +1.4021e+00 -1.8241e+00 +9.5463e-01 +2.1064e+00 -2.6431e+00 +3.6113e+00 +2.9884e+00 -8.0722e-01 -1.2008e+00 +1.5631e+00 +1.8914e+00 +2.2826e+00 -1.9469e+00 +2.2883e+00 -2.9074e-01 -2.9453e+00 +9.9161e-02
38 0 +9.870041408e+00 +4.705004141e+01 +4.705004141e+01 -1.5239e+00 +1.9648e+00 -1.7712e+00 -8.1490e-01 -2.8354e+00 -1.5079e+00 +4.9796e-01 +2.8959e-01 -1.4346e-01 +1.0182e+00 -1.1712e+00 -2.4215e+00 -3.3356e-01 -2.7025e-01 +4.2880e+00 -2.3446e+00 +1.5519e+00 -2.6343e+00 -3.1000e+00 +7.9033e-01
91 0 +9.353856200e+00 +4.653385620e+01 +4.653385620e+01 -4.5810e+00 -6.1873e-01 -1.4811e+00 -8.9305e-01 -3.2296e+00 +1.5254e+00 -7.2520e-02 +2.2348e+00 -2.0691e+00 +9.5413e-01 +9.7951e-01 -2.8122e+00 -1.0255e-01 +1.3639e+00 +1.5484e+00 +1.6340e+00 +2.0493e+00 -1.1592e+00 -2.1857e+00 -3.4513e-01
136 0 +8.611305287e+00 +4.579130529e+01 +4.579130529e+01 -4.0505e+00 +3.3763e-01 +3.9590e-02 +2.6208e-01 -2.8101e+00 -2.6318e+00 +8.5091e-01 +8.2012e-01 -3.0931e+00 +5.6261e-01 -1.7140e+00 -9.2616e-01 +2.2127e+00 +9.0876e-01 +2.2294e+00 +1.2602e+00 +1.2813e+00 -4.2956e-01 -4.0093e+00 +9.0060e-01
138 0 +8.229188963e+00 +4.540918896e+01 +4.540918896e+01 -5.1122e+00 +1.4607e+00 -1.5707e+00 +1.2714e+00 -2.2896e+00 +5.6154e-01 +2.5707e+00 +2.5584e+00 -6.5293e-01 +3.1134e-01 +1.3223e-01 -2.5270e+00 +1.1946e+00 +1.2144e+00 +2.8201e+00 +1.0967e+00 +2.0191e+00 -1.7774e+00 -3.0378e+00 +8.0194e-01
