% f evaluations | g evaluations | best noise-free fitness - Fopt (7.135000000000e+01) + sum g_i+ | measured fitness | best measured fitness or single-digit g-values | x1 | x2...
1 0 +1.036745178e+02 +1.750245178e+02 +1.750245178e+02 +0.0000e+00 +0.0000e+00 +0.0000e+00 +0.0000e+00 +0.0000e+00 +0.0000e+00 +0.0000e+00 +0.0000e+00 +0.0000e+00 +0.0000e+00
2 0 +7.676779800e+01 +1.481177980e+02 +1.481177980e+02 +2.7467e+00 -2.4167e-02 -8.8995e-01 -7.5533e-01 +2.4750e+00 +4.5836e+00 -7.0793e-01 +1.3994e+00 +1.8508e+00 -4.8682e-01
3 0 +7.207724850e+01 +1.434272485e+02 +1.434272485e+02 -8.8723e-02 +9.9092e-01 -2.4251e+00 +6.2465e-01 +2.9195e-01 -4.5555e+00 -5.9041e-01 +1.9496e+00 +3.9103e+00 -3.1962e+00
4 0 +6.720503007e+01 +1.385550301e+02 +1.385550301e+02 -2.7739e+00 -8.4921e-01 +3.0591e+00 +7.3282e-01 +1.2314e+00 -1.6309e+00 +6.3450e-01 -2.3681e-01 +7.6122e-01 -5.8693e-01
7 0 +5.642030757e+01 +1.277703076e+02 +1.277703076e+02 +2.0932e+00 +1.8361e+00 +1.0535e+00 -2.5531e+00 -6.0558e-01 -1.8458e+00 -2.8995e+00 -1.4894e+00 -3.0225e+00 +9.9889e-02
8 0 +5.323514321e+01 +1.245851432e+02 +1.245851432e+02 -4.8712e-01 +5.6203e+00 +8.4484e-01 +2.6895e+00 +6.4711e-01 +1.0678e+00 +2.5100e+00 +1.5145e+00 -2.3822e+00 +3.2164e+00
9 0 +3.271890429e+01 +1.040689043e+02 +1.040689043e+02 -2.9454e+00 +1.5372e+00 -1.4349e+00 +3.7860e+00 -5.3133e-03 +9.4774e-01 -2.5684e+00 +1.1634e+00 -1.1919e+00 +2.1483e+00
% f evaluations | g evaluations | best noise-free fitness - Fopt (-3.552200000000e+02) + sum g_i+ | measured fitness | best measured fitness or single-digit g-values | x1 | x2...
1 0 +6.391850572e+01 -2.913014943e+02 -2.913014943e+02 +0.0000e+00 +0.0000e+00 +0.0000e+00 +0.0000e+00 +0.0000e+00 +0.0000e+00 +0.0000e+00 +0.0000e+00 +0.0000e+00 +0.0000e+00
3 0 +5.247338662e+01 -3.027466134e+02 -3.027466134e+02 +3.9407e-01 +1.9650e-02 -2.7162e+00 +3.1178e+00 +2.3854e+00 +3.8640e+00 +2.2550e+00 -3.2720e-01 +2.2214e+00 +9.7603e-06
16 0 +2.053679159e+01 -3.346832084e+02 -3.346832084e+02 +4.2113e+00 +3.2382e-01 -1.0763e+00 +2.5222e+00 +2.3500e+00 +3.0311e+00 -4.6788e-02 +2.2203e+00 +3.5460e+00 -4.3225e+00
% f evaluations | g evaluations | best noise-free fitness - Fopt (9.917000000000e+01) + sum g_i+ | measured fitness | best measured fitness or single-digit g-values | x1 | x2...
1 0 +1.270454043e+02 +2.262154043e+02 +2.262154043e+02 +0.0000e+00 +0.0000e+00 +0.0000e+00 +0.0000e+00 +0.0000e+00 +0.0000e+00 +0.0000e+00 +0.0000e+00 +0.0000e+00 +0.0000e+00
2 0 +6.669036440e+01 +1.658603644e+02 +1.658603644e+02 -1.7054e+00 +1.5853e+00 +2.2235e+00 +1.2907e+00 -7.4778e-01 -2.2111e+00 +6.4771e-01 -2.1522e+00 +6.8504e-01 +1.1503e+00
3 0 +3.016157691e+01 +1.293315769e+02 +1.293315769e+02 +2.4470e+00 +9.9409e-01 +2.3399e+00 -4.6660e-02 +1.8038e+00 -5.6138e-02 -1.0029e-01 +4.7757e-01 -9.3265e-01 +1.7615e+00
% f evaluations | g evaluations | best noise-free fitness - Fopt (-5.179100000000e+02) + sum g_i+ | measured fitness | best measured fitness or single-digit g-values | x1 | x2...
1 0 +9.741515579e+01 -4.204948442e+02 -4.204948442e+02 +0.0000e+00 +0.0000e+00 +0.0000e+00 +0.0000e+00 +0.0000e+00 +0.0000e+00 +0.0000e+00 +0.0000e+00 +0.0000e+00 +0.0000e+00
2 0 +7.792285231e+01 -4.399871477e+02 -4.399871477e+02 -2.2426e+00 -4.9232e-01 +6.7755e-01 -7.6417e-01 -2.4393e+00 +2.2944e+00 -2.6351e+00 -3.1575e+00 -2.8723e+00 -4.7514e-01
4 0 +7.584352693e+01 -4.420664731e+02 -4.420664731e+02 -3.3642e+00 -2.4594e+00 -1.8718e+00 -3.9681e+00 +3.9315e-01 -1.1608e+00 -1.9043e-02 -2.7528e+00 +2.5753e-01 -1.2857e+00
5 0 +7.139726213e+01 -4.465127379e+02 -4.465127379e+02 +2.1573e+00 -1.8020e+00 +2.6036e-01 -5.2529e-01 +1.3658e+00 +2.2591e+00 -2.9762e+00 -5.2336e-01 -3.2174e+00 +3.6083e+00
6 0 +6.671596936e+01 -4.511940306e+02 -4.511940306e+02 +1.8937e+00 +2.0694e+00 +2.4347e+00 -3.1868e+00 +1.7753e+00 -1.2001e-01 -3.9254e-01 +7.8301e-01 +1.0147e+00 -1.2110e+00
9 0 +5.314548923e+01 -4.647645108e+02 -4.647645108e+02 -8.7192e-01 -1.7756e+00 +2.4516e+00 +1.2935e-02 -6.4330e-01 -5.9353e-01 -1.2528e+00 +2.1087e+00 +4.3117e+00 +1.7352e+00
13 0 +5.115415731e+01 -4.667558427e+02 -4.667558427e+02 +4.3858e+00 -7.2220e-01 +1.4487e+00 -1.0917e+00 +2.4368e+00 -1.4873e+00 -2.2040e+00 +3.7786e-02 +4.2453e+00 +2.9095e+00
19 0 +4.904974162e+01 -4.688602584e+02 -4.688602584e+02 -1.2248e+00 -4.7278e+00 -5.7762e-01 -9.3652e-01 -3.1367e+00 -2.3650e-01 -2.3025e+00 +9.9911e-01 +8.0874e-01 +2.3785e+00
23 0 +3.686274628e+01 -4.810472537e+02 -4.810472537e+02 -1.1652e+00 +4.5858e-01 +1.8029e+00 -1.5379e+00 -1.5070e+00 -2.8873e-01 +5.0905e-01 +3.6768e-01 +2.0754e+00 -5.2931e-01
% f evaluations | g evaluations | best noise-free fitness - Fopt (-5.721000000000e+01) + sum g_i+ | measured fitness | best measured fitness or single-digit g-values | x1 | x2...
1 0 +7.559257783e+01 +1.838257783e+01 +1.838257783e+01 +0.0000e+00 +0.0000e+00 +0.0000e+00 +0.0000e+00 +0.0000e+00 +0.0000e+00 +0.0000e+00 +0.0000e+00 +0.0000e+00 +0.0000e+00
4 0 +6.600341662e+01 +8.793416624e+00 +8.793416624e+00 -9.2245e-01 +1.7776e+00 -3.4151e-01 +2.7695e+00 -2.3610e-01 +3.9293e-01 -1.7087e+00 -9.9772e-01 -4.0204e-01 -2.9904e+00
14 0 +5.430756953e+01 -2.902430473e+00 -2.902430473e+00 -6.5428e+00 +1.1554e+00 -6.8429e-01 +1.9191e+00 +5.3901e-01 +4.3449e-01 -3.3251e+00 -2.6826e+00 +1.4336e-01 -3.3433e+00
17 0 +4.201219753e+01 -1.519780247e+01 -1.519780247e+01 -3.8628e+00 +1.2612e+00 -2.1371e-01 +1.6893e+00 +2.0430e+00 +8.2505e-01 +7.6826e-01 -3.0738e+00 -1.1581e+00 -2.7219e+00
