% f evaluations | g evaluations | best noise-free fitness - Fopt (-3.708400000000e+02) + sum g_i+ | measured fitness | best measured fitness or single-digit g-values | x1 | x2...
1 0 +7.714978743e+01 -2.936902126e+02 -2.936902126e+02 +0.0000e+00 +0.0000e+00 +0.0000e+00 +0.0000e+00 +0.0000e+00 +0.0000e+00 +0.0000e+00 +0.0000e+00 +0.0000e+00 +0.0000e+00 +0.0000e+00 +0.0000e+00 +0.0000e+00 +0.0000e+00 +0.0000e+00 +0.0000e+00 +0.0000e+00 +0.0000e+00 +0.0000e+00 +0.0000e+00
3 0 +7.583794459e+01 -2.950020554e+02 -2.950020554e+02 +7.7660e-01 -4.8128e-01 -1.8618e+00 -5.8950e-02 +5.6200e-01 +1.3949e+00 -3.6627e+00 +1.4562e+00 -1.8545e+00 -1.2459e+00 +7.1053e-01 -2.2122e+00 -4.0326e-01 +1.1141e+00 +2.0520e+00 +4.2480e+00 +4.8303e+00 -2.4263e+00 +1.4660e+00 -1.9008e+00
114 0 +7.209327319e+01 -2.987467268e+02 -2.987467268e+02 +4.7566e-01 -1.3993e+00 -1.9044e+00 +6.1995e-01 +8.6298e-01 +1.2286e+00 +1.2108e+00 +2.4244e+00 -4.1299e+00 +3.4975e+00 -7.1883e-01 +7.4710e-02 +5.2254e-01 +7.8782e-01 -2.6290e+00 +4.4201e+00 +1.5419e+00 -3.1927e+00 -2.7007e+00 +2.1648e+00
126 0 +6.806388316e+01 -3.027761168e+02 -3.027761168e+02 +1.0674e+00 -1.9498e+00 -2.6417e+00 +2.4908e+00 +2.6047e+00 +2.1979e+00 -5.2694e-01 +3.7939e+00 -3.3633e+00 +5.5735e+00 -1.2448e+00 +4.7191e-01 +2.5790e+00 +4.5733e-01 -2.9182e+00 +5.1698e+00 +1.1199e+00 -2.8415e+00 -5.2856e+00 +2.8766e+00
154 0 +6.606766410e+01 -3.047723359e+02 -3.047723359e+02 +1.4079e+00 -9.7853e-01 -1.4232e+00 +3.2215e+00 +2.7624e+00 +1.9580e+00 -6.7086e-01 +2.0978e+00 -3.2684e+00 +5.5582e+00 +1.1834e+00 +2.2276e+00 +3.0649e+00 +1.5585e+00 -1.2219e+00 +5.6426e+00 +2.0544e+00 -1.0090e+00 -3.8028e+00 +2.5608e+00
167 0 +5.754961104e+01 -3.132903890e+02 -3.132903890e+02 -1.2286e-01 -9.5065e-01 +2.0684e-01 +3.4821e+00 +4.0941e+00 +1.3946e+00 +2.3651e+00 +1.6601e+00 -1.8089e+00 +5.1663e+00 -1.1557e+00 -5.9271e-03 +3.0054e+00 +2.5620e+00 -7.6507e-01 +6.4939e+00 +1.6035e-01 -1.5145e-02 -1.2330e+00 +2.1877e+00
178 0 +5.015567580e+01 -3.206843242e+02 -3.206843242e+02 -3.9361e-01 -9.3114e-01 -1.1561e+00 +3.7225e+00 +4.3863e+00 +2.3760e+00 -1.5683e-01 +1.8569e+00 -3.3522e+00 +3.9058e+00 -1.7539e-01 +3.8546e-01 +2.6408e+00 +1.9218e+00 -3.3932e+00 +3.8816e+00 -1.4966e+00 -1.5123e+00 -3.6682e+00 +4.9624e+00
197 0 +4.542240538e+01 -3.254175946e+02 -3.254175946e+02 +1.5735e+00 -3.1360e+00 -1.3786e+00 +4.7179e+00 +2.3411e+00 +6.0300e-01 +3.6729e-01 +3.3982e+00 -1.9339e+00 +3.4037e+00 +1.1905e+00 -1.3901e+00 +2.7687e+00 +2.7085e+00 -1.8019e+00 +4.3017e+00 +1.0577e+00 -1.5822e+00 -1.5511e+00 +5.6305e+00
204 0 +4.275815570e+01 -3.280818443e+02 -3.280818443e+02 +4.2119e-01 -1.3424e+00 -4.8112e-01 +3.7046e+00 +4.0016e+00 +1.4557e-01 +1.6308e+00 +2.3603e+00 -4.3422e+00 +4.9280e+00 +1.7762e-01 +6.9147e-01 +3.3042e+00 +1.7690e+00 -3.4169e+00 +3.4271e+00 -2.3905e+00 -1.3911e+00 -4.5388e+00 +5.9771e+00
