% f evaluations | g evaluations | best noise-free fitness - Fopt (-9.209000000000e+01) + sum g_i+ | measured fitness | best measured fitness or single-digit g-values | x1 | x2...
1 0 +8.959149731e+06 +8.959057641e+06 +8.959057641e+06 +0.0000e+00 +0.0000e+00 +0.0000e+00 +0.0000e+00 +0.0000e+00 +0.0000e+00 +0.0000e+00 +0.0000e+00 +0.0000e+00 +0.0000e+00 +0.0000e+00 +0.0000e+00 +0.0000e+00 +0.0000e+00 +0.0000e+00 +0.0000e+00 +0.0000e+00 +0.0000e+00 +0.0000e+00 +0.0000e+00
15 0 +8.652162959e+06 +8.652070869e+06 +8.652070869e+06 +6.9409e-02 +4.1709e-01 +2.2677e+00 -3.3725e+00 -3.4113e-01 -2.2601e+00 -2.5347e+00 -4.1004e+00 +3.3181e-01 -1.1207e+00 +2.2250e+00 -1.2640e+00 +6.4513e-01 -2.4270e+00 -2.0494e+00 +1.5403e+00 -2.1793e+00 -8.5517e-01 +8.0925e-01 +2.0700e-01
19 0 +6.978184386e+06 +6.978092296e+06 +6.978092296e+06 -2.1042e+00 +6.6255e-02 +3.6577e+00 -2.2817e+00 +1.0848e+00 -4.8128e+00 +9.7153e-02 -5.0577e-01 -6.7047e-02 -6.7547e-01 +1.3659e+00 +4.4202e+00 -2.3299e+00 -5.0598e+00 -2.8024e+00 -1.0463e+00 -2.5057e+00 +6.4310e-01 +1.1027e+00 +4.3600e-01
22 0 +6.865675625e+06 +6.865583535e+06 +6.865583535e+06 +8.8644e-01 -3.6641e-01 +2.1357e-01 -5.2071e+00 +1.4277e+00 -1.1855e+00 +3.1026e+00 -3.2582e+00 +6.4073e+00 +4.0710e-01 +1.8572e+00 -2.1829e+00 +6.4917e-01 -2.3920e+00 -1.1252e+00 +7.4642e-01 +9.3523e-01 +1.7775e-01 +2.3677e+00 -2.1605e+00
29 0 +6.236916574e+06 +6.236824484e+06 +6.236824484e+06 +6.4759e-01 +3.2283e+00 +3.8091e+00 -1.4138e+00 -3.9710e-01 -4.8146e+00 -1.7941e+00 -1.9874e+00 +3.8774e+00 -2.1793e+00 +2.2501e-01 +4.5827e-01 +1.2538e+00 -1.1122e+00 -2.8102e+00 +4.0661e+00 +5.8364e-02 +6.9759e-01 +2.8383e+00 -1.9545e+00
30 0 +4.635590483e+06 +4.635498393e+06 +4.635498393e+06 +1.5932e+00 +1.8443e+00 +1.1138e+00 -5.2582e+00 -7.5144e-01 +5.1025e+00 +3.3515e+00 -2.0201e+00 +7.4595e-01 -7.4858e-01 +3.5135e+00 -9.8458e-01 -4.9120e-01 -2.7844e+00 -2.4781e+00 -3.2926e+00 +2.3184e-01 +2.2824e+00 +1.3664e+00 -1.7222e+00
49 0 +2.020467979e+06 +2.020375889e+06 +2.020375889e+06 -9.9285e-01 +2.4890e+00 +1.6111e+00 -4.2586e+00 +1.7808e+00 +1.9774e+00 +4.0543e+00 -2.6405e+00 +5.9947e-01 +6.9324e-01 +2.3891e+00 -4.4285e+00 -3.9845e-01 -4.0059e+00 +2.2230e+00 -1.9420e+00 -2.2533e+00 +2.0602e+00 +1.8384e+00 -8.2326e-01
85 0 +1.718924970e+06 +1.718832880e+06 +1.718832880e+06 +3.8216e+00 +2.1740e+00 +4.5474e+00 -5.6295e+00 +4.7158e+00 +2.6970e+00 +5.9606e+00 -5.4078e+00 +7.0619e-01 -2.0212e+00 +1.5165e+00 -2.0966e-01 +9.8247e-01 -3.6449e+00 +1.1963e+00 -5.0817e-01 -4.3976e+00 +3.1291e+00 +4.7710e-01 -1.3166e+00
126 0 +1.204118807e+06 +1.204026717e+06 +1.204026717e+06 +2.0459e+00 +3.2574e+00 +3.2069e+00 -9.8511e+00 -2.4289e-01 +3.0795e+00 -6.4041e-01 -6.3613e+00 +1.6047e+00 +4.5109e+00 +6.7421e+00 -2.0824e+00 -6.4375e-02 -2.4187e+00 +4.8363e+00 -3.0675e+00 -3.2480e+00 +3.8905e+00 +1.5025e+00 -1.6715e+00
156 0 +1.092064586e+06 +1.091972496e+06 +1.091972496e+06 +2.0493e+00 +2.4835e+00 -1.8673e+00 -7.7266e+00 -1.2404e+00 +4.9191e+00 -2.0711e-01 -8.8789e+00 +9.1130e+00 -5.3046e-01 +7.1678e+00 -1.0195e+00 +8.0926e+00 -7.6707e-01 +3.7245e-01 +5.3566e-01 -2.8668e+00 +3.8647e+00 +1.8257e+00 -1.2089e+00
195 0 +9.859782612e+05 +9.858861712e+05 +9.858861712e+05 +6.0117e+00 +6.0213e+00 +1.3500e+00 -8.2627e+00 -1.7549e-01 +3.0696e+00 +1.2282e+00 -1.2927e+01 +4.7449e+00 -2.3606e+00 +1.9200e+00 +1.6004e+00 +7.0735e+00 -2.0394e+00 +2.4901e+00 +4.0047e-01 -3.3046e+00 +2.8161e+00 +1.4049e+00 -1.4653e+00
202 0 +9.562142480e+05 +9.561221580e+05 +9.561221580e+05 +4.4017e+00 +1.6311e+00 -3.2908e-02 -9.9925e+00 +3.8502e-01 +3.7273e+00 +2.9247e+00 -1.3045e+01 +7.2699e+00 -2.0588e+00 +1.7255e+00 -1.0747e+00 +5.2056e+00 -2.3339e+00 +3.8759e+00 +2.0400e+00 -3.6586e+00 +3.6744e+00 +9.9357e-01 -1.4804e+00
210 0 +8.176119016e+05 +8.175198116e+05 +8.175198116e+05 +4.7800e+00 +2.9167e+00 -5.7441e+00 -9.7298e+00 -2.4053e+00 +7.7199e+00 +4.2297e+00 -1.1770e+01 +9.1044e+00 +1.6414e+00 +3.9801e+00 -1.7884e+00 +6.6916e+00 -6.9076e-01 +4.6309e+00 -1.0274e+00 -4.2711e+00 +3.9034e+00 +1.9813e+00 -1.5393e+00
248 0 +6.058737667e+05 +6.057816767e+05 +6.057816767e+05 +1.5253e+00 +7.2886e+00 +2.2277e+00 -8.7860e+00 -1.1024e+00 +9.4855e+00 -1.1990e+00 -1.2586e+01 +4.8667e+00 -1.5134e+00 +3.3406e+00 -1.5802e+00 +3.8882e+00 -3.1534e+00 +3.0836e+00 -3.8728e-01 -4.3110e+00 +3.4848e+00 +1.8606e+00 -1.2221e+00
273 0 +5.198040073e+05 +5.197119173e+05 +5.197119173e+05 +1.5216e+00 +7.9230e+00 -3.3384e+00 -5.1921e+00 -5.5909e-02 +5.4442e+00 -4.4030e+00 -1.0684e+01 +6.5397e+00 +2.2301e+00 +2.9831e+00 -2.8841e+00 -6.8832e-02 -1.9452e+00 +3.2044e+00 +2.1601e+00 -2.8245e+00 +3.0226e+00 +1.7940e+00 -1.5448e+00
301 0 +3.837737148e+05 +3.836816248e+05 +3.836816248e+05 -5.4590e-01 +4.5818e+00 -4.8788e+00 -4.7231e+00 -1.9237e+00 +1.0671e+01 -1.8670e+00 -1.1374e+01 +6.7386e+00 +1.5154e+00 +5.3260e+00 -1.2435e+00 +1.1638e+00 -2.9510e+00 +2.9337e+00 +1.1508e+00 -3.5351e+00 +3.5768e+00 +1.5215e+00 -1.2355e+00
315 0 +3.245391946e+05 +3.244471046e+05 +3.244471046e+05 -4.9915e-01 +6.1316e+00 -4.1395e+00 -2.0162e+00 -1.6116e+00 +1.2916e+01 -5.2264e+00 -9.0470e+00 +4.5309e+00 +1.1379e+00 +4.6569e+00 +5.0891e-01 -1.2840e+00 -3.0513e+00 +3.2693e+00 +1.5151e+00 -3.3208e+00 +3.6745e+00 +1.6285e+00 -1.3236e+00
338 0 +2.184671391e+05 +2.183750491e+05 +2.183750491e+05 -1.0578e+00 +7.7245e+00 +2.6307e-01 -4.1700e+00 -2.9399e+00 +1.0703e+01 -4.5960e+00 -1.0471e+01 +4.5003e+00 -7.1829e-01 +4.7992e+00 -4.0248e-01 -1.6705e-01 -8.2015e-01 +5.5505e+00 +5.2955e-01 -3.3922e+00 +3.4793e+00 +1.7637e+00 -1.3126e+00
387 0 +2.085264965e+05 +2.084344065e+05 +2.084344065e+05 -2.8013e+00 +8.7220e+00 -3.8286e+00 -4.3274e+00 -3.1640e+00 +1.0534e+01 -1.9628e+00 -1.0055e+01 +6.3631e+00 -1.7875e+00 +4.3245e+00 -3.1288e+00 -2.2092e+00 -1.2173e+00 +3.2425e+00 +1.1394e+00 -3.7690e+00 +3.3669e+00 +2.0866e+00 -1.5162e+00
392 0 +1.292477964e+05 +1.291557064e+05 +1.291557064e+05 -4.2280e+00 +8.0052e+00 -9.1056e-02 +2.0631e-01 -5.2607e+00 +1.1830e+01 -4.4186e+00 -6.9595e+00 +5.1639e+00 +2.2995e+00 +4.7404e+00 -1.1754e+00 -4.4311e+00 -8.8250e-01 +4.4919e+00 +6.3495e-01 -4.1366e+00 +3.6949e+00 +1.9066e+00 -1.4141e+00
428 0 +8.243194291e+04 +8.233985291e+04 +8.233985291e+04 -7.6151e+00 +1.1769e+01 -1.4957e+00 -2.1757e+00 -4.3326e+00 +6.4718e+00 -7.7355e+00 -6.3341e+00 +4.7755e+00 -3.4923e+00 +4.3003e+00 +1.2483e+00 -1.9458e+00 +1.3544e+00 +4.0158e+00 +3.6657e-01 -3.8414e+00 +3.6823e+00 +1.8121e+00 -1.3904e+00
